File: C:\MED-PC IV\Data\Tarun\RM-B12_RM036\postBaseplate\R19\S01_R19_FR1_20s_100trials


Start Date: 06/17/17
End Date: 06/17/17
Subject: 19
Experiment: 0
Group: 0
Box: 1
Start Time:  9:29:05
End Time: 11:59:54
MSN: MiniScope_FR1-3p_100trials_05222017
A:       0.000
E:       0.000
J:     101.000
N:       0.000
O:       0.000
Q:       0.000
S:       0.000
T:    9015.000
U:       0.000
B:
     0:        0.000       10.000       10.000       15.000       20.000
     5:       20.000       20.000       10.000       15.000      100.000
    10:        1.000        3.000       15.000        0.010        1.000
    15:        0.000        0.000        5.000       20.000        5.000
C:
     0:      100.000       99.000      161.000        8.000        0.838
     5:        0.000      297.000       99.000       14.000        0.838
    10:        0.000     2098.000      305.000        0.000       15.020
    15:        1.000        1.000        2.000        0.000        2.670
    20:        1.000        3.000        1.000        0.000        2.670
    25:        1.000        8.000        9.000        0.000       16.000
    30:        2.000        1.000        2.000        2.000        1.430
    35:        2.000        3.000        1.000        3.000        1.430
    40:        2.000       40.000       35.000        0.000       16.000
    45:        3.000        1.000        2.000        0.000        0.910
    50:        3.000        3.000        1.000        1.000        0.910
    55:        3.000       30.000        0.000        0.000       15.000
    60:        4.000        1.000        3.000        0.000        0.340
    65:        4.000        3.000        1.000        0.000        0.340
    70:        4.000       26.000        7.000        0.000       14.000
    75:        5.000        1.000        2.000        0.000        0.560
    80:        5.000        3.000        1.000        1.000        0.560
    85:        5.000       40.000        2.000        0.000       14.000
    90:        6.000        1.000        2.000        0.000        0.510
    95:        6.000        3.000        1.000        3.000        0.510
   100:        6.000       44.000        1.000        0.000       17.000
   105:        7.000        1.000        2.000        0.000        1.180
   110:        7.000        3.000        1.000        2.000        1.180
   115:        7.000       69.000       43.000        0.000       14.000
   120:        8.000        1.000        2.000        5.000        0.410
   125:        8.000        3.000        1.000        0.000        0.410
   130:        8.000       31.000       13.000        0.000       12.000
   135:        9.000        1.000        2.000        0.000        0.310
   140:        9.000        3.000        1.000        0.000        0.310
   145:        9.000       34.000        4.000        0.000       14.000
   150:       10.000        1.000        1.000        0.000        0.630
   155:       10.000        3.000        1.000        0.000        0.630
   160:       10.000       46.000        4.000        0.000       18.000
   165:       11.000        1.000        1.000        0.000        0.360
   170:       11.000        3.000        1.000        0.000        0.360
   175:       11.000       38.000        9.000        0.000       12.000
   180:       12.000        1.000        1.000        0.000        0.340
   185:       12.000        3.000        1.000        0.000        0.340
   190:       12.000       30.000        6.000        0.000       16.000
   195:       13.000        1.000        1.000        0.000        0.340
   200:       13.000        3.000        1.000        0.000        0.340
   205:       13.000       54.000        7.000        0.000       17.000
   210:       14.000        1.000        1.000        0.000        0.660
   215:       14.000        3.000        1.000        0.000        0.660
   220:       14.000       60.000       11.000        0.000       16.000
   225:       15.000        1.000        1.000        0.000        0.270
   230:       15.000        3.000        1.000        0.000        0.270
   235:       15.000       40.000        2.000        0.000       16.000
   240:       16.000        1.000        1.000        0.000        0.200
   245:       16.000        3.000        1.000        0.000        0.200
   250:       16.000       26.000        3.000        0.000       17.000
   255:       17.000        1.000        3.000        0.000        1.070
   260:       17.000        3.000        1.000        0.000        1.070
   265:       17.000       31.000        4.000        0.000       16.000
   270:       18.000        1.000        1.000        0.000        3.460
   275:       18.000        3.000        1.000        0.000        3.460
   280:       18.000       25.000        9.000        0.000       17.000
   285:       19.000        1.000        1.000        0.000        0.450
   290:       19.000        3.000        1.000        0.000        0.450
   295:       19.000       20.000        0.000        0.000       18.000
   300:       20.000        1.000        1.000        0.000        0.300
   305:       20.000        3.000        1.000        0.000        0.300
   310:       20.000       15.000        0.000        0.000       18.000
   315:       21.000        1.000        1.000        0.000        0.960
   320:       21.000        3.000        1.000        0.000        0.960
   325:       21.000       21.000        1.000        0.000       19.000
   330:       22.000        1.000        1.000        0.000        0.240
   335:       22.000        3.000        1.000        0.000        0.240
   340:       22.000       13.000        2.000        0.000       16.000
   345:       23.000        1.000        2.000        1.000        0.220
   350:       23.000        3.000        1.000        0.000        0.220
   355:       23.000       16.000        3.000        0.000       15.000
   360:       24.000        1.000        1.000        0.000        0.260
   365:       24.000        3.000        1.000        0.000        0.260
   370:       24.000       13.000        6.000        0.000       14.000
   375:       25.000        1.000        1.000        0.000        1.110
   380:       25.000        3.000        1.000        0.000        1.110
   385:       25.000       21.000        5.000        0.000       19.000
   390:       26.000        1.000        3.000        0.000        0.180
   395:       26.000        3.000        1.000        1.000        0.180
   400:       26.000       25.000        6.000        0.000       18.000
   405:       27.000        1.000        1.000        0.000        0.470
   410:       27.000        3.000        1.000        0.000        0.470
   415:       27.000       25.000        2.000        0.000       13.000
   420:       28.000        1.000        2.000        0.000        0.640
   425:       28.000        3.000        1.000        1.000        0.640
   430:       28.000       14.000        7.000        0.000       13.000
   435:       29.000        1.000        1.000        0.000        0.410
   440:       29.000        3.000        1.000        0.000        0.410
   445:       29.000       27.000        3.000        0.000       15.000
   450:       30.000        1.000        1.000        0.000        0.390
   455:       30.000        3.000        1.000        0.000        0.390
   460:       30.000       31.000        3.000        0.000       15.000
   465:       31.000        1.000        2.000        0.000        0.190
   470:       31.000        3.000        1.000        0.000        0.190
   475:       31.000       20.000        2.000        0.000       16.000
   480:       32.000        1.000        2.000        0.000        0.240
   485:       32.000        3.000        1.000        0.000        0.240
   490:       32.000       22.000        1.000        0.000       14.000
   495:       33.000        1.000        2.000        0.000        0.370
   500:       33.000        3.000        1.000        0.000        0.370
   505:       33.000       30.000       10.000        0.000       16.000
   510:       34.000        1.000        1.000        0.000        0.220
   515:       34.000        3.000        1.000        0.000        0.220
   520:       34.000       29.000       14.000        0.000       19.000
   525:       35.000        1.000        1.000        0.000        0.150
   530:       35.000        3.000        1.000        0.000        0.150
   535:       35.000       14.000        6.000        0.000       13.000
   540:       36.000        1.000        1.000        0.000        0.150
   545:       36.000        3.000        1.000        0.000        0.150
   550:       36.000       14.000        1.000        0.000       11.000
   555:       37.000        1.000        2.000        0.000        0.440
   560:       37.000        3.000        1.000        0.000        0.440
   565:       37.000       25.000        5.000        0.000       17.000
   570:       38.000        1.000        1.000        0.000        0.470
   575:       38.000        3.000        1.000        0.000        0.470
   580:       38.000       21.000        0.000        0.000       14.000
   585:       39.000        1.000        1.000        0.000        0.260
   590:       39.000        3.000        1.000        0.000        0.260
   595:       39.000       20.000        7.000        0.000       16.000
   600:       40.000        1.000        2.000        0.000        0.160
   605:       40.000        3.000        1.000        0.000        0.160
   610:       40.000       22.000        4.000        0.000       15.000
   615:       41.000        1.000        2.000        0.000        0.700
   620:       41.000        3.000        1.000        0.000        0.700
   625:       41.000       16.000        2.000        0.000       14.000
   630:       42.000        1.000        1.000        0.000        0.280
   635:       42.000        3.000        1.000        0.000        0.280
   640:       42.000       28.000        4.000        0.000       15.000
   645:       43.000        1.000        1.000        0.000        0.170
   650:       43.000        3.000        1.000        0.000        0.170
   655:       43.000       24.000        0.000        0.000       17.000
   660:       44.000        1.000        1.000        0.000        0.150
   665:       44.000        3.000        1.000        0.000        0.150
   670:       44.000       16.000        3.000        0.000       14.000
   675:       45.000        1.000        1.000        0.000        0.200
   680:       45.000        3.000        1.000        0.000        0.200
   685:       45.000       14.000        2.000        0.000       14.000
   690:       46.000        1.000        1.000        0.000        0.280
   695:       46.000        3.000        1.000        0.000        0.280
   700:       46.000       25.000        2.000        0.000       13.000
   705:       47.000        1.000        2.000        0.000        0.810
   710:       47.000        3.000        1.000        0.000        0.810
   715:       47.000       17.000        4.000        0.000       15.000
   720:       48.000        1.000        2.000        0.000        0.450
   725:       48.000        3.000        1.000        0.000        0.450
   730:       48.000       27.000        0.000        0.000       15.000
   735:       49.000        1.000        1.000        0.000        0.310
   740:       49.000        3.000        1.000        0.000        0.310
   745:       49.000       22.000        1.000        0.000       11.000
   750:       50.000        1.000        3.000        0.000        0.230
   755:       50.000        3.000        1.000        0.000        0.230
   760:       50.000       14.000        2.000        0.000       18.000
   765:       51.000        1.000        3.000        0.000       11.550
   770:       51.000        3.000        1.000        0.000       11.550
   775:       51.000       48.000        2.000        0.000       16.000
   780:       52.000        1.000        1.000        0.000        0.220
   785:       52.000        3.000        1.000        0.000        0.220
   790:       52.000       18.000        2.000        0.000       13.000
   795:       53.000        1.000        2.000        0.000        0.240
   800:       53.000        3.000        1.000        0.000        0.240
   805:       53.000       12.000        0.000        0.000       17.000
   810:       54.000        1.000        3.000        0.000        0.210
   815:       54.000        3.000        1.000        1.000        0.210
   820:       54.000       18.000        5.000        0.000       15.000
   825:       55.000        1.000        2.000        0.000        0.230
   830:       55.000        3.000        1.000        0.000        0.230
   835:       55.000       24.000        1.000        0.000       10.000
   840:       56.000        1.000        1.000        0.000        0.200
   845:       56.000        3.000        1.000        0.000        0.200
   850:       56.000       17.000        1.000        0.000       16.000
   855:       57.000        1.000        2.000        0.000        0.390
   860:       57.000        3.000        1.000        0.000        0.390
   865:       57.000       14.000        0.000        0.000       15.000
   870:       58.000        1.000        2.000        0.000        0.380
   875:       58.000        3.000        1.000        0.000        0.380
   880:       58.000       22.000        1.000        0.000       15.000
   885:       59.000        1.000        2.000        0.000        0.680
   890:       59.000        3.000        1.000        0.000        0.680
   895:       59.000       21.000        0.000        0.000       17.000
   900:       60.000        1.000        2.000        0.000        0.860
   905:       60.000        3.000        1.000        0.000        0.860
   910:       60.000       14.000        2.000        0.000       14.000
   915:       61.000        1.000        4.000        0.000        0.620
   920:       61.000        3.000        1.000        0.000        0.620
   925:       61.000       24.000        0.000        0.000       15.000
   930:       62.000        1.000        3.000        0.000        0.250
   935:       62.000        3.000        1.000        0.000        0.250
   940:       62.000       25.000        2.000        0.000       12.000
   945:       63.000        1.000        1.000        0.000        0.230
   950:       63.000        3.000        1.000        0.000        0.230
   955:       63.000       19.000        1.000        0.000       16.000
   960:       64.000        1.000        2.000        0.000        0.680
   965:       64.000        3.000        1.000        0.000        0.680
   970:       64.000       20.000        0.000        0.000       14.000
   975:       65.000        1.000        2.000        0.000        0.220
   980:       65.000        3.000        1.000        0.000        0.220
   985:       65.000       13.000        0.000        0.000       15.000
   990:       66.000        1.000        3.000        0.000        0.210
   995:       66.000        3.000        1.000        0.000        0.210
  1000:       66.000       18.000        2.000        0.000       13.000
  1005:       67.000        1.000        1.000        0.000        0.430
  1010:       67.000        3.000        1.000        0.000        0.430
  1015:       67.000       17.000        3.000        0.000       16.000
  1020:       68.000        1.000        3.000        0.000        0.150
  1025:       68.000        3.000        1.000        0.000        0.150
  1030:       68.000       13.000        0.000        0.000       14.000
  1035:       69.000        1.000        2.000        0.000        0.220
  1040:       69.000        3.000        1.000        0.000        0.220
  1045:       69.000       22.000        1.000        0.000       12.000
  1050:       70.000        1.000        2.000        0.000        0.250
  1055:       70.000        3.000        1.000        0.000        0.250
  1060:       70.000       18.000        1.000        0.000       17.000
  1065:       71.000        1.000        2.000        0.000        0.240
  1070:       71.000        3.000        1.000        0.000        0.240
  1075:       71.000       20.000        2.000        0.000       20.000
  1080:       72.000        1.000        2.000        0.000        0.450
  1085:       72.000        3.000        1.000        0.000        0.450
  1090:       72.000       13.000        0.000        0.000       13.000
  1095:       73.000        1.000        1.000        0.000        0.770
  1100:       73.000        3.000        1.000        0.000        0.770
  1105:       73.000       19.000        0.000        0.000       14.000
  1110:       74.000        1.000        1.000        0.000        1.180
  1115:       74.000        3.000        1.000        0.000        1.180
  1120:       74.000        8.000        0.000        0.000       14.000
  1125:       75.000        1.000        2.000        0.000        1.230
  1130:       75.000        3.000        1.000        0.000        1.230
  1135:       75.000       15.000        0.000        0.000       19.000
  1140:       76.000        1.000        1.000        0.000        1.360
  1145:       76.000        3.000        1.000        0.000        1.360
  1150:       76.000        7.000        0.000        0.000       13.000
  1155:       77.000        1.000        2.000        0.000        0.270
  1160:       77.000        3.000        1.000        0.000        0.270
  1165:       77.000        6.000        0.000        0.000       17.000
  1170:       78.000        1.000        1.000        0.000        1.530
  1175:       78.000        3.000        1.000        0.000        1.530
  1180:       78.000       12.000        0.000        0.000       15.000
  1185:       79.000        1.000        1.000        0.000        1.790
  1190:       79.000        3.000        1.000        0.000        1.790
  1195:       79.000       14.000        1.000        0.000       14.000
  1200:       80.000        1.000        1.000        0.000        1.660
  1205:       80.000        3.000        1.000        0.000        1.660
  1210:       80.000       12.000        0.000        0.000       10.000
  1215:       81.000        1.000        1.000        0.000        0.870
  1220:       81.000        3.000        1.000        0.000        0.870
  1225:       81.000        8.000        0.000        0.000       13.000
  1230:       82.000        1.000        2.000        0.000        2.120
  1235:       82.000        3.000        1.000        0.000        2.120
  1240:       82.000       14.000        0.000        0.000       12.000
  1245:       83.000        1.000        1.000        0.000        0.210
  1250:       83.000        3.000        1.000        0.000        0.210
  1255:       83.000       13.000        1.000        0.000       14.000
  1260:       84.000        1.000        1.000        0.000        0.240
  1265:       84.000        3.000        1.000        0.000        0.240
  1270:       84.000        9.000        0.000        0.000       18.000
  1275:       85.000        1.000        1.000        0.000        0.290
  1280:       85.000        3.000        1.000        0.000        0.290
  1285:       85.000       16.000        0.000        0.000       16.000
  1290:       86.000        1.000        2.000        0.000        0.320
  1295:       86.000        3.000        1.000        0.000        0.320
  1300:       86.000       19.000        0.000        0.000       13.000
  1305:       87.000        1.000        1.000        0.000        1.770
  1310:       87.000        3.000        1.000        0.000        1.770
  1315:       87.000       17.000        0.000        0.000       16.000
  1320:       88.000        1.000        2.000        0.000        0.240
  1325:       88.000        3.000        1.000        0.000        0.240
  1330:       88.000       13.000        0.000        0.000       15.000
  1335:       89.000        1.000        3.000        0.000        0.590
  1340:       89.000        3.000        1.000        0.000        0.590
  1345:       89.000       13.000        0.000        0.000       12.000
  1350:       90.000        1.000        2.000        0.000        3.110
  1355:       90.000        3.000        1.000        0.000        3.110
  1360:       90.000       17.000        0.000        0.000       14.000
  1365:       91.000        1.000        2.000        0.000        0.240
  1370:       91.000        3.000        1.000        0.000        0.240
  1375:       91.000       12.000        0.000        0.000       16.000
  1380:       92.000        1.000        1.000        0.000        2.720
  1385:       92.000        3.000        1.000        0.000        2.720
  1390:       92.000       12.000        0.000        0.000       19.000
  1395:       93.000        1.000        1.000        0.000        1.800
  1400:       93.000        3.000        1.000        0.000        1.800
  1405:       93.000        6.000        0.000        0.000       12.000
  1410:       94.000        1.000        1.000        0.000        1.590
  1415:       94.000        3.000        1.000        1.000        1.590
  1420:       94.000       16.000        0.000        0.000       17.000
  1425:       95.000        1.000        2.000        0.000        2.650
  1430:       95.000        3.000        1.000        0.000        2.650
  1435:       95.000       14.000        0.000        0.000       12.000
  1440:       96.000        1.000        2.000        0.000        2.790
  1445:       96.000        3.000        1.000        0.000        2.790
  1450:       96.000       10.000        0.000        0.000       16.000
  1455:       97.000        1.000        1.000        0.000        1.950
  1460:       97.000        3.000        1.000        0.000        1.950
  1465:       97.000        5.000        0.000        0.000       13.000
  1470:       98.000        1.000        1.000        0.000        0.520
  1475:       98.000        3.000        1.000        0.000        0.520
  1480:       98.000       14.000        0.000        0.000       15.000
  1485:       99.000        1.000        1.000        0.000        2.730
  1490:       99.000        3.000        1.000        0.000        2.730
  1495:       99.000       12.000        0.000        0.000       14.000
  1500:      100.000        0.000        0.000        0.000       20.000
  1505:      100.000        0.000        0.000        0.000       20.000
  1510:      100.000        2.000        0.000        0.000       15.000
D:
     0:        0.000        0.000        0.000        0.000        0.000
     5:        0.000        0.000        0.000        0.000        0.000
    10:        0.000        0.000        0.000        0.000        0.000
    15:        1.000       15.000       90.000       40.000       47.670
    20:        1.000       62.670       63.670       42.670       62.670
    25:        1.000       25.000       80.000       15.000       15.150
    30:        2.000      106.000      181.000      131.000      137.430
    35:        2.000      152.430      153.430      132.430      152.430
    40:        2.000      116.000      171.000      106.000      106.150
    45:        3.000      197.000      272.000      222.000      227.910
    50:        3.000      242.910      243.910      222.910      242.910
    55:        3.000      207.000      262.000      197.000      197.150
    60:        4.000      287.000      362.000      312.000      317.340
    65:        4.000      332.340      333.340      312.340      332.340
    70:        4.000      297.000      352.000      287.000      287.150
    75:        5.000      376.000      451.000      401.000      406.560
    80:        5.000      421.560      422.560      401.560      421.560
    85:        5.000      386.000      441.000      376.000      376.150
    90:        6.000      465.000      540.000      490.000      495.510
    95:        6.000      510.510      511.510      490.510      510.510
   100:        6.000      475.000      530.000      465.000      465.150
   105:        7.000      557.000      632.000      582.000      588.180
   110:        7.000      603.180      604.180      583.180      603.180
   115:        7.000      567.000      622.000      557.000      557.150
   120:        8.000      646.000      721.000      671.000      676.410
   125:        8.000      691.410      692.410      671.410      691.410
   130:        8.000      656.000      711.000      646.000      646.150
   135:        9.000      733.000      808.000      758.000      763.310
   140:        9.000      778.310      779.310      758.310      778.310
   145:        9.000      743.000      798.000      733.000      733.150
   150:       10.000      822.000      897.000      847.000      852.630
   155:       10.000      867.630      868.630      847.630      867.630
   160:       10.000      832.000      887.000      822.000      822.150
   165:       11.000      915.000      990.000      940.000      945.360
   170:       11.000      960.360      961.360      940.360      960.360
   175:       11.000      925.000      980.000      915.000      915.150
   180:       12.000     1002.000     1077.000     1027.000     1032.340
   185:       12.000     1047.340     1048.340     1027.340     1047.340
   190:       12.000     1012.000     1067.000     1002.000     1002.150
   195:       13.000     1093.000     1168.000     1118.000     1123.340
   200:       13.000     1138.340     1139.340     1118.340     1138.340
   205:       13.000     1103.000     1158.000     1093.000     1093.150
   210:       14.000     1185.000     1260.000     1210.000     1215.660
   215:       14.000     1230.660     1231.660     1210.660     1230.660
   220:       14.000     1195.000     1250.000     1185.000     1185.150
   225:       15.000     1276.000     1351.000     1301.000     1306.270
   230:       15.000     1321.270     1322.270     1301.270     1321.270
   235:       15.000     1286.000     1341.000     1276.000     1276.150
   240:       16.000     1367.000     1442.000     1392.000     1397.200
   245:       16.000     1412.200     1413.200     1392.200     1412.200
   250:       16.000     1377.000     1432.000     1367.000     1367.150
   255:       17.000     1459.000     1534.000     1484.000     1490.070
   260:       17.000     1505.070     1506.070     1485.070     1505.070
   265:       17.000     1469.000     1524.000     1459.000     1459.150
   270:       18.000     1550.000     1625.000     1575.000     1583.460
   275:       18.000     1598.460     1599.460     1578.460     1598.460
   280:       18.000     1560.000     1615.000     1550.000     1550.150
   285:       19.000     1642.000     1717.000     1667.000     1672.450
   290:       19.000     1687.450     1688.450     1667.450     1687.450
   295:       19.000     1652.000     1707.000     1642.000     1642.150
   300:       20.000     1735.000     1810.000     1760.000     1765.300
   305:       20.000     1780.300     1781.300     1760.300     1780.300
   310:       20.000     1745.000     1800.000     1735.000     1735.150
   315:       21.000     1828.000     1903.000     1853.000     1858.960
   320:       21.000     1873.960     1874.960     1853.960     1873.960
   325:       21.000     1838.000     1893.000     1828.000     1828.150
   330:       22.000     1922.000     1997.000     1947.000     1952.240
   335:       22.000     1967.240     1968.240     1947.240     1967.240
   340:       22.000     1932.000     1987.000     1922.000     1922.150
   345:       23.000     2013.000     2088.000     2038.000     2043.220
   350:       23.000     2058.220     2059.220     2038.220     2058.220
   355:       23.000     2023.000     2078.000     2013.000     2013.150
   360:       24.000     2103.000     2178.000     2128.000     2133.260
   365:       24.000     2148.260     2149.260     2128.260     2148.260
   370:       24.000     2113.000     2168.000     2103.000     2103.150
   375:       25.000     2192.000     2267.000     2217.000     2223.110
   380:       25.000     2238.110     2239.110     2218.110     2238.110
   385:       25.000     2202.000     2257.000     2192.000     2192.150
   390:       26.000     2286.000     2361.000     2311.000     2316.180
   395:       26.000     2331.180     2332.180     2311.180     2331.180
   400:       26.000     2296.000     2351.000     2286.000     2286.150
   405:       27.000     2379.000     2454.000     2404.000     2409.470
   410:       27.000     2424.470     2425.470     2404.470     2424.470
   415:       27.000     2389.000     2444.000     2379.000     2379.150
   420:       28.000     2467.000     2542.000     2492.000     2497.640
   425:       28.000     2512.640     2513.640     2492.640     2512.640
   430:       28.000     2477.000     2532.000     2467.000     2467.150
   435:       29.000     2555.000     2630.000     2580.000     2585.410
   440:       29.000     2600.410     2601.410     2580.410     2600.410
   445:       29.000     2565.000     2620.000     2555.000     2555.150
   450:       30.000     2645.000     2720.000     2670.000     2675.390
   455:       30.000     2690.390     2691.390     2670.390     2690.390
   460:       30.000     2655.000     2710.000     2645.000     2645.150
   465:       31.000     2735.000     2810.000     2760.000     2765.190
   470:       31.000     2780.190     2781.190     2760.190     2780.190
   475:       31.000     2745.000     2800.000     2735.000     2735.150
   480:       32.000     2826.000     2901.000     2851.000     2856.240
   485:       32.000     2871.240     2872.240     2851.240     2871.240
   490:       32.000     2836.000     2891.000     2826.000     2826.150
   495:       33.000     2915.000     2990.000     2940.000     2945.370
   500:       33.000     2960.370     2961.370     2940.370     2960.370
   505:       33.000     2925.000     2980.000     2915.000     2915.150
   510:       34.000     3006.000     3081.000     3031.000     3036.220
   515:       34.000     3051.220     3052.220     3031.220     3051.220
   520:       34.000     3016.000     3071.000     3006.000     3006.150
   525:       35.000     3100.000     3175.000     3125.000     3130.150
   530:       35.000     3145.150     3146.150     3125.150     3145.150
   535:       35.000     3110.000     3165.000     3100.000     3100.150
   540:       36.000     3188.000     3263.000     3213.000     3218.150
   545:       36.000     3233.150     3234.150     3213.150     3233.150
   550:       36.000     3198.000     3253.000     3188.000     3188.150
   555:       37.000     3274.000     3349.000     3299.000     3304.440
   560:       37.000     3319.440     3320.440     3299.440     3319.440
   565:       37.000     3284.000     3339.000     3274.000     3274.150
   570:       38.000     3366.000     3441.000     3391.000     3396.470
   575:       38.000     3411.470     3412.470     3391.470     3411.470
   580:       38.000     3376.000     3431.000     3366.000     3366.150
   585:       39.000     3455.000     3530.000     3480.000     3485.260
   590:       39.000     3500.260     3501.260     3480.260     3500.260
   595:       39.000     3465.000     3520.000     3455.000     3455.150
   600:       40.000     3546.000     3621.000     3571.000     3576.160
   605:       40.000     3591.160     3592.160     3571.160     3591.160
   610:       40.000     3556.000     3611.000     3546.000     3546.150
   615:       41.000     3636.000     3711.000     3661.000     3666.700
   620:       41.000     3681.700     3682.700     3661.700     3681.700
   625:       41.000     3646.000     3701.000     3636.000     3636.150
   630:       42.000     3725.000     3800.000     3750.000     3755.280
   635:       42.000     3770.280     3771.280     3750.280     3770.280
   640:       42.000     3735.000     3790.000     3725.000     3725.150
   645:       43.000     3815.000     3890.000     3840.000     3845.170
   650:       43.000     3860.170     3861.170     3840.170     3860.170
   655:       43.000     3825.000     3880.000     3815.000     3815.150
   660:       44.000     3907.000     3982.000     3932.000     3937.150
   665:       44.000     3952.150     3953.150     3932.150     3952.150
   670:       44.000     3917.000     3972.000     3907.000     3907.150
   675:       45.000     3996.000     4071.000     4021.000     4026.200
   680:       45.000     4041.200     4042.200     4021.200     4041.200
   685:       45.000     4006.000     4061.000     3996.000     3996.150
   690:       46.000     4085.000     4160.000     4110.000     4115.280
   695:       46.000     4130.280     4131.280     4110.280     4130.280
   700:       46.000     4095.000     4150.000     4085.000     4085.150
   705:       47.000     4173.000     4248.000     4198.000     4203.810
   710:       47.000     4218.810     4219.810     4198.810     4218.810
   715:       47.000     4183.000     4238.000     4173.000     4173.150
   720:       48.000     4263.000     4338.000     4288.000     4293.450
   725:       48.000     4308.450     4309.450     4288.450     4308.450
   730:       48.000     4273.000     4328.000     4263.000     4263.150
   735:       49.000     4353.000     4428.000     4378.000     4383.310
   740:       49.000     4398.310     4399.310     4378.310     4398.310
   745:       49.000     4363.000     4418.000     4353.000     4353.150
   750:       50.000     4439.000     4514.000     4464.000     4469.230
   755:       50.000     4484.230     4485.230     4464.230     4484.230
   760:       50.000     4449.000     4504.000     4439.000     4439.150
   765:       51.000     4532.000     4607.000     4557.000     4573.550
   770:       51.000     4588.550     4589.550     4568.550     4588.550
   775:       51.000     4542.000     4597.000     4532.000     4532.150
   780:       52.000     4623.000     4698.000     4648.000     4653.220
   785:       52.000     4668.220     4669.220     4648.220     4668.220
   790:       52.000     4633.000     4688.000     4623.000     4623.150
   795:       53.000     4711.000     4786.000     4736.000     4741.240
   800:       53.000     4756.240     4757.240     4736.240     4756.240
   805:       53.000     4721.000     4776.000     4711.000     4711.150
   810:       54.000     4803.000     4878.000     4828.000     4833.210
   815:       54.000     4848.210     4849.210     4828.210     4848.210
   820:       54.000     4813.000     4868.000     4803.000     4803.150
   825:       55.000     4893.000     4968.000     4918.000     4923.230
   830:       55.000     4938.230     4939.230     4918.230     4938.230
   835:       55.000     4903.000     4958.000     4893.000     4893.150
   840:       56.000     4978.000     5053.000     5003.000     5008.200
   845:       56.000     5023.200     5024.200     5003.200     5023.200
   850:       56.000     4988.000     5043.000     4978.000     4978.150
   855:       57.000     5069.000     5144.000     5094.000     5099.390
   860:       57.000     5114.390     5115.390     5094.390     5114.390
   865:       57.000     5079.000     5134.000     5069.000     5069.150
   870:       58.000     5159.000     5234.000     5184.000     5189.380
   875:       58.000     5204.380     5205.380     5184.380     5204.380
   880:       58.000     5169.000     5224.000     5159.000     5159.150
   885:       59.000     5249.000     5324.000     5274.000     5279.680
   890:       59.000     5294.680     5295.680     5274.680     5294.680
   895:       59.000     5259.000     5314.000     5249.000     5249.150
   900:       60.000     5341.000     5416.000     5366.000     5371.860
   905:       60.000     5386.860     5387.860     5366.860     5386.860
   910:       60.000     5351.000     5406.000     5341.000     5341.150
   915:       61.000     5430.000     5505.000     5455.000     5460.620
   920:       61.000     5475.620     5476.620     5455.620     5475.620
   925:       61.000     5440.000     5495.000     5430.000     5430.150
   930:       62.000     5520.000     5595.000     5545.000     5550.250
   935:       62.000     5565.250     5566.250     5545.250     5565.250
   940:       62.000     5530.000     5585.000     5520.000     5520.150
   945:       63.000     5607.000     5682.000     5632.000     5637.230
   950:       63.000     5652.230     5653.230     5632.230     5652.230
   955:       63.000     5617.000     5672.000     5607.000     5607.150
   960:       64.000     5698.000     5773.000     5723.000     5728.680
   965:       64.000     5743.680     5744.680     5723.680     5743.680
   970:       64.000     5708.000     5763.000     5698.000     5698.150
   975:       65.000     5787.000     5862.000     5812.000     5817.220
   980:       65.000     5832.220     5833.220     5812.220     5832.220
   985:       65.000     5797.000     5852.000     5787.000     5787.150
   990:       66.000     5877.000     5952.000     5902.000     5907.210
   995:       66.000     5922.210     5923.210     5902.210     5922.210
  1000:       66.000     5887.000     5942.000     5877.000     5877.150
  1005:       67.000     5965.000     6040.000     5990.000     5995.430
  1010:       67.000     6010.430     6011.430     5990.430     6010.430
  1015:       67.000     5975.000     6030.000     5965.000     5965.150
  1020:       68.000     6056.000     6131.000     6081.000     6086.150
  1025:       68.000     6101.150     6102.150     6081.150     6101.150
  1030:       68.000     6066.000     6121.000     6056.000     6056.150
  1035:       69.000     6145.000     6220.000     6170.000     6175.220
  1040:       69.000     6190.220     6191.220     6170.220     6190.220
  1045:       69.000     6155.000     6210.000     6145.000     6145.150
  1050:       70.000     6232.000     6307.000     6257.000     6262.250
  1055:       70.000     6277.250     6278.250     6257.250     6277.250
  1060:       70.000     6242.000     6297.000     6232.000     6232.150
  1065:       71.000     6324.000     6399.000     6349.000     6354.240
  1070:       71.000     6369.240     6370.240     6349.240     6369.240
  1075:       71.000     6334.000     6389.000     6324.000     6324.150
  1080:       72.000     6419.000     6494.000     6444.000     6449.450
  1085:       72.000     6464.450     6465.450     6444.450     6464.450
  1090:       72.000     6429.000     6484.000     6419.000     6419.150
  1095:       73.000     6507.000     6582.000     6532.000     6537.770
  1100:       73.000     6552.770     6553.770     6532.770     6552.770
  1105:       73.000     6517.000     6572.000     6507.000     6507.150
  1110:       74.000     6596.000     6671.000     6621.000     6627.180
  1115:       74.000     6642.180     6643.180     6622.180     6642.180
  1120:       74.000     6606.000     6661.000     6596.000     6596.150
  1125:       75.000     6685.000     6760.000     6710.000     6716.230
  1130:       75.000     6731.230     6732.230     6711.230     6731.230
  1135:       75.000     6695.000     6750.000     6685.000     6685.150
  1140:       76.000     6779.000     6854.000     6804.000     6810.360
  1145:       76.000     6825.360     6826.360     6805.360     6825.360
  1150:       76.000     6789.000     6844.000     6779.000     6779.150
  1155:       77.000     6867.000     6942.000     6892.000     6897.270
  1160:       77.000     6912.270     6913.270     6892.270     6912.270
  1165:       77.000     6877.000     6932.000     6867.000     6867.150
  1170:       78.000     6959.000     7034.000     6984.000     6990.530
  1175:       78.000     7005.530     7006.530     6985.530     7005.530
  1180:       78.000     6969.000     7024.000     6959.000     6959.150
  1185:       79.000     7049.000     7124.000     7074.000     7080.790
  1190:       79.000     7095.790     7096.790     7075.790     7095.790
  1195:       79.000     7059.000     7114.000     7049.000     7049.150
  1200:       80.000     7138.000     7213.000     7163.000     7169.660
  1205:       80.000     7184.660     7185.660     7164.660     7184.660
  1210:       80.000     7148.000     7203.000     7138.000     7138.150
  1215:       81.000     7223.000     7298.000     7248.000     7253.870
  1220:       81.000     7268.870     7269.870     7248.870     7268.870
  1225:       81.000     7233.000     7288.000     7223.000     7223.150
  1230:       82.000     7311.000     7386.000     7336.000     7343.120
  1235:       82.000     7358.120     7359.120     7338.120     7358.120
  1240:       82.000     7321.000     7376.000     7311.000     7311.150
  1245:       83.000     7398.000     7473.000     7423.000     7428.210
  1250:       83.000     7443.210     7444.210     7423.210     7443.210
  1255:       83.000     7408.000     7463.000     7398.000     7398.150
  1260:       84.000     7487.000     7562.000     7512.000     7517.240
  1265:       84.000     7532.240     7533.240     7512.240     7532.240
  1270:       84.000     7497.000     7552.000     7487.000     7487.150
  1275:       85.000     7580.000     7655.000     7605.000     7610.290
  1280:       85.000     7625.290     7626.290     7605.290     7625.290
  1285:       85.000     7590.000     7645.000     7580.000     7580.150
  1290:       86.000     7671.000     7746.000     7696.000     7701.320
  1295:       86.000     7716.320     7717.320     7696.320     7716.320
  1300:       86.000     7681.000     7736.000     7671.000     7671.150
  1305:       87.000     7759.000     7834.000     7784.000     7790.770
  1310:       87.000     7805.770     7806.770     7785.770     7805.770
  1315:       87.000     7769.000     7824.000     7759.000     7759.150
  1320:       88.000     7850.000     7925.000     7875.000     7880.240
  1325:       88.000     7895.240     7896.240     7875.240     7895.240
  1330:       88.000     7860.000     7915.000     7850.000     7850.150
  1335:       89.000     7940.000     8015.000     7965.000     7970.590
  1340:       89.000     7985.590     7986.590     7965.590     7985.590
  1345:       89.000     7950.000     8005.000     7940.000     7940.150
  1350:       90.000     8027.000     8102.000     8052.000     8060.110
  1355:       90.000     8075.110     8076.110     8055.110     8075.110
  1360:       90.000     8037.000     8092.000     8027.000     8027.150
  1365:       91.000     8116.000     8191.000     8141.000     8146.240
  1370:       91.000     8161.240     8162.240     8141.240     8161.240
  1375:       91.000     8126.000     8181.000     8116.000     8116.150
  1380:       92.000     8207.000     8282.000     8232.000     8239.720
  1385:       92.000     8254.720     8255.720     8234.720     8254.720
  1390:       92.000     8217.000     8272.000     8207.000     8207.150
  1395:       93.000     8301.000     8376.000     8326.000     8332.800
  1400:       93.000     8347.800     8348.800     8327.800     8347.800
  1405:       93.000     8311.000     8366.000     8301.000     8301.150
  1410:       94.000     8388.000     8463.000     8413.000     8419.590
  1415:       94.000     8434.590     8435.590     8414.590     8434.590
  1420:       94.000     8398.000     8453.000     8388.000     8388.150
  1425:       95.000     8480.000     8555.000     8505.000     8512.650
  1430:       95.000     8527.650     8528.650     8507.650     8527.650
  1435:       95.000     8490.000     8545.000     8480.000     8480.150
  1440:       96.000     8567.000     8642.000     8592.000     8599.790
  1445:       96.000     8614.790     8615.790     8594.790     8614.790
  1450:       96.000     8577.000     8632.000     8567.000     8567.150
  1455:       97.000     8658.000     8733.000     8683.000     8689.950
  1460:       97.000     8704.950     8705.950     8684.950     8704.950
  1465:       97.000     8668.000     8723.000     8658.000     8658.150
  1470:       98.000     8746.000     8821.000     8771.000     8776.520
  1475:       98.000     8791.520     8792.520     8771.520     8791.520
  1480:       98.000     8756.000     8811.000     8746.000     8746.150
  1485:       99.000     8836.000     8911.000     8861.000     8868.730
  1490:       99.000     8883.730     8884.730     8863.730     8883.730
  1495:       99.000     8846.000     8901.000     8836.000     8836.150
  1500:      100.000     8925.000     9000.000     8950.000     8970.000
  1505:      100.000        0.000        0.000        0.000        0.000
  1510:      100.000     8935.000     8990.000     8925.000     8925.150
F:
     0:       29.930       53.170       55.660       59.480       59.800
     5:       60.580       62.290       79.860      138.020      138.090
    10:      138.430      138.650      140.710      141.000      141.760
    15:      141.950      142.360      143.600      143.660      144.710
    20:      145.210      145.610      145.630      146.420      146.490
    25:      146.620      147.240      147.400      147.450      147.580
    30:      148.170      148.540      148.960      149.300      149.470
    35:      149.510      150.060      150.100      150.150      150.230
    40:      151.060      151.130      151.320      151.350      151.880
    45:      151.940      152.730      156.990      228.770      234.490
    50:      234.500      234.700      235.530      236.150      237.200
    55:      237.390      237.430      238.520      238.680      238.910
    60:      239.040      239.530      239.870      239.920      239.970
    65:      240.500      240.780      241.460      241.770      242.020
    70:      242.450      242.660      242.910      242.980      243.070
    75:      243.130      243.310      250.140      321.100      321.520
    80:      322.330      324.670      324.710      324.920      325.060
    85:      325.510      325.550      325.660      325.790      326.670
    90:      326.830      326.920      327.720      327.970      328.050
    95:      328.520      328.630      329.360      330.340      330.540
   100:      331.240      332.600      332.740      337.390      386.430
   105:      394.930      400.010      400.170      405.830      405.910
   110:      409.090      409.210      409.420      410.370      410.420
   115:      410.560      410.740      410.940      411.530      412.900
   120:      412.910      413.110      413.430      414.890      414.920
   125:      415.180      415.340      416.690      416.720      416.990
   130:      417.090      417.300      417.420      418.170      418.730
   135:      419.140      419.690      419.940      420.650      420.910
   140:      420.930      421.170      421.720      440.110      488.710
   145:      490.040      496.140      496.260      497.260      497.470
   150:      497.500      497.590      498.080      498.210      499.240
   155:      499.280      499.290      499.450      499.980      500.210
   160:      500.340      500.410      500.990      501.630      502.840
   165:      503.100      503.410      503.550      503.770      503.860
   170:      505.720      505.830      506.000      506.040      506.190
   175:      506.300      507.060      507.390      507.890      508.270
   180:      509.820      509.950      510.060      510.680      517.110
   185:      517.790      519.300      519.460      567.100      567.700
   190:      567.830      568.120      568.290      569.500      569.990
   195:      570.450      571.040      571.060      571.220      571.460
   200:      571.560      572.910      573.680      573.930      574.150
   205:      574.620      574.660      575.610      575.640      575.910
   210:      575.970      576.090      576.920      577.130      579.930
   215:      580.080      587.670      589.320      589.460      590.970
   220:      591.140      592.590      593.540      593.890      593.960
   225:      594.370      594.490      595.880      596.530      596.610
   230:      596.710      597.700      597.860      598.110      598.250
   235:      598.420      598.500      598.890      599.020      599.050
   240:      599.600      599.800      600.070      600.080      600.120
   245:      600.920      600.970      601.020      601.230      601.520
   250:      601.730      601.770      601.890      602.480      602.820
   255:      603.310      603.550      664.100      677.140      677.280
   260:      677.560      679.260      679.280      679.480      681.270
   265:      681.390      681.420      683.000      683.360      683.620
   270:      684.510      684.640      685.090      686.680      686.830
   275:      687.020      688.110      688.260      688.420      688.900
   280:      689.220      689.380      689.560      689.680      690.110
   285:      690.970      694.580      699.150      750.200      762.270
   290:      762.310      762.410      762.440      762.670      762.910
   295:      764.370      764.380      765.380      765.500      765.710
   300:      765.760      765.860      766.430      766.580      767.960
   305:      768.140      768.300      768.540      769.750      772.510
   310:      772.650      773.660      778.580      781.090      781.390
   315:      781.690      782.060      786.680      786.790      788.780
   320:      790.710      790.780      833.680      834.010      835.430
   325:      835.590      837.910      838.080      838.180      838.300
   330:      838.670      839.400      839.630      839.680      839.950
   335:      841.140      841.330      841.890      842.330      843.050
   340:      843.360      843.430      843.840      845.120      845.250
   345:      845.370      853.350      853.440      853.610      853.980
   350:      854.410      854.680      855.390      856.840      856.940
   355:      858.010      858.190      860.060      860.220      860.360
   360:      861.330      861.680      861.750      864.220      864.500
   365:      865.320      868.350      881.350      926.360      928.300
   370:      935.390      945.010      945.040      945.370      945.410
   375:      948.690      948.740      948.860      949.270      949.460
   380:      949.510      950.480      950.540      951.740      952.380
   385:      952.420      952.850      953.060      953.350      954.470
   390:      954.540      954.620      955.880      956.210      956.240
   395:      956.760      958.500      958.530      958.800      958.900
   400:      959.360      961.490      974.900      975.480      978.800
   405:      979.180     1014.400     1014.650     1026.110     1033.030
   410:     1033.150     1033.410     1035.040     1035.130     1036.490
   415:     1036.770     1036.910     1037.090     1037.740     1038.510
   420:     1039.510     1039.550     1039.650     1040.330     1040.390
   425:     1040.450     1041.600     1041.640     1042.080     1042.580
   430:     1043.890     1044.060     1044.080     1044.670     1048.790
   435:     1060.890     1103.180     1103.580     1107.330     1107.650
   440:     1107.850     1110.070     1110.110     1110.280     1110.730
   445:     1113.260     1113.420     1113.440     1114.050     1115.960
   450:     1116.110     1123.930     1123.980     1124.150     1124.430
   455:     1125.440     1125.530     1125.780     1126.680     1126.810
   460:     1126.930     1127.590     1127.880     1128.020     1128.100
   465:     1130.400     1130.440     1131.010     1131.030     1131.320
   470:     1134.580     1134.880     1135.010     1135.120     1135.170
   475:     1135.330     1136.470     1136.500     1136.680     1137.060
   480:     1137.160     1137.260     1137.320     1137.440     1138.820
   485:     1141.020     1145.450     1155.390     1155.850     1156.040
   490:     1203.040     1203.190     1204.940     1204.960     1205.360
   495:     1205.720     1207.280     1207.480     1207.530     1207.660
   500:     1207.700     1209.480     1209.520     1209.710     1212.340
   505:     1212.470     1212.630     1213.100     1213.840     1215.020
   510:     1215.210     1215.360     1216.000     1216.040     1216.180
   515:     1216.410     1216.720     1216.920     1218.160     1218.560
   520:     1218.710     1218.850     1219.010     1219.090     1219.130
   525:     1220.530     1220.950     1221.260     1221.420     1222.100
   530:     1222.500     1222.630     1222.710     1225.160     1225.330
   535:     1225.620     1225.690     1225.810     1226.050     1228.430
   540:     1228.460     1228.570     1228.700     1228.820     1228.950
   545:     1229.080     1229.120     1229.200     1231.140     1242.640
   550:     1288.750     1289.310     1292.660     1292.800     1297.960
   555:     1298.110     1298.200     1305.930     1305.980     1308.470
   560:     1309.990     1310.100     1311.260     1311.520     1312.990
   565:     1314.360     1314.480     1314.580     1314.670     1314.700
   570:     1314.850     1315.070     1316.480     1316.540     1316.730
   575:     1319.130     1319.260     1319.290     1319.410     1319.500
   580:     1319.840     1319.880     1321.580     1321.730     1322.680
   585:     1323.340     1323.640     1326.920     1337.770     1337.900
   590:     1384.300     1384.710     1385.020     1389.680     1398.250
   595:     1398.540     1399.280     1399.360     1399.660     1402.340
   600:     1402.380     1403.390     1403.480     1403.560     1405.660
   605:     1405.960     1406.100     1406.370     1409.150     1409.270
   610:     1409.310     1409.540     1409.810     1412.770     1414.770
   615:     1416.590     1477.830     1482.780     1482.970     1483.120
   620:     1483.620     1484.260     1484.330     1484.430     1484.450
   625:     1490.740     1490.850     1492.110     1494.270     1494.370
   630:     1496.590     1496.700     1496.800     1496.860     1497.000
   635:     1497.230     1498.480     1498.640     1500.460     1500.740
   640:     1500.790     1503.050     1503.220     1505.640     1505.810
   645:     1506.710     1517.570     1571.360     1571.750     1576.830
   650:     1577.140     1577.490     1582.490     1585.510     1585.530
   655:     1585.740     1585.830     1586.590     1587.560     1588.860
   660:     1590.700     1590.730     1590.980     1593.940     1597.150
   665:     1597.340     1597.440     1598.720     1601.050     1601.220
   670:     1606.390     1610.690     1654.570     1673.210     1673.350
   675:     1673.530     1676.310     1679.180     1679.320     1679.650
   680:     1679.930     1682.140     1682.320     1682.390     1682.650
   685:     1682.700     1686.290     1686.430     1686.530     1686.850
   690:     1688.680     1689.940     1746.030     1746.110     1766.480
   695:     1766.590     1767.120     1773.750     1773.880     1775.290
   700:     1776.750     1779.310     1779.400     1781.000     1781.290
   705:     1782.050     1791.640     1841.340     1849.120     1861.050
   710:     1861.130     1861.990     1863.050     1864.820     1864.850
   715:     1867.070     1867.090     1870.130     1870.320     1870.360
   720:     1870.540     1870.920     1874.660     1875.200     1875.640
   725:     1875.960     1881.880     1889.230     1943.360     1944.680
   730:     1944.790     1953.290     1955.310     1955.420     1955.850
   735:     1960.210     1960.590     1963.350     1963.740     1968.350
   740:     1971.340     2043.870     2044.210     2045.230     2045.330
   745:     2045.390     2046.580     2046.660     2046.840     2049.590
   750:     2049.690     2049.750     2050.480     2053.790     2056.020
   755:     2058.820     2061.680     2124.920     2125.060     2134.170
   760:     2134.290     2135.070     2136.340     2139.230     2139.320
   765:     2139.420     2143.880     2144.000     2144.280     2148.990
   770:     2210.910     2216.160     2223.450     2224.660     2224.940
   775:     2225.120     2225.870     2227.230     2227.280     2227.350
   780:     2230.200     2230.280     2232.630     2232.680     2235.640
   785:     2235.690     2236.010     2238.720     2238.920     2244.270
   790:     2244.360     2296.070     2298.230     2303.760     2306.990
   795:     2307.020     2307.160     2316.910     2317.010     2317.200
   800:     2317.890     2321.050     2321.450     2325.050     2325.170
   805:     2326.620     2326.770     2326.920     2327.070     2329.380
   810:     2329.680     2330.000     2330.220     2331.580     2331.730
   815:     2349.060     2391.060     2391.170     2392.150     2406.500
   820:     2406.610     2408.270     2408.320     2408.400     2412.400
   825:     2412.420     2412.600     2416.690     2416.770     2416.840
   830:     2420.180     2420.370     2420.430     2420.540     2420.640
   835:     2420.760     2420.850     2423.500     2423.630     2425.530
   840:     2425.580     2483.910     2484.060     2498.500     2498.520
   845:     2499.100     2499.360     2499.540     2502.330     2504.640
   850:     2508.380     2508.490     2511.620     2513.130     2513.280
   855:     2566.530     2566.730     2567.220     2573.180     2573.340
   860:     2574.830     2574.910     2574.930     2575.170     2578.490
   865:     2578.620     2579.630     2580.040     2586.020     2586.040
   870:     2596.370     2596.570     2596.710     2598.920     2599.410
   875:     2600.710     2600.720     2600.830     2600.880     2600.990
   880:     2603.890     2610.610     2664.070     2664.330     2664.640
   885:     2666.750     2666.930     2667.150     2667.450     2668.000
   890:     2676.000     2676.170     2676.330     2676.890     2676.950
   895:     2677.040     2677.140     2679.050     2683.680     2683.710
   900:     2683.790     2683.960     2684.210     2688.230     2688.630
   905:     2688.720     2688.870     2690.560     2690.630     2690.720
   910:     2694.180     2694.350     2695.950     2749.060     2754.500
   915:     2765.890     2766.150     2766.190     2766.440     2767.340
   920:     2767.470     2767.550     2774.120     2774.150     2774.340
   925:     2777.280     2778.720     2778.910     2778.960     2779.260
   930:     2780.540     2780.620     2781.120     2855.380     2857.090
   935:     2857.130     2857.610     2858.260     2859.100     2859.210
   940:     2860.240     2861.660     2863.040     2866.810     2866.840
   945:     2867.000     2867.580     2869.080     2869.120     2869.290
   950:     2870.520     2871.520     2871.770     2876.560     2888.920
   955:     2927.130     2927.240     2927.450     2927.560     2939.100
   960:     2939.220     2943.860     2944.350     2945.130     2945.230
   965:     2945.310     2946.260     2946.400     2947.130     2949.010
   970:     2951.080     2951.500     2954.920     2954.940     2955.110
   975:     2955.260     2955.500     2956.640     2957.440     2958.080
   980:     2958.250     2958.950     2960.810     2964.070     2964.270
   985:     3016.190     3018.090     3018.360     3021.300     3021.370
   990:     3021.640     3022.810     3025.400     3036.840     3036.940
   995:     3037.640     3037.800     3039.100     3039.450     3042.690
  1000:     3045.190     3047.340     3047.440     3047.810     3048.060
  1005:     3049.550     3049.640     3049.740     3050.970     3051.630
  1010:     3051.740     3053.390     3059.160     3059.270     3118.660
  1015:     3118.930     3130.810     3130.880     3131.110     3132.690
  1020:     3132.840     3136.250     3137.730     3139.180     3145.710
  1025:     3146.020     3147.800     3153.210     3198.310     3210.820
  1030:     3210.940     3211.230     3218.890     3219.990     3220.110
  1035:     3220.300     3226.570     3228.700     3231.320     3231.500
  1040:     3231.550     3233.610     3291.080     3291.330     3291.470
  1045:     3291.740     3292.520     3293.320     3293.370     3293.490
  1050:     3302.510     3303.430     3303.540     3303.560     3305.750
  1055:     3305.810     3305.910     3312.100     3312.120     3315.910
  1060:     3317.940     3319.500     3319.650     3322.210     3323.920
  1065:     3324.010     3329.500     3377.950     3384.240     3384.370
  1070:     3389.310     3389.420     3389.550     3389.600     3393.410
  1075:     3393.500     3393.610     3394.030     3394.150     3394.270
  1080:     3396.390     3404.160     3404.350     3404.390     3406.980
  1085:     3407.260     3407.500     3412.120     3465.360     3469.210
  1090:     3469.350     3469.570     3469.830     3487.350     3487.590
  1095:     3487.770     3488.000     3489.070     3497.180     3497.320
  1100:     3497.500     3500.700     3503.860     3504.030     3504.250
  1105:     3507.160     3507.240     3508.140     3556.120     3556.460
  1110:     3556.470     3556.680     3556.700     3558.850     3559.090
  1115:     3562.860     3563.010     3563.090     3567.920     3567.950
  1120:     3568.120     3578.820     3578.930     3579.110     3579.560
  1125:     3579.680     3589.450     3589.490     3591.720     3603.670
  1130:     3647.730     3648.080     3649.850     3650.150     3650.440
  1135:     3667.460     3667.670     3668.730     3669.270     3672.250
  1140:     3674.240     3679.120     3679.300     3679.630     3681.420
  1145:     3681.690     3742.020     3742.150     3742.500     3742.640
  1150:     3744.900     3745.190     3756.070     3756.310     3756.740
  1155:     3756.780     3757.050     3757.190     3764.300     3764.440
  1160:     3764.760     3766.280     3766.730     3767.080     3767.650
  1165:     3769.020     3770.660     3770.920     3773.470     3773.750
  1170:     3778.580     3778.760     3779.740     3779.850     3829.510
  1175:     3829.780     3831.850     3845.210     3846.950     3847.090
  1180:     3847.460     3848.690     3848.950     3849.720     3854.320
  1185:     3854.910     3856.150     3856.310     3856.360     3856.480
  1190:     3856.700     3858.020     3859.450     3860.500     3860.700
  1195:     3865.870     3866.400     3866.650     3927.670     3927.890
  1200:     3940.710     3940.840     3941.270     3946.320     3946.410
  1205:     3946.500     3946.780     3946.860     3947.040     3951.590
  1210:     3951.760     3952.030     3952.620     3952.880     4028.890
  1215:     4029.000     4029.110     4029.450     4030.380     4031.780
  1220:     4038.020     4038.130     4038.260     4038.960     4040.300
  1225:     4041.470     4041.660     4041.680     4112.990     4113.340
  1230:     4113.540     4113.650     4117.630     4117.690     4117.950
  1235:     4119.580     4120.740     4120.900     4123.160     4125.970
  1240:     4126.130     4126.170     4126.300     4126.440     4126.510
  1245:     4128.120     4128.280     4128.530     4129.230     4130.200
  1250:     4130.420     4145.340     4145.410     4184.820     4185.440
  1255:     4187.700     4187.870     4204.500     4204.560     4204.810
  1260:     4205.660     4205.940     4207.150     4207.170     4207.350
  1265:     4211.010     4218.510     4218.700     4218.810     4219.130
  1270:     4278.320     4278.420     4282.960     4283.310     4285.440
  1275:     4294.120     4296.050     4297.660     4299.850     4300.090
  1280:     4300.620     4304.210     4304.430     4304.510     4304.530
  1285:     4304.690     4305.910     4306.080     4306.880     4306.960
  1290:     4307.020     4307.550     4308.440     4308.620     4325.510
  1295:     4325.760     4325.900     4381.650     4381.970     4383.120
  1300:     4383.330     4386.390     4386.460     4386.670     4387.950
  1305:     4390.070     4390.310     4390.630     4394.990     4395.120
  1310:     4395.180     4395.370     4396.790     4396.820     4397.270
  1315:     4397.600     4397.860     4398.640     4398.770     4470.070
  1320:     4470.200     4471.310     4471.560     4478.300     4480.800
  1325:     4480.980     4481.040     4481.150     4484.600     4484.690
  1330:     4489.860     4489.910     4495.320     4546.100     4546.470
  1335:     4546.930     4547.680     4547.690     4548.210     4554.020
  1340:     4554.280     4554.640     4554.670     4554.800     4555.070
  1345:     4556.320     4557.560     4557.580     4558.130     4558.290
  1350:     4560.670     4560.820     4562.280     4564.680     4564.840
  1355:     4564.920     4565.170     4565.250     4565.270     4565.370
  1360:     4574.290     4576.030     4576.070     4576.250     4577.400
  1365:     4577.470     4577.700     4579.260     4579.400     4582.520
  1370:     4582.580     4583.370     4583.480     4583.750     4584.790
  1375:     4586.810     4586.950     4587.180     4588.830     4588.980
  1380:     4589.060     4654.010     4654.270     4654.430     4654.680
  1385:     4654.750     4655.550     4656.770     4658.400     4660.820
  1390:     4661.110     4661.320     4661.480     4663.010     4663.360
  1395:     4664.660     4667.330     4668.790     4682.810     4741.930
  1400:     4743.520     4745.940     4750.880     4750.890     4750.980
  1405:     4751.920     4755.170     4755.330     4755.360     4755.480
  1410:     4756.730     4833.800     4833.920     4835.410     4835.540
  1415:     4837.490     4837.630     4838.090     4841.470     4844.400
  1420:     4845.970     4846.120     4846.220     4846.410     4847.720
  1425:     4847.820     4847.950     4855.240     4855.480     4908.270
  1430:     4923.950     4924.290     4925.600     4927.060     4927.180
  1435:     4927.470     4928.050     4929.940     4930.260     4930.310
  1440:     4932.330     4933.970     4934.120     4934.240     4934.350
  1445:     4934.550     4937.060     4937.100     4937.470     4937.540
  1450:     4937.750     4938.650     4941.460     5006.130     5006.440
  1455:     5007.770     5008.580     5008.610     5011.100     5011.130
  1460:     5011.510     5020.380     5020.460     5020.540     5020.600
  1465:     5022.100     5023.760     5023.790     5023.920     5027.200
  1470:     5100.230     5101.680     5101.780     5102.080     5103.640
  1475:     5106.760     5107.030     5107.590     5112.000     5112.130
  1480:     5112.200     5114.190     5114.790     5115.000     5190.040
  1485:     5190.090     5190.260     5190.390     5191.180     5196.450
  1490:     5196.650     5196.700     5196.820     5196.980     5198.840
  1495:     5200.480     5200.640     5200.740     5200.910     5201.030
  1500:     5202.580     5202.820     5203.220     5203.470     5204.850
  1505:     5206.870     5273.980     5280.350     5280.520     5281.290
  1510:     5281.500     5282.780     5282.870     5284.570     5284.760
  1515:     5286.880     5286.920     5287.220     5290.230     5290.380
  1520:     5293.280     5293.450     5293.500     5293.650     5293.940
  1525:     5295.070     5295.240     5372.550     5372.770     5373.300
  1530:     5373.460     5373.970     5375.690     5375.760     5377.600
  1535:     5384.910     5386.110     5386.250     5386.560     5386.880
  1540:     5387.240     5451.170     5451.270     5451.330     5461.290
  1545:     5461.510     5462.890     5465.530     5470.480     5472.050
  1550:     5472.270     5472.370     5472.420     5472.620     5472.700
  1555:     5473.970     5474.240     5474.760     5474.880     5476.070
  1560:     5476.140     5478.350     5479.720     5480.370     5480.990
  1565:     5541.470     5541.560     5541.830     5551.000     5551.160
  1570:     5554.240     5554.560     5554.570     5554.800     5555.050
  1575:     5556.340     5556.480     5556.510     5558.740     5561.040
  1580:     5563.220     5563.380     5563.670     5565.660     5565.720
  1585:     5565.770     5569.840     5570.620     5570.980     5571.510
  1590:     5635.060     5636.930     5637.130     5639.020     5640.140
  1595:     5642.950     5649.640     5649.860     5649.970     5650.120
  1600:     5650.130     5650.300     5650.540     5651.850     5651.990
  1605:     5652.030     5652.120     5652.520     5657.060     5729.300
  1610:     5729.340     5730.530     5730.700     5730.830     5734.640
  1615:     5734.740     5738.430     5738.500     5738.850     5739.010
  1620:     5739.240     5741.050     5741.280     5743.310     5743.410
  1625:     5743.500     5744.110     5747.140     5747.890     5808.550
  1630:     5808.650     5808.970     5818.120     5818.670     5819.680
  1635:     5819.800     5823.990     5827.130     5831.020     5831.160
  1640:     5832.720     5832.820     5908.130     5908.940     5909.410
  1645:     5910.550     5910.740     5913.530     5914.120     5918.170
  1650:     5918.250     5918.400     5921.150     5921.290     5921.340
  1655:     5921.500     5921.520     5922.080     5922.530     5922.720
  1660:     5995.780     5996.090     6001.210     6004.180     6004.610
  1665:     6006.600     6006.670     6006.710     6006.790     6006.820
  1670:     6008.370     6008.600     6008.810     6008.820     6008.960
  1675:     6009.420     6010.980     6086.810     6087.220     6091.850
  1680:     6091.970     6092.050     6093.270     6093.420     6093.430
  1685:     6093.490     6098.420     6098.680     6100.390     6101.710
  1690:     6156.250     6175.920     6176.120     6177.880     6178.050
  1695:     6180.450     6180.560     6184.050     6184.130     6184.290
  1700:     6188.510     6191.540     6191.600     6191.830     6194.000
  1705:     6194.360     6194.970     6196.040     6196.180     6196.400
  1710:     6199.620     6200.040     6262.860     6262.890     6263.740
  1715:     6263.780     6263.880     6272.140     6272.160     6272.370
  1720:     6273.100     6274.140     6275.620     6275.730     6275.920
  1725:     6277.480     6277.730     6280.560     6281.290     6281.710
  1730:     6334.230     6334.290     6334.620     6342.850     6342.900
  1735:     6343.400     6354.840     6355.050     6357.500     6361.230
  1740:     6361.260     6366.110     6366.210     6366.350     6366.710
  1745:     6368.080     6369.210     6369.350     6369.410     6384.890
  1750:     6450.410     6453.790     6457.560     6458.900     6460.770
  1755:     6460.960     6461.110     6462.520     6464.720     6466.880
  1760:     6467.450     6467.560     6471.110     6539.010     6540.710
  1765:     6540.890     6542.690     6546.420     6546.530     6546.610
  1770:     6546.760     6547.950     6548.060     6548.220     6548.380
  1775:     6548.920     6549.220     6550.890     6550.900     6552.500
  1780:     6552.520     6552.650     6628.680     6631.260     6634.050
  1785:     6634.200     6635.900     6636.320     6639.630     6642.560
  1790:     6717.160     6718.810     6718.920     6721.690     6721.730
  1795:     6724.050     6724.870     6724.940     6726.000     6729.500
  1800:     6729.640     6729.970     6731.700     6731.860     6733.850
  1805:     6815.790     6816.050     6822.650     6822.670     6823.130
  1810:     6825.260     6825.720     6907.400     6907.960     6910.500
  1815:     6911.310     6912.680     6915.690     6989.900     6996.180
  1820:     6996.460     6998.570     6999.020     7001.830     7002.340
  1825:     7004.050     7004.100     7004.310     7005.860     7006.010
  1830:     7082.260     7084.190     7085.850     7086.040     7086.410
  1835:     7088.750     7093.670     7094.100     7094.170     7094.480
  1840:     7094.940     7096.030     7096.240     7096.270     7170.530
  1845:     7170.840     7172.420     7176.330     7176.360     7176.680
  1850:     7181.430     7181.540     7183.900     7184.020     7185.290
  1855:     7190.110     7255.040     7255.810     7260.880     7265.950
  1860:     7266.100     7266.530     7269.430     7271.440     7344.050
  1865:     7344.140     7346.500     7346.650     7349.130     7350.880
  1870:     7350.900     7351.200     7356.520     7358.000     7358.450
  1875:     7361.410     7361.660     7362.260     7427.050     7431.780
  1880:     7432.070     7435.520     7437.820     7438.050     7440.110
  1885:     7440.310     7440.900     7440.920     7441.740     7443.050
  1890:     7449.900     7518.310     7521.790     7522.010     7525.880
  1895:     7526.300     7530.530     7532.530     7532.710     7532.790
  1900:     7611.590     7611.680     7616.860     7616.940     7617.000
  1905:     7617.280     7617.390     7620.090     7620.690     7623.280
  1910:     7623.350     7623.580     7625.310     7625.490     7625.520
  1915:     7630.030     7690.450     7702.360     7702.540     7703.740
  1920:     7703.760     7706.490     7707.420     7707.490     7710.990
  1925:     7711.220     7711.360     7711.460     7713.380     7713.440
  1930:     7713.600     7713.880     7714.310     7715.700     7715.910
  1935:     7791.560     7791.650     7793.290     7793.530     7795.540
  1940:     7796.400     7797.020     7800.650     7800.710     7801.100
  1945:     7802.080     7802.120     7803.460     7805.340     7805.370
  1950:     7810.170     7810.370     7870.290     7870.400     7881.130
  1955:     7881.560     7882.980     7888.240     7890.330     7892.340
  1960:     7893.280     7894.970     7895.210     7895.890     7895.980
  1965:     7971.340     7972.500     7972.710     7974.170     7974.300
  1970:     7977.640     7977.910     7983.080     7983.090     7983.210
  1975:     7983.570     7983.620     7985.580     8061.030     8063.770
  1980:     8066.170     8066.270     8066.720     8069.280     8070.690
  1985:     8070.800     8070.890     8070.920     8071.090     8071.320
  1990:     8072.410     8072.470     8072.510     8075.050     8075.070
  1995:     8134.570     8149.560     8152.480     8153.760     8153.970
  2000:     8154.010     8154.070     8154.180     8154.410     8156.960
  2005:     8161.830     8161.970     8243.370     8248.130     8248.460
  2010:     8248.970     8250.110     8250.590     8251.810     8252.010
  2015:     8252.020     8252.190     8253.980     8254.790     8340.620
  2020:     8344.270     8348.550     8348.650     8351.780     8353.340
  2025:     8422.150     8422.420     8427.580     8431.240     8432.980
  2030:     8433.040     8433.110     8433.190     8433.460     8434.790
  2035:     8434.850     8434.940     8442.050     8442.140     8442.240
  2040:     8442.570     8513.590     8514.730     8517.030     8520.830
  2045:     8520.940     8521.420     8523.810     8526.700     8527.290
  2050:     8527.390     8527.530     8527.620     8528.100     8532.020
  2055:     8600.640     8601.410     8604.670     8608.550     8609.230
  2060:     8610.930     8613.160     8615.070     8615.150     8618.390
  2065:     8690.960     8699.290     8703.580     8705.740     8709.750
  2070:     8758.730     8777.460     8777.700     8785.870     8786.030
  2075:     8786.150     8786.220     8786.440     8787.850     8789.280
  2080:     8789.500     8789.620     8790.640     8792.020     8869.730
  2085:     8876.320     8876.510     8877.180     8877.770     8880.310
  2090:     8883.100     8883.410     8883.540     8883.630     8883.710
  2095:     8884.260     8973.880     8973.980
G:
     0:        0.180        8.510       10.620       80.300       81.190
     5:       89.470       89.650       89.700       89.930       90.120
    10:       92.450       92.470       92.590       93.670       93.890
    15:       95.200      100.530      100.620      100.980      103.960
    20:      104.030      104.360      104.560      104.610      106.240
    25:      106.390      107.420      107.450      107.630      108.180
    30:      108.760      108.850      109.240      109.680      109.760
    35:      110.280      110.320      110.510      111.920      112.820
    40:      112.870      113.070      113.460      174.200      282.970
    45:      283.180      283.670      286.970      291.720      291.850
    50:      353.530      366.250      385.630      464.110      550.380
    55:      550.580      553.500      553.570      553.650      555.010
    60:      555.170      556.390      556.630      556.660      556.880
    65:      557.240      557.550      558.500      558.630      558.760
    70:      558.880      558.970      559.050      559.520      559.890
    75:      560.430      561.660      561.910      562.010      562.080
    80:      562.890      563.050      563.540      564.500      564.520
    85:      564.890      565.010      565.770      565.930      566.150
    90:      566.930      628.880      628.990      629.150      629.620
    95:      631.050      631.170      632.350      633.380      636.040
   100:      636.200      636.210      636.340      637.810      637.880
   105:      638.240      644.470      644.840      645.040      645.080
   110:      729.750      739.590      802.840      806.100      817.850
   115:      818.400      823.140      891.320      906.030      908.870
   120:      909.280      911.830      911.920      916.960      917.100
   125:      917.580      923.000      998.120     1006.450     1006.900
   130:     1007.210     1068.140     1068.550     1098.540     1099.620
   135:     1162.130     1162.280     1165.130     1165.250     1165.310
   140:     1170.310     1170.440     1170.640     1172.390     1172.640
   145:     1172.870     1173.000     1180.730     1191.870     1192.340
   150:     1194.660     1285.680     1343.590     1365.670     1368.280
   155:     1373.000     1447.360     1461.860     1527.320     1527.490
   160:     1535.650     1536.110     1539.720     1540.070     1543.910
   165:     1544.020     1552.660     1555.520     1555.780     1837.000
   170:     1909.460     1909.680     2016.260     2016.360     2016.530
   175:     2089.750     2097.890     2098.300     2098.660     2112.880
   180:     2169.360     2199.410     2261.050     2261.270     2262.090
   185:     2266.160     2274.300     2274.500     2274.790     2274.930
   190:     2275.210     2295.380     2382.800     2383.220     2461.270
   195:     2461.760     2467.610     2468.030     2475.380     2475.760
   200:     2476.010     2550.850     2560.040     2560.280     2633.780
   205:     2651.350     2653.690     2738.420     2808.140     2827.230
   210:     2909.330     2909.670     2911.690     2915.130     2916.350
   215:     2920.240     2920.390     2920.540     2920.640     2923.340
   220:     2995.350     2995.930     2998.090     2998.130     2998.310
   225:     2998.350     2998.610     3003.640     3008.970     3010.270
   230:     3011.400     3012.120     3012.580     3013.380     3084.680
   235:     3087.740     3092.060     3092.300     3092.990     3099.250
   240:     3186.670     3266.940     3267.000     3279.930     3283.230
   245:     3283.860     3454.780     3454.880     3458.050     3460.860
   250:     3464.910     3529.130     3529.230     3551.110     3551.460
   255:     3551.920     3552.700     3644.250     3645.640     3717.400
   260:     3730.060     3730.400     3734.670     3908.070     3915.500
   265:     3976.290     3994.010     4001.960     4082.090     4089.340
   270:     4171.310     4177.480     4245.510     4245.580     4340.850
   275:     4434.840     4435.120     4534.300     4534.760     4625.210
   280:     4631.640     4802.610     4802.660     4803.410     4807.480
   285:     4807.980     4894.840     4976.380     5148.840     5344.260
   290:     5347.090     5512.510     5512.910     5597.940     5874.000
   295:     5877.270     5958.560     5974.910     6038.830     6217.370
   300:     6237.670     6316.800     6316.890     7056.730     7404.100
H:
     0:      102.030      171.320      173.190      204.280      382.510
     5:      457.250      458.800      460.920      548.670      548.810
    10:     2273.730     2465.820     4805.080     8392.460
I:
     0:      130.680      166.670      666.140      666.440      667.620
     5:      667.840      668.160     2048.560
K:
L:
     0:       42.670       46.770      132.430      137.050      222.910
     5:      226.880      312.340      314.450      317.290      401.560
    10:      404.310      490.510      493.800      583.180      585.250
    15:      671.410      675.250      758.310      758.430      847.630
    20:      940.360     1027.340     1118.340     1210.660     1301.270
    25:     1392.200     1485.070     1485.270     1488.920     1578.460
    30:     1667.450     1760.300     1853.960     1947.240     2038.220
    35:     2039.580     2128.260     2218.110     2311.180     2312.110
    40:     2312.220     2404.470     2492.640     2497.570     2580.410
    45:     2670.390     2760.190     2764.870     2851.240     2851.310
    50:     2940.370     2940.620     3031.220     3125.150     3213.150
    55:     3299.440     3299.690     3391.470     3480.260     3571.160
    60:     3571.550     3661.700     3665.920     3750.280     3840.170
    65:     3932.150     4021.200     4110.280     4198.810     4203.750
    70:     4288.450     4288.740     4378.310     4464.230     4467.270
    75:     4468.670     4568.550     4570.400     4570.900     4648.220
    80:     4736.240     4739.600     4828.210     4828.240     4832.010
    85:     4918.230     4922.280     5003.200     5094.390     5094.540
    90:     5184.380     5184.670     5274.680     5278.900     5366.860
    95:     5371.040     5455.620     5457.940     5459.020     5459.110
   100:     5545.250     5546.690     5549.950     5632.230     5723.680
   105:     5723.840     5812.220     5815.480     5902.210     5902.460
   110:     5906.350     5990.430     6081.150     6081.440     6083.860
   115:     6170.220     6173.770     6257.250     6259.870     6349.240
   120:     6351.720     6444.450     6444.620     6532.770     6622.180
   125:     6711.230     6711.960     6805.360     6892.270     6894.960
   130:     6985.530     7075.790     7164.660     7248.870     7338.120
   135:     7340.770     7423.210     7512.240     7605.290     7696.320
   140:     7696.540     7785.770     7875.240     7879.010     7965.590
   145:     7965.800     7970.280     8055.110     8058.760     8141.240
   150:     8141.620     8234.720     8327.800     8414.590     8507.650
   155:     8508.970     8594.790     8599.630     8684.950     8771.520
   160:     8863.730
M:
     0:       10.000       12.000       12.000       13.000       14.000
     5:       17.000       12.000       15.000       16.000       14.000
    10:       12.000       15.000       14.000       14.000       12.000
    15:       14.000       15.000       14.000       16.000       10.000
    20:       15.000       14.000       16.000       17.000       15.000
    25:       14.000       18.000       12.000       14.000       16.000
    30:       11.000       13.000       13.000       14.000       15.000
    35:       18.000       13.000       16.000       17.000       15.000
    40:       13.000       16.000       15.000       15.000       13.000
    45:       15.000       16.000       15.000       17.000       11.000
    50:       16.000       15.000       17.000       18.000       16.000
    55:       15.000       19.000       13.000       15.000       17.000
    60:       12.000       14.000       14.000       15.000       16.000
    65:       19.000       14.000       17.000       18.000       16.000
    70:       14.000       17.000       16.000       16.000       14.000
    75:       16.000       17.000       16.000       18.000       12.000
    80:       17.000       16.000       18.000       19.000       17.000
    85:       16.000       20.000       14.000       16.000       19.000
    90:       13.000       14.000       13.000       19.000       13.000
    95:       15.000       14.000       13.000       14.000
P:
     0:       62.670       63.170       63.670      152.430      152.930
     5:      153.430      242.910      243.410      243.910      332.340
    10:      332.840      333.340      421.560      422.060      422.560
    15:      510.510      511.010      511.510      603.180      603.680
    20:      604.180      691.410      691.910      692.410      778.310
    25:      778.810      779.310      867.630      868.130      868.630
    30:      960.360      960.860      961.360     1047.340     1047.840
    35:     1048.340     1138.340     1138.840     1139.340     1230.660
    40:     1231.160     1231.660     1321.270     1321.770     1322.270
    45:     1412.200     1412.700     1413.200     1505.070     1505.570
    50:     1506.070     1598.460     1598.960     1599.460     1687.450
    55:     1687.950     1688.450     1780.300     1780.800     1781.300
    60:     1873.960     1874.460     1874.960     1967.240     1967.740
    65:     1968.240     2058.220     2058.720     2059.220     2148.260
    70:     2148.760     2149.260     2238.110     2238.610     2239.110
    75:     2331.180     2331.680     2332.180     2424.470     2424.970
    80:     2425.470     2512.640     2513.140     2513.640     2600.410
    85:     2600.910     2601.410     2690.390     2690.890     2691.390
    90:     2780.190     2780.690     2781.190     2871.240     2871.740
    95:     2872.240     2960.370     2960.870     2961.370     3051.220
   100:     3051.720     3052.220     3145.150     3145.650     3146.150
   105:     3233.150     3233.650     3234.150     3319.440     3319.940
   110:     3320.440     3411.470     3411.970     3412.470     3500.260
   115:     3500.760     3501.260     3591.160     3591.660     3592.160
   120:     3681.700     3682.200     3682.700     3770.280     3770.780
   125:     3771.280     3860.170     3860.670     3861.170     3952.150
   130:     3952.650     3953.150     4041.200     4041.700     4042.200
   135:     4130.280     4130.780     4131.280     4218.810     4219.310
   140:     4219.810     4308.450     4308.950     4309.450     4398.310
   145:     4398.810     4399.310     4484.230     4484.730     4485.230
   150:     4588.550     4589.050     4589.550     4668.220     4668.720
   155:     4669.220     4756.240     4756.740     4757.240     4848.210
   160:     4848.710     4849.210     4938.230     4938.730     4939.230
   165:     5023.200     5023.700     5024.200     5114.390     5114.890
   170:     5115.390     5204.380     5204.880     5205.380     5294.680
   175:     5295.180     5295.680     5386.860     5387.360     5387.860
   180:     5475.620     5476.120     5476.620     5565.250     5565.750
   185:     5566.250     5652.230     5652.730     5653.230     5743.680
   190:     5744.180     5744.680     5832.220     5832.720     5833.220
   195:     5922.210     5922.710     5923.210     6010.430     6010.930
   200:     6011.430     6101.150     6101.650     6102.150     6190.220
   205:     6190.720     6191.220     6277.250     6277.750     6278.250
   210:     6369.240     6369.740     6370.240     6464.450     6464.950
   215:     6465.450     6552.770     6553.270     6553.770     6642.180
   220:     6642.680     6643.180     6731.230     6731.730     6732.230
   225:     6825.360     6825.860     6826.360     6912.270     6912.770
   230:     6913.270     7005.530     7006.030     7006.530     7095.790
   235:     7096.290     7096.790     7184.660     7185.160     7185.660
   240:     7268.870     7269.370     7269.870     7358.120     7358.620
   245:     7359.120     7443.210     7443.710     7444.210     7532.240
   250:     7532.740     7533.240     7625.290     7625.790     7626.290
   255:     7716.320     7716.820     7717.320     7805.770     7806.270
   260:     7806.770     7895.240     7895.740     7896.240     7985.590
   265:     7986.090     7986.590     8075.110     8075.610     8076.110
   270:     8161.240     8161.740     8162.240     8254.720     8255.220
   275:     8255.720     8347.800     8348.300     8348.800     8434.590
   280:     8435.090     8435.590     8527.650     8528.150     8528.650
   285:     8614.790     8615.290     8615.790     8704.950     8705.450
   290:     8705.950     8791.520     8792.020     8792.520     8883.730
   295:     8884.230     8884.730
R:
     0:       42.670      132.430      222.910      312.340      401.560
     5:      490.510      583.180      671.410      758.310      847.630
    10:      940.360     1027.340     1118.340     1210.660     1301.270
    15:     1392.200     1485.070     1578.460     1667.450     1760.300
    20:     1853.960     1947.240     2038.220     2128.260     2218.110
    25:     2311.180     2404.470     2492.640     2580.410     2670.390
    30:     2760.190     2851.240     2940.370     3031.220     3125.150
    35:     3213.150     3299.440     3391.470     3480.260     3571.160
    40:     3661.700     3750.280     3840.170     3932.150     4021.200
    45:     4110.280     4198.810     4288.450     4378.310     4464.230
    50:     4568.550     4648.220     4736.240     4828.210     4918.230
    55:     5003.200     5094.390     5184.380     5274.680     5366.860
    60:     5455.620     5545.250     5632.230     5723.680     5812.220
    65:     5902.210     5990.430     6081.150     6170.220     6257.250
    70:     6349.240     6444.450     6532.770     6622.180     6711.230
    75:     6805.360     6892.270     6985.530     7075.790     7164.660
    80:     7248.870     7338.120     7423.210     7512.240     7605.290
    85:     7696.320     7785.770     7875.240     7965.590     8055.110
    90:     8141.240     8234.720     8327.800     8414.590     8507.650
    95:     8594.790     8684.950     8771.520     8863.730
V:
W:
     0:        1.000        1.000        1.000        1.000        1.000
     5:        1.000        1.000        1.000        1.000        1.000
    10:        1.000        1.000        1.000        1.000        1.000
    15:        1.000        1.000        1.000        1.000        1.000
    20:        1.000        1.000        1.000        1.000        1.000
    25:        1.000        1.000        1.000        1.000        1.000
    30:        1.000        1.000        1.000        1.000        1.000
    35:        1.000        1.000        1.000        1.000        1.000
    40:        1.000        1.000        1.000        1.000        1.000
    45:        1.000        1.000        1.000        1.000        1.000
    50:        1.000        1.000        1.000        1.000        1.000
    55:        1.000        1.000        1.000        1.000        1.000
    60:        1.000        1.000        1.000        1.000        1.000
    65:        1.000        1.000        1.000        1.000        1.000
    70:        1.000        1.000        1.000        1.000        1.000
    75:        1.000        1.000        1.000        1.000        1.000
    80:        1.000        1.000        1.000        1.000        1.000
    85:        1.000        1.000        1.000        1.000        1.000
    90:        1.000        1.000        1.000        1.000        1.000
    95:        1.000        1.000        1.000        1.000        1.000
   100:        1.000        1.000        1.000        1.000        1.000
   105:        1.000        1.000        1.000        1.000        1.000
X:
     0:       15.000       15.150      106.000      106.150      197.000
     5:      197.150      287.000      287.150      376.000      376.150
    10:      465.000      465.150      557.000      557.150      646.000
    15:      646.150      733.000      733.150      822.000      822.150
    20:      915.000      915.150     1002.000     1002.150     1093.000
    25:     1093.150     1185.000     1185.150     1276.000     1276.150
    30:     1367.000     1367.150     1459.000     1459.150     1550.000
    35:     1550.150     1642.000     1642.150     1735.000     1735.150
    40:     1828.000     1828.150     1922.000     1922.150     2013.000
    45:     2013.150     2103.000     2103.150     2192.000     2192.150
    50:     2286.000     2286.150     2379.000     2379.150     2467.000
    55:     2467.150     2555.000     2555.150     2645.000     2645.150
    60:     2735.000     2735.150     2826.000     2826.150     2915.000
    65:     2915.150     3006.000     3006.150     3100.000     3100.150
    70:     3188.000     3188.150     3274.000     3274.150     3366.000
    75:     3366.150     3455.000     3455.150     3546.000     3546.150
    80:     3636.000     3636.150     3725.000     3725.150     3815.000
    85:     3815.150     3907.000     3907.150     3996.000     3996.150
    90:     4085.000     4085.150     4173.000     4173.150     4263.000
    95:     4263.150     4353.000     4353.150     4439.000     4439.150
   100:     4532.000     4532.150     4623.000     4623.150     4711.000
   105:     4711.150     4803.000     4803.150     4893.000     4893.150
   110:     4978.000     4978.150     5069.000     5069.150     5159.000
   115:     5159.150     5249.000     5249.150     5341.000     5341.150
   120:     5430.000     5430.150     5520.000     5520.150     5607.000
   125:     5607.150     5698.000     5698.150     5787.000     5787.150
   130:     5877.000     5877.150     5965.000     5965.150     6056.000
   135:     6056.150     6145.000     6145.150     6232.000     6232.150
   140:     6324.000     6324.150     6419.000     6419.150     6507.000
   145:     6507.150     6596.000     6596.150     6685.000     6685.150
   150:     6779.000     6779.150     6867.000     6867.150     6959.000
   155:     6959.150     7049.000     7049.150     7138.000     7138.150
   160:     7223.000     7223.150     7311.000     7311.150     7398.000
   165:     7398.150     7487.000     7487.150     7580.000     7580.150
   170:     7671.000     7671.150     7759.000     7759.150     7850.000
   175:     7850.150     7940.000     7940.150     8027.000     8027.150
   180:     8116.000     8116.150     8207.000     8207.150     8301.000
   185:     8301.150     8388.000     8388.150     8480.000     8480.150
   190:     8567.000     8567.150     8658.000     8658.150     8746.000
   195:     8746.150     8836.000     8836.150     8925.000     8925.150
Y:
Z:
     0:        0.000       99.000      161.000        8.000       14.000
     5:        0.000      297.000      200.000        0.000        0.000
    10:        0.000     2098.000      305.000        0.000        0.000
    15:        0.000
