File: C:\MED-PC IV\Data\Tarun\RM-B12_RM036\postBaseplate\R19\S02_R19_FR1_20s_100trials


Start Date: 06/18/17
End Date: 06/18/17
Subject: 19
Experiment: 0
Group: 0
Box: 1
Start Time:  9:21:06
End Time: 11:51:54
MSN: MiniScope_FR1-3p_100trials_05222017
A:       0.000
E:       0.000
J:     101.000
N:       0.000
O:       0.000
Q:       0.000
S:       0.000
T:    9016.000
U:       0.000
B:
     0:        0.000       10.000       10.000       15.000       20.000
     5:       20.000       20.000       10.000       16.000      100.000
    10:        1.000        3.000       15.000        0.010        1.000
    15:        0.000        0.000        5.000       20.000        5.000
C:
     0:      100.000      100.000      275.000        2.000        0.548
     5:        0.000      300.000      100.000        6.000        0.548
    10:        0.000     2107.000       39.000        0.000       15.020
    15:        1.000        1.000        3.000        0.000        1.750
    20:        1.000        3.000        1.000        0.000        1.750
    25:        1.000        3.000        0.000        0.000       18.000
    30:        2.000        1.000        3.000        0.000        0.260
    35:        2.000        3.000        1.000        0.000        0.260
    40:        2.000       15.000        1.000        0.000       16.000
    45:        3.000        1.000        2.000        0.000        0.230
    50:        3.000        3.000        1.000        0.000        0.230
    55:        3.000       11.000        1.000        0.000       15.000
    60:        4.000        1.000        2.000        0.000        1.630
    65:        4.000        3.000        1.000        0.000        1.630
    70:        4.000       22.000        3.000        0.000       15.000
    75:        5.000        1.000        2.000        0.000        0.230
    80:        5.000        3.000        1.000        0.000        0.230
    85:        5.000       17.000        0.000        0.000       12.000
    90:        6.000        1.000        1.000        0.000        0.460
    95:        6.000        3.000        1.000        0.000        0.460
   100:        6.000       25.000        0.000        0.000       17.000
   105:        7.000        1.000        5.000        2.000        0.370
   110:        7.000        3.000        1.000        4.000        0.370
   115:        7.000       15.000        3.000        0.000       16.000
   120:        8.000        1.000        1.000        0.000        0.290
   125:        8.000        3.000        1.000        0.000        0.290
   130:        8.000       17.000        1.000        0.000       14.000
   135:        9.000        1.000        2.000        0.000        0.270
   140:        9.000        3.000        1.000        0.000        0.270
   145:        9.000       32.000        0.000        0.000       14.000
   150:       10.000        1.000        4.000        0.000        0.240
   155:       10.000        3.000        1.000        0.000        0.240
   160:       10.000       19.000        0.000        0.000       15.000
   165:       11.000        1.000        2.000        0.000        1.130
   170:       11.000        3.000        1.000        0.000        1.130
   175:       11.000       22.000        0.000        0.000       13.000
   180:       12.000        1.000        3.000        0.000        0.220
   185:       12.000        3.000        1.000        0.000        0.220
   190:       12.000       19.000        0.000        0.000       15.000
   195:       13.000        1.000        2.000        0.000        0.270
   200:       13.000        3.000        1.000        0.000        0.270
   205:       13.000       22.000        0.000        0.000       19.000
   210:       14.000        1.000        3.000        0.000        0.670
   215:       14.000        3.000        1.000        0.000        0.670
   220:       14.000       20.000        0.000        0.000       18.000
   225:       15.000        1.000        3.000        0.000        0.230
   230:       15.000        3.000        1.000        0.000        0.230
   235:       15.000       22.000        0.000        0.000       14.000
   240:       16.000        1.000        2.000        0.000        0.250
   245:       16.000        3.000        1.000        0.000        0.250
   250:       16.000       16.000        0.000        0.000       13.000
   255:       17.000        1.000        3.000        0.000        0.380
   260:       17.000        3.000        1.000        0.000        0.380
   265:       17.000       23.000        4.000        0.000       15.000
   270:       18.000        1.000        4.000        0.000        0.260
   275:       18.000        3.000        1.000        0.000        0.260
   280:       18.000       28.000        4.000        0.000       10.000
   285:       19.000        1.000        4.000        0.000        0.300
   290:       19.000        3.000        1.000        0.000        0.300
   295:       19.000       24.000        1.000        0.000       16.000
   300:       20.000        1.000        2.000        0.000        0.270
   305:       20.000        3.000        1.000        0.000        0.270
   310:       20.000       29.000        0.000        0.000       14.000
   315:       21.000        1.000        5.000        0.000        0.280
   320:       21.000        3.000        1.000        0.000        0.280
   325:       21.000       28.000        0.000        0.000       16.000
   330:       22.000        1.000        4.000        0.000        0.420
   335:       22.000        3.000        1.000        0.000        0.420
   340:       22.000       28.000        0.000        0.000       16.000
   345:       23.000        1.000        3.000        0.000        0.270
   350:       23.000        3.000        1.000        0.000        0.270
   355:       23.000       28.000        0.000        0.000       17.000
   360:       24.000        1.000        4.000        0.000        0.250
   365:       24.000        3.000        1.000        0.000        0.250
   370:       24.000       44.000        2.000        0.000       15.000
   375:       25.000        1.000        3.000        0.000        0.740
   380:       25.000        3.000        1.000        0.000        0.740
   385:       25.000       33.000        0.000        0.000       20.000
   390:       26.000        1.000        3.000        0.000        0.270
   395:       26.000        3.000        1.000        0.000        0.270
   400:       26.000       38.000        0.000        0.000       16.000
   405:       27.000        1.000        4.000        0.000        0.230
   410:       27.000        3.000        1.000        0.000        0.230
   415:       27.000       31.000        0.000        0.000       11.000
   420:       28.000        1.000        3.000        0.000        0.320
   425:       28.000        3.000        1.000        0.000        0.320
   430:       28.000       35.000        0.000        0.000       15.000
   435:       29.000        1.000        3.000        0.000        0.250
   440:       29.000        3.000        1.000        0.000        0.250
   445:       29.000       22.000        3.000        0.000       11.000
   450:       30.000        1.000        3.000        0.000        1.300
   455:       30.000        3.000        1.000        0.000        1.300
   460:       30.000       22.000        0.000        0.000       12.000
   465:       31.000        1.000        3.000        0.000        0.810
   470:       31.000        3.000        1.000        0.000        0.810
   475:       31.000       19.000        0.000        0.000       19.000
   480:       32.000        1.000        4.000        0.000        0.250
   485:       32.000        3.000        1.000        0.000        0.250
   490:       32.000       11.000        0.000        0.000       13.000
   495:       33.000        1.000        2.000        0.000        0.220
   500:       33.000        3.000        1.000        0.000        0.220
   505:       33.000       19.000        0.000        0.000       16.000
   510:       34.000        1.000        4.000        0.000        0.220
   515:       34.000        3.000        1.000        0.000        0.220
   520:       34.000       23.000        1.000        0.000       13.000
   525:       35.000        1.000        3.000        0.000        0.280
   530:       35.000        3.000        1.000        0.000        0.280
   535:       35.000       31.000        1.000        0.000       14.000
   540:       36.000        1.000        3.000        0.000        0.230
   545:       36.000        3.000        1.000        0.000        0.230
   550:       36.000       15.000        0.000        0.000       15.000
   555:       37.000        1.000        2.000        0.000        0.290
   560:       37.000        3.000        1.000        0.000        0.290
   565:       37.000       25.000        0.000        0.000       19.000
   570:       38.000        1.000        4.000        0.000        0.330
   575:       38.000        3.000        1.000        0.000        0.330
   580:       38.000       19.000        0.000        0.000       14.000
   585:       39.000        1.000        2.000        0.000        0.720
   590:       39.000        3.000        1.000        0.000        0.720
   595:       39.000       23.000        1.000        0.000       12.000
   600:       40.000        1.000        3.000        0.000        0.390
   605:       40.000        3.000        1.000        0.000        0.390
   610:       40.000       34.000        0.000        0.000       14.000
   615:       41.000        1.000        3.000        0.000        0.300
   620:       41.000        3.000        1.000        0.000        0.300
   625:       41.000       27.000        0.000        0.000       16.000
   630:       42.000        1.000        3.000        0.000        0.250
   635:       42.000        3.000        1.000        0.000        0.250
   640:       42.000       18.000        0.000        0.000       12.000
   645:       43.000        1.000        3.000        0.000        0.250
   650:       43.000        3.000        1.000        0.000        0.250
   655:       43.000       18.000        0.000        0.000       18.000
   660:       44.000        1.000        4.000        0.000        2.100
   665:       44.000        3.000        1.000        0.000        2.100
   670:       44.000       25.000        1.000        0.000       14.000
   675:       45.000        1.000        4.000        0.000        0.160
   680:       45.000        3.000        1.000        0.000        0.160
   685:       45.000       18.000        0.000        0.000       16.000
   690:       46.000        1.000        3.000        0.000        0.280
   695:       46.000        3.000        1.000        0.000        0.280
   700:       46.000        9.000        1.000        0.000       15.000
   705:       47.000        1.000        2.000        0.000        0.250
   710:       47.000        3.000        1.000        0.000        0.250
   715:       47.000       24.000        0.000        0.000       15.000
   720:       48.000        1.000        2.000        0.000        0.210
   725:       48.000        3.000        1.000        0.000        0.210
   730:       48.000       20.000        0.000        0.000       17.000
   735:       49.000        1.000        3.000        0.000        0.130
   740:       49.000        3.000        1.000        0.000        0.130
   745:       49.000       19.000        0.000        0.000       16.000
   750:       50.000        1.000        3.000        0.000        0.260
   755:       50.000        3.000        1.000        0.000        0.260
   760:       50.000       17.000        0.000        0.000       16.000
   765:       51.000        1.000        4.000        0.000        0.230
   770:       51.000        3.000        1.000        0.000        0.230
   775:       51.000       14.000        0.000        0.000       14.000
   780:       52.000        1.000        4.000        0.000        1.520
   785:       52.000        3.000        1.000        0.000        1.520
   790:       52.000       18.000        0.000        0.000       17.000
   795:       53.000        1.000        3.000        0.000        0.220
   800:       53.000        3.000        1.000        0.000        0.220
   805:       53.000       16.000        0.000        0.000       19.000
   810:       54.000        1.000        1.000        0.000        1.360
   815:       54.000        3.000        1.000        0.000        1.360
   820:       54.000       14.000        0.000        0.000       13.000
   825:       55.000        1.000        2.000        0.000        0.310
   830:       55.000        3.000        1.000        0.000        0.310
   835:       55.000       21.000        0.000        0.000       14.000
   840:       56.000        1.000        2.000        0.000        0.240
   845:       56.000        3.000        1.000        0.000        0.240
   850:       56.000       22.000        0.000        0.000       15.000
   855:       57.000        1.000        2.000        0.000        0.220
   860:       57.000        3.000        1.000        0.000        0.220
   865:       57.000       25.000        0.000        0.000       16.000
   870:       58.000        1.000        3.000        0.000        0.520
   875:       58.000        3.000        1.000        0.000        0.520
   880:       58.000       13.000        0.000        0.000       10.000
   885:       59.000        1.000        2.000        0.000        1.310
   890:       59.000        3.000        1.000        0.000        1.310
   895:       59.000       18.000        0.000        0.000       14.000
   900:       60.000        1.000        4.000        0.000        0.260
   905:       60.000        3.000        1.000        0.000        0.260
   910:       60.000       26.000        0.000        0.000       13.000
   915:       61.000        1.000        2.000        0.000        0.380
   920:       61.000        3.000        1.000        0.000        0.380
   925:       61.000       29.000        0.000        0.000       14.000
   930:       62.000        1.000        4.000        0.000        0.890
   935:       62.000        3.000        1.000        0.000        0.890
   940:       62.000       23.000        0.000        0.000       14.000
   945:       63.000        1.000        3.000        0.000        0.340
   950:       63.000        3.000        1.000        0.000        0.340
   955:       63.000       22.000        1.000        0.000       15.000
   960:       64.000        1.000        3.000        0.000        0.260
   965:       64.000        3.000        1.000        0.000        0.260
   970:       64.000       21.000        3.000        0.000       13.000
   975:       65.000        1.000        2.000        0.000        2.070
   980:       65.000        3.000        1.000        0.000        2.070
   985:       65.000       24.000        0.000        0.000       13.000
   990:       66.000        1.000        2.000        0.000        0.260
   995:       66.000        3.000        1.000        0.000        0.260
  1000:       66.000       13.000        0.000        0.000       17.000
  1005:       67.000        1.000        2.000        0.000        0.290
  1010:       67.000        3.000        1.000        0.000        0.290
  1015:       67.000       38.000        0.000        0.000       16.000
  1020:       68.000        1.000        4.000        0.000        0.450
  1025:       68.000        3.000        1.000        2.000        0.450
  1030:       68.000       20.000        2.000        0.000       16.000
  1035:       69.000        1.000        4.000        0.000        0.110
  1040:       69.000        3.000        1.000        0.000        0.110
  1045:       69.000       18.000        0.000        0.000       14.000
  1050:       70.000        1.000        1.000        0.000        1.440
  1055:       70.000        3.000        1.000        0.000        1.440
  1060:       70.000       27.000        2.000        0.000       12.000
  1065:       71.000        1.000        2.000        0.000        1.580
  1070:       71.000        3.000        1.000        0.000        1.580
  1075:       71.000        7.000        0.000        0.000       18.000
  1080:       72.000        1.000        2.000        0.000        0.280
  1085:       72.000        3.000        1.000        0.000        0.280
  1090:       72.000       31.000        1.000        0.000       17.000
  1095:       73.000        1.000        2.000        0.000        1.040
  1100:       73.000        3.000        1.000        0.000        1.040
  1105:       73.000       30.000        0.000        0.000       17.000
  1110:       74.000        1.000        2.000        0.000        0.250
  1115:       74.000        3.000        1.000        0.000        0.250
  1120:       74.000       27.000        0.000        0.000       14.000
  1125:       75.000        1.000        3.000        0.000        0.320
  1130:       75.000        3.000        1.000        0.000        0.320
  1135:       75.000       47.000        0.000        0.000       18.000
  1140:       76.000        1.000        3.000        0.000        0.260
  1145:       76.000        3.000        1.000        0.000        0.260
  1150:       76.000       17.000        0.000        0.000       17.000
  1155:       77.000        1.000        5.000        0.000        0.240
  1160:       77.000        3.000        1.000        0.000        0.240
  1165:       77.000        9.000        0.000        0.000       15.000
  1170:       78.000        1.000        2.000        0.000        2.570
  1175:       78.000        3.000        1.000        0.000        2.570
  1180:       78.000       27.000        0.000        0.000       13.000
  1185:       79.000        1.000        1.000        0.000        0.680
  1190:       79.000        3.000        1.000        0.000        0.680
  1195:       79.000        8.000        0.000        0.000       13.000
  1200:       80.000        1.000        2.000        0.000        0.310
  1205:       80.000        3.000        1.000        0.000        0.310
  1210:       80.000       36.000        0.000        0.000       17.000
  1215:       81.000        1.000        2.000        0.000        0.910
  1220:       81.000        3.000        1.000        0.000        0.910
  1225:       81.000       25.000        0.000        0.000       12.000
  1230:       82.000        1.000        2.000        0.000        1.220
  1235:       82.000        3.000        1.000        0.000        1.220
  1240:       82.000       19.000        0.000        0.000       16.000
  1245:       83.000        1.000        2.000        0.000        1.760
  1250:       83.000        3.000        1.000        0.000        1.760
  1255:       83.000        7.000        0.000        0.000       14.000
  1260:       84.000        1.000        1.000        0.000        0.850
  1265:       84.000        3.000        1.000        0.000        0.850
  1270:       84.000       20.000        0.000        0.000       16.000
  1275:       85.000        1.000        3.000        0.000        0.260
  1280:       85.000        3.000        1.000        0.000        0.260
  1285:       85.000       21.000        0.000        0.000       14.000
  1290:       86.000        1.000        1.000        0.000        0.300
  1295:       86.000        3.000        1.000        0.000        0.300
  1300:       86.000       39.000        0.000        0.000       17.000
  1305:       87.000        1.000        2.000        0.000        0.290
  1310:       87.000        3.000        1.000        0.000        0.290
  1315:       87.000       12.000        0.000        0.000       19.000
  1320:       88.000        1.000        1.000        0.000        1.690
  1325:       88.000        3.000        1.000        0.000        1.690
  1330:       88.000        9.000        0.000        0.000       15.000
  1335:       89.000        1.000        2.000        0.000        0.230
  1340:       89.000        3.000        1.000        0.000        0.230
  1345:       89.000        8.000        0.000        0.000       12.000
  1350:       90.000        1.000        3.000        0.000        0.270
  1355:       90.000        3.000        1.000        0.000        0.270
  1360:       90.000       19.000        0.000        0.000       15.000
  1365:       91.000        1.000        3.000        0.000        0.240
  1370:       91.000        3.000        1.000        0.000        0.240
  1375:       91.000       25.000        1.000        0.000       16.000
  1380:       92.000        1.000        1.000        0.000        0.270
  1385:       92.000        3.000        1.000        0.000        0.270
  1390:       92.000       11.000        0.000        0.000       13.000
  1395:       93.000        1.000        2.000        0.000        0.260
  1400:       93.000        3.000        1.000        0.000        0.260
  1405:       93.000       23.000        0.000        0.000       18.000
  1410:       94.000        1.000        3.000        0.000        0.230
  1415:       94.000        3.000        1.000        0.000        0.230
  1420:       94.000        1.000        0.000        0.000       14.000
  1425:       95.000        1.000        5.000        0.000        0.260
  1430:       95.000        3.000        1.000        0.000        0.260
  1435:       95.000       13.000        0.000        0.000       14.000
  1440:       96.000        1.000        2.000        0.000        0.290
  1445:       96.000        3.000        1.000        0.000        0.290
  1450:       96.000       19.000        0.000        0.000       12.000
  1455:       97.000        1.000        3.000        0.000        0.810
  1460:       97.000        3.000        1.000        0.000        0.810
  1465:       97.000        9.000        0.000        0.000       15.000
  1470:       98.000        1.000        4.000        0.000        0.240
  1475:       98.000        3.000        1.000        0.000        0.240
  1480:       98.000       17.000        1.000        0.000       17.000
  1485:       99.000        1.000        5.000        0.000        0.350
  1490:       99.000        3.000        1.000        0.000        0.350
  1495:       99.000       20.000        0.000        0.000       16.000
  1500:      100.000        1.000        2.000        0.000        1.890
  1505:      100.000        3.000        1.000        0.000        1.890
  1510:      100.000        5.000        0.000        0.000       16.000
D:
     0:        0.000        0.000        0.000        0.000        0.000
     5:        0.000        0.000        0.000        0.000        0.000
    10:        0.000        0.000        0.000        0.000        0.000
    15:        1.000       15.000       90.000       40.000       46.750
    20:        1.000       61.750       62.750       41.750       61.750
    25:        1.000       25.000       80.000       15.000       15.150
    30:        2.000      108.000      183.000      133.000      138.260
    35:        2.000      153.260      154.260      133.260      153.260
    40:        2.000      118.000      173.000      108.000      108.150
    45:        3.000      199.000      274.000      224.000      229.230
    50:        3.000      244.230      245.230      224.230      244.230
    55:        3.000      209.000      264.000      199.000      199.150
    60:        4.000      289.000      364.000      314.000      320.630
    65:        4.000      335.630      336.630      315.630      335.630
    70:        4.000      299.000      354.000      289.000      289.150
    75:        5.000      379.000      454.000      404.000      409.230
    80:        5.000      424.230      425.230      404.230      424.230
    85:        5.000      389.000      444.000      379.000      379.150
    90:        6.000      466.000      541.000      491.000      496.460
    95:        6.000      511.460      512.460      491.460      511.460
   100:        6.000      476.000      531.000      466.000      466.150
   105:        7.000      558.000      633.000      583.000      588.370
   110:        7.000      603.370      604.370      583.370      603.370
   115:        7.000      568.000      623.000      558.000      558.150
   120:        8.000      649.000      724.000      674.000      679.290
   125:        8.000      694.290      695.290      674.290      694.290
   130:        8.000      659.000      714.000      649.000      649.150
   135:        9.000      738.000      813.000      763.000      768.270
   140:        9.000      783.270      784.270      763.270      783.270
   145:        9.000      748.000      803.000      738.000      738.150
   150:       10.000      827.000      902.000      852.000      857.240
   155:       10.000      872.240      873.240      852.240      872.240
   160:       10.000      837.000      892.000      827.000      827.150
   165:       11.000      917.000      992.000      942.000      948.130
   170:       11.000      963.130      964.130      943.130      963.130
   175:       11.000      927.000      982.000      917.000      917.150
   180:       12.000     1005.000     1080.000     1030.000     1035.220
   185:       12.000     1050.220     1051.220     1030.220     1050.220
   190:       12.000     1015.000     1070.000     1005.000     1005.150
   195:       13.000     1095.000     1170.000     1120.000     1125.270
   200:       13.000     1140.270     1141.270     1120.270     1140.270
   205:       13.000     1105.000     1160.000     1095.000     1095.150
   210:       14.000     1189.000     1264.000     1214.000     1219.670
   215:       14.000     1234.670     1235.670     1214.670     1234.670
   220:       14.000     1199.000     1254.000     1189.000     1189.150
   225:       15.000     1282.000     1357.000     1307.000     1312.230
   230:       15.000     1327.230     1328.230     1307.230     1327.230
   235:       15.000     1292.000     1347.000     1282.000     1282.150
   240:       16.000     1371.000     1446.000     1396.000     1401.250
   245:       16.000     1416.250     1417.250     1396.250     1416.250
   250:       16.000     1381.000     1436.000     1371.000     1371.150
   255:       17.000     1459.000     1534.000     1484.000     1489.380
   260:       17.000     1504.380     1505.380     1484.380     1504.380
   265:       17.000     1469.000     1524.000     1459.000     1459.150
   270:       18.000     1549.000     1624.000     1574.000     1579.260
   275:       18.000     1594.260     1595.260     1574.260     1594.260
   280:       18.000     1559.000     1614.000     1549.000     1549.150
   285:       19.000     1634.000     1709.000     1659.000     1664.300
   290:       19.000     1679.300     1680.300     1659.300     1679.300
   295:       19.000     1644.000     1699.000     1634.000     1634.150
   300:       20.000     1725.000     1800.000     1750.000     1755.270
   305:       20.000     1770.270     1771.270     1750.270     1770.270
   310:       20.000     1735.000     1790.000     1725.000     1725.150
   315:       21.000     1814.000     1889.000     1839.000     1844.280
   320:       21.000     1859.280     1860.280     1839.280     1859.280
   325:       21.000     1824.000     1879.000     1814.000     1814.150
   330:       22.000     1905.000     1980.000     1930.000     1935.420
   335:       22.000     1950.420     1951.420     1930.420     1950.420
   340:       22.000     1915.000     1970.000     1905.000     1905.150
   345:       23.000     1996.000     2071.000     2021.000     2026.270
   350:       23.000     2041.270     2042.270     2021.270     2041.270
   355:       23.000     2006.000     2061.000     1996.000     1996.150
   360:       24.000     2088.000     2163.000     2113.000     2118.250
   365:       24.000     2133.250     2134.250     2113.250     2133.250
   370:       24.000     2098.000     2153.000     2088.000     2088.150
   375:       25.000     2178.000     2253.000     2203.000     2208.740
   380:       25.000     2223.740     2224.740     2203.740     2223.740
   385:       25.000     2188.000     2243.000     2178.000     2178.150
   390:       26.000     2273.000     2348.000     2298.000     2303.270
   395:       26.000     2318.270     2319.270     2298.270     2318.270
   400:       26.000     2283.000     2338.000     2273.000     2273.150
   405:       27.000     2364.000     2439.000     2389.000     2394.230
   410:       27.000     2409.230     2410.230     2389.230     2409.230
   415:       27.000     2374.000     2429.000     2364.000     2364.150
   420:       28.000     2450.000     2525.000     2475.000     2480.320
   425:       28.000     2495.320     2496.320     2475.320     2495.320
   430:       28.000     2460.000     2515.000     2450.000     2450.150
   435:       29.000     2540.000     2615.000     2565.000     2570.250
   440:       29.000     2585.250     2586.250     2565.250     2585.250
   445:       29.000     2550.000     2605.000     2540.000     2540.150
   450:       30.000     2626.000     2701.000     2651.000     2657.300
   455:       30.000     2672.300     2673.300     2652.300     2672.300
   460:       30.000     2636.000     2691.000     2626.000     2626.150
   465:       31.000     2713.000     2788.000     2738.000     2743.810
   470:       31.000     2758.810     2759.810     2738.810     2758.810
   475:       31.000     2723.000     2778.000     2713.000     2713.150
   480:       32.000     2807.000     2882.000     2832.000     2837.250
   485:       32.000     2852.250     2853.250     2832.250     2852.250
   490:       32.000     2817.000     2872.000     2807.000     2807.150
   495:       33.000     2895.000     2970.000     2920.000     2925.220
   500:       33.000     2940.220     2941.220     2920.220     2940.220
   505:       33.000     2905.000     2960.000     2895.000     2895.150
   510:       34.000     2986.000     3061.000     3011.000     3016.220
   515:       34.000     3031.220     3032.220     3011.220     3031.220
   520:       34.000     2996.000     3051.000     2986.000     2986.150
   525:       35.000     3074.000     3149.000     3099.000     3104.280
   530:       35.000     3119.280     3120.280     3099.280     3119.280
   535:       35.000     3084.000     3139.000     3074.000     3074.150
   540:       36.000     3163.000     3238.000     3188.000     3193.230
   545:       36.000     3208.230     3209.230     3188.230     3208.230
   550:       36.000     3173.000     3228.000     3163.000     3163.150
   555:       37.000     3253.000     3328.000     3278.000     3283.290
   560:       37.000     3298.290     3299.290     3278.290     3298.290
   565:       37.000     3263.000     3318.000     3253.000     3253.150
   570:       38.000     3347.000     3422.000     3372.000     3377.330
   575:       38.000     3392.330     3393.330     3372.330     3392.330
   580:       38.000     3357.000     3412.000     3347.000     3347.150
   585:       39.000     3436.000     3511.000     3461.000     3466.720
   590:       39.000     3481.720     3482.720     3461.720     3481.720
   595:       39.000     3446.000     3501.000     3436.000     3436.150
   600:       40.000     3523.000     3598.000     3548.000     3553.390
   605:       40.000     3568.390     3569.390     3548.390     3568.390
   610:       40.000     3533.000     3588.000     3523.000     3523.150
   615:       41.000     3612.000     3687.000     3637.000     3642.300
   620:       41.000     3657.300     3658.300     3637.300     3657.300
   625:       41.000     3622.000     3677.000     3612.000     3612.150
   630:       42.000     3703.000     3778.000     3728.000     3733.250
   635:       42.000     3748.250     3749.250     3728.250     3748.250
   640:       42.000     3713.000     3768.000     3703.000     3703.150
   645:       43.000     3790.000     3865.000     3815.000     3820.250
   650:       43.000     3835.250     3836.250     3815.250     3835.250
   655:       43.000     3800.000     3855.000     3790.000     3790.150
   660:       44.000     3883.000     3958.000     3908.000     3915.100
   665:       44.000     3930.100     3931.100     3910.100     3930.100
   670:       44.000     3893.000     3948.000     3883.000     3883.150
   675:       45.000     3972.000     4047.000     3997.000     4002.160
   680:       45.000     4017.160     4018.160     3997.160     4017.160
   685:       45.000     3982.000     4037.000     3972.000     3972.150
   690:       46.000     4063.000     4138.000     4088.000     4093.280
   695:       46.000     4108.280     4109.280     4088.280     4108.280
   700:       46.000     4073.000     4128.000     4063.000     4063.150
   705:       47.000     4153.000     4228.000     4178.000     4183.250
   710:       47.000     4198.250     4199.250     4178.250     4198.250
   715:       47.000     4163.000     4218.000     4153.000     4153.150
   720:       48.000     4243.000     4318.000     4268.000     4273.210
   725:       48.000     4288.210     4289.210     4268.210     4288.210
   730:       48.000     4253.000     4308.000     4243.000     4243.150
   735:       49.000     4335.000     4410.000     4360.000     4365.130
   740:       49.000     4380.130     4381.130     4360.130     4380.130
   745:       49.000     4345.000     4400.000     4335.000     4335.150
   750:       50.000     4426.000     4501.000     4451.000     4456.260
   755:       50.000     4471.260     4472.260     4451.260     4471.260
   760:       50.000     4436.000     4491.000     4426.000     4426.150
   765:       51.000     4517.000     4592.000     4542.000     4547.230
   770:       51.000     4562.230     4563.230     4542.230     4562.230
   775:       51.000     4527.000     4582.000     4517.000     4517.150
   780:       52.000     4606.000     4681.000     4631.000     4637.520
   785:       52.000     4652.520     4653.520     4632.520     4652.520
   790:       52.000     4616.000     4671.000     4606.000     4606.150
   795:       53.000     4698.000     4773.000     4723.000     4728.220
   800:       53.000     4743.220     4744.220     4723.220     4743.220
   805:       53.000     4708.000     4763.000     4698.000     4698.150
   810:       54.000     4792.000     4867.000     4817.000     4823.360
   815:       54.000     4838.360     4839.360     4818.360     4838.360
   820:       54.000     4802.000     4857.000     4792.000     4792.150
   825:       55.000     4880.000     4955.000     4905.000     4910.310
   830:       55.000     4925.310     4926.310     4905.310     4925.310
   835:       55.000     4890.000     4945.000     4880.000     4880.150
   840:       56.000     4969.000     5044.000     4994.000     4999.240
   845:       56.000     5014.240     5015.240     4994.240     5014.240
   850:       56.000     4979.000     5034.000     4969.000     4969.150
   855:       57.000     5059.000     5134.000     5084.000     5089.220
   860:       57.000     5104.220     5105.220     5084.220     5104.220
   865:       57.000     5069.000     5124.000     5059.000     5059.150
   870:       58.000     5150.000     5225.000     5175.000     5180.520
   875:       58.000     5195.520     5196.520     5175.520     5195.520
   880:       58.000     5160.000     5215.000     5150.000     5150.150
   885:       59.000     5235.000     5310.000     5260.000     5266.310
   890:       59.000     5281.310     5282.310     5261.310     5281.310
   895:       59.000     5245.000     5300.000     5235.000     5235.150
   900:       60.000     5324.000     5399.000     5349.000     5354.260
   905:       60.000     5369.260     5370.260     5349.260     5369.260
   910:       60.000     5334.000     5389.000     5324.000     5324.150
   915:       61.000     5412.000     5487.000     5437.000     5442.380
   920:       61.000     5457.380     5458.380     5437.380     5457.380
   925:       61.000     5422.000     5477.000     5412.000     5412.150
   930:       62.000     5501.000     5576.000     5526.000     5531.890
   935:       62.000     5546.890     5547.890     5526.890     5546.890
   940:       62.000     5511.000     5566.000     5501.000     5501.150
   945:       63.000     5590.000     5665.000     5615.000     5620.340
   950:       63.000     5635.340     5636.340     5615.340     5635.340
   955:       63.000     5600.000     5655.000     5590.000     5590.150
   960:       64.000     5680.000     5755.000     5705.000     5710.260
   965:       64.000     5725.260     5726.260     5705.260     5725.260
   970:       64.000     5690.000     5745.000     5680.000     5680.150
   975:       65.000     5768.000     5843.000     5793.000     5800.070
   980:       65.000     5815.070     5816.070     5795.070     5815.070
   985:       65.000     5778.000     5833.000     5768.000     5768.150
   990:       66.000     5856.000     5931.000     5881.000     5886.260
   995:       66.000     5901.260     5902.260     5881.260     5901.260
  1000:       66.000     5866.000     5921.000     5856.000     5856.150
  1005:       67.000     5948.000     6023.000     5973.000     5978.290
  1010:       67.000     5993.290     5994.290     5973.290     5993.290
  1015:       67.000     5958.000     6013.000     5948.000     5948.150
  1020:       68.000     6039.000     6114.000     6064.000     6069.450
  1025:       68.000     6084.450     6085.450     6064.450     6084.450
  1030:       68.000     6049.000     6104.000     6039.000     6039.150
  1035:       69.000     6130.000     6205.000     6155.000     6160.110
  1040:       69.000     6175.110     6176.110     6155.110     6175.110
  1045:       69.000     6140.000     6195.000     6130.000     6130.150
  1050:       70.000     6219.000     6294.000     6244.000     6250.440
  1055:       70.000     6265.440     6266.440     6245.440     6265.440
  1060:       70.000     6229.000     6284.000     6219.000     6219.150
  1065:       71.000     6306.000     6381.000     6331.000     6337.580
  1070:       71.000     6352.580     6353.580     6332.580     6352.580
  1075:       71.000     6316.000     6371.000     6306.000     6306.150
  1080:       72.000     6399.000     6474.000     6424.000     6429.280
  1085:       72.000     6444.280     6445.280     6424.280     6444.280
  1090:       72.000     6409.000     6464.000     6399.000     6399.150
  1095:       73.000     6491.000     6566.000     6516.000     6522.040
  1100:       73.000     6537.040     6538.040     6517.040     6537.040
  1105:       73.000     6501.000     6556.000     6491.000     6491.150
  1110:       74.000     6583.000     6658.000     6608.000     6613.250
  1115:       74.000     6628.250     6629.250     6608.250     6628.250
  1120:       74.000     6593.000     6648.000     6583.000     6583.150
  1125:       75.000     6672.000     6747.000     6697.000     6702.320
  1130:       75.000     6717.320     6718.320     6697.320     6717.320
  1135:       75.000     6682.000     6737.000     6672.000     6672.150
  1140:       76.000     6765.000     6840.000     6790.000     6795.260
  1145:       76.000     6810.260     6811.260     6790.260     6810.260
  1150:       76.000     6775.000     6830.000     6765.000     6765.150
  1155:       77.000     6857.000     6932.000     6882.000     6887.240
  1160:       77.000     6902.240     6903.240     6882.240     6902.240
  1165:       77.000     6867.000     6922.000     6857.000     6857.150
  1170:       78.000     6947.000     7022.000     6972.000     6979.570
  1175:       78.000     6994.570     6995.570     6974.570     6994.570
  1180:       78.000     6957.000     7012.000     6947.000     6947.150
  1185:       79.000     7035.000     7110.000     7060.000     7065.680
  1190:       79.000     7080.680     7081.680     7060.680     7080.680
  1195:       79.000     7045.000     7100.000     7035.000     7035.150
  1200:       80.000     7123.000     7198.000     7148.000     7153.310
  1205:       80.000     7168.310     7169.310     7148.310     7168.310
  1210:       80.000     7133.000     7188.000     7123.000     7123.150
  1215:       81.000     7215.000     7290.000     7240.000     7245.910
  1220:       81.000     7260.910     7261.910     7240.910     7260.910
  1225:       81.000     7225.000     7280.000     7215.000     7215.150
  1230:       82.000     7302.000     7377.000     7327.000     7333.220
  1235:       82.000     7348.220     7349.220     7328.220     7348.220
  1240:       82.000     7312.000     7367.000     7302.000     7302.150
  1245:       83.000     7393.000     7468.000     7418.000     7424.760
  1250:       83.000     7439.760     7440.760     7419.760     7439.760
  1255:       83.000     7403.000     7458.000     7393.000     7393.150
  1260:       84.000     7482.000     7557.000     7507.000     7512.850
  1265:       84.000     7527.850     7528.850     7507.850     7527.850
  1270:       84.000     7492.000     7547.000     7482.000     7482.150
  1275:       85.000     7573.000     7648.000     7598.000     7603.260
  1280:       85.000     7618.260     7619.260     7598.260     7618.260
  1285:       85.000     7583.000     7638.000     7573.000     7573.150
  1290:       86.000     7662.000     7737.000     7687.000     7692.300
  1295:       86.000     7707.300     7708.300     7687.300     7707.300
  1300:       86.000     7672.000     7727.000     7662.000     7662.150
  1305:       87.000     7754.000     7829.000     7779.000     7784.290
  1310:       87.000     7799.290     7800.290     7779.290     7799.290
  1315:       87.000     7764.000     7819.000     7754.000     7754.150
  1320:       88.000     7848.000     7923.000     7873.000     7879.690
  1325:       88.000     7894.690     7895.690     7874.690     7894.690
  1330:       88.000     7858.000     7913.000     7848.000     7848.150
  1335:       89.000     7938.000     8013.000     7963.000     7968.230
  1340:       89.000     7983.230     7984.230     7963.230     7983.230
  1345:       89.000     7948.000     8003.000     7938.000     7938.150
  1350:       90.000     8025.000     8100.000     8050.000     8055.270
  1355:       90.000     8070.270     8071.270     8050.270     8070.270
  1360:       90.000     8035.000     8090.000     8025.000     8025.150
  1365:       91.000     8115.000     8190.000     8140.000     8145.240
  1370:       91.000     8160.240     8161.240     8140.240     8160.240
  1375:       91.000     8125.000     8180.000     8115.000     8115.150
  1380:       92.000     8206.000     8281.000     8231.000     8236.270
  1385:       92.000     8251.270     8252.270     8231.270     8251.270
  1390:       92.000     8216.000     8271.000     8206.000     8206.150
  1395:       93.000     8294.000     8369.000     8319.000     8324.260
  1400:       93.000     8339.260     8340.260     8319.260     8339.260
  1405:       93.000     8304.000     8359.000     8294.000     8294.150
  1410:       94.000     8387.000     8462.000     8412.000     8417.230
  1415:       94.000     8432.230     8433.230     8412.230     8432.230
  1420:       94.000     8397.000     8452.000     8387.000     8387.150
  1425:       95.000     8476.000     8551.000     8501.000     8506.260
  1430:       95.000     8521.260     8522.260     8501.260     8521.260
  1435:       95.000     8486.000     8541.000     8476.000     8476.150
  1440:       96.000     8565.000     8640.000     8590.000     8595.290
  1445:       96.000     8610.290     8611.290     8590.290     8610.290
  1450:       96.000     8575.000     8630.000     8565.000     8565.150
  1455:       97.000     8652.000     8727.000     8677.000     8682.810
  1460:       97.000     8697.810     8698.810     8677.810     8697.810
  1465:       97.000     8662.000     8717.000     8652.000     8652.150
  1470:       98.000     8742.000     8817.000     8767.000     8772.240
  1475:       98.000     8787.240     8788.240     8767.240     8787.240
  1480:       98.000     8752.000     8807.000     8742.000     8742.150
  1485:       99.000     8834.000     8909.000     8859.000     8864.350
  1490:       99.000     8879.350     8880.350     8859.350     8879.350
  1495:       99.000     8844.000     8899.000     8834.000     8834.150
  1500:      100.000     8925.000     9000.000     8950.000     8956.890
  1505:      100.000     8971.890     8972.890     8951.890     8971.890
  1510:      100.000     8935.000     8990.000     8925.000     8925.150
F:
     0:       54.530       59.380       62.160      125.580      140.580
     5:      142.390      143.820      146.100      147.890      148.450
    10:      148.480      149.290      149.670      149.830      153.010
    15:      153.060      153.340      156.650      231.360      234.810
    20:      237.720      237.840      238.040      238.230      238.740
    25:      243.700      243.840      244.370      247.660      322.360
    30:      322.470      324.580      324.730      324.950      326.060
    35:      326.200      327.190      327.390      328.420      329.120
    40:      329.920      331.660      331.890      331.910      332.520
    45:      332.840      333.380      334.800      335.300      335.690
    50:      335.750      413.180      413.260      413.330      413.530
    55:      413.830      414.920      414.990      415.100      415.280
    60:      418.530      418.560      420.600      420.720      420.740
    65:      421.290      423.280      424.320      478.550      478.720
    70:      489.040      489.410      497.350      497.500      498.990
    75:      499.080      501.450      501.660      501.890      502.090
    80:      502.190      504.590      504.710      504.910      507.180
    85:      507.230      508.470      508.840      509.040      509.180
    90:      510.280      510.320      511.250      589.250      590.350
    95:      590.880      591.130      591.560      592.440      593.550
   100:      596.720      600.440      601.120      601.470      601.820
   105:      601.870      602.850      603.510      680.320      681.240
   110:      681.470      682.900      683.080      683.160      683.690
   115:      687.020      688.880      690.530      691.270      691.530
   120:      692.960      693.920      694.210      694.330      694.470
   125:      756.470      756.720      760.170      760.400      760.720
   130:      769.410      769.690      770.630      770.690      770.760
   135:      770.870      771.160      771.370      771.420      771.860
   140:      771.870      772.000      772.020      772.340      772.460
   145:      776.700      778.270      778.330      779.080      779.330
   150:      779.410      779.530      781.320      782.190      782.740
   155:      783.460      790.230      837.100      837.270      837.380
   160:      837.500      842.000      842.060      842.650      858.970
   165:      859.160      859.970      860.170      860.450      864.590
   170:      868.870      868.900      869.300      870.800      872.640
   175:      872.700      949.190      951.740      951.870      952.380
   180:      953.640      955.990      956.180      956.350      956.560
   185:      956.570      957.240      958.460      958.510      958.700
   190:      960.590      960.830      961.120      961.470      962.090
   195:      963.340      963.470      972.140     1036.230     1036.570
   200:     1037.340     1037.710     1037.810     1038.000     1039.410
   205:     1039.630     1040.030     1041.580     1042.430     1042.550
   210:     1042.850     1044.670     1047.970     1048.010     1048.180
   215:     1049.940     1050.130     1126.910     1127.010     1127.360
   220:     1127.850     1128.250     1128.990     1129.510     1129.690
   225:     1130.620     1130.780     1132.170     1133.760     1137.710
   230:     1137.760     1138.220     1138.960     1139.110     1139.660
   235:     1139.900     1140.040     1140.290     1140.420     1209.060
   240:     1220.460     1220.520     1220.790     1221.040     1222.120
   245:     1222.260     1222.750     1222.830     1223.380     1223.400
   250:     1223.530     1228.860     1229.020     1229.940     1232.170
   255:     1232.990     1233.790     1234.020     1234.650     1313.080
   260:     1313.590     1314.040     1314.130     1314.350     1314.960
   265:     1315.020     1315.250     1315.460     1321.220     1321.310
   270:     1321.340     1321.390     1321.580     1323.840     1324.380
   275:     1324.400     1324.740     1326.930     1326.950     1327.410
   280:     1329.700     1402.140     1402.980     1405.820     1405.900
   285:     1407.030     1409.780     1410.020     1410.150     1410.210
   290:     1410.820     1411.130     1412.070     1413.170     1413.620
   295:     1413.850     1413.990     1490.230     1490.440     1490.810
   300:     1490.910     1491.180     1491.210     1491.420     1491.650
   305:     1492.880     1495.140     1499.510     1499.900     1499.920
   310:     1500.480     1500.690     1500.950     1501.160     1502.630
   315:     1502.650     1503.430     1503.800     1504.030     1522.230
   320:     1568.510     1568.640     1580.220     1580.560     1580.790
   325:     1581.340     1581.370     1582.730     1582.750     1582.770
   330:     1583.260     1586.590     1588.100     1588.240     1588.250
   335:     1588.420     1588.530     1588.880     1590.670     1591.210
   340:     1591.440     1591.560     1591.620     1592.290     1592.560
   345:     1593.370     1593.630     1594.440     1645.650     1646.140
   350:     1646.610     1665.250     1666.270     1666.330     1666.550
   355:     1666.880     1668.690     1668.720     1668.880     1668.980
   360:     1668.990     1669.090     1669.280     1669.450     1669.660
   365:     1669.920     1675.420     1676.340     1676.860     1676.930
   370:     1677.330     1677.960     1756.580     1756.790     1757.180
   375:     1757.440     1757.480     1759.460     1759.560     1759.860
   380:     1760.040     1760.320     1760.960     1761.290     1761.440
   385:     1761.620     1761.820     1763.100     1763.180     1763.490
   390:     1763.900     1766.360     1766.520     1766.620     1767.150
   395:     1767.300     1767.750     1769.340     1769.440     1769.470
   400:     1770.240     1836.760     1836.930     1845.600     1845.620
   405:     1846.880     1847.030     1847.370     1847.750     1847.990
   410:     1848.380     1848.710     1848.730     1848.850     1849.010
   415:     1853.790     1853.830     1853.930     1854.030     1854.110
   420:     1854.210     1854.260     1854.710     1854.880     1855.010
   425:     1856.870     1856.920     1857.520     1858.720     1929.660
   430:     1929.840     1930.080     1936.240     1936.420     1936.670
   435:     1936.810     1937.180     1938.040     1938.050     1938.240
   440:     1938.360     1938.540     1940.280     1943.590     1943.690
   445:     1943.760     1945.520     1945.650     1946.070     1946.640
   450:     1946.900     1947.050     1947.260     1947.810     1947.850
   455:     1948.550     1948.580     2008.240     2008.350     2008.430
   460:     2027.230     2027.630     2027.710     2027.930     2028.080
   465:     2028.220     2028.650     2029.180     2029.340     2029.520
   470:     2030.740     2030.920     2031.090     2033.840     2034.010
   475:     2034.090     2036.930     2037.070     2037.650     2038.070
   480:     2038.140     2038.230     2038.420     2040.600     2041.290
   485:     2105.550     2107.260     2107.390     2118.970     2119.130
   490:     2119.260     2120.100     2120.320     2120.520     2121.080
   495:     2121.340     2121.580     2121.690     2121.800     2122.710
   500:     2124.490     2124.680     2125.020     2125.130     2125.150
   505:     2125.610     2125.840     2126.210     2126.420     2126.800
   510:     2126.870     2128.680     2129.390     2130.200     2130.430
   515:     2130.530     2130.780     2131.250     2131.550     2131.610
   520:     2131.950     2132.140     2132.330     2132.430     2133.350
   525:     2138.290     2139.080     2140.450     2141.190     2210.150
   530:     2210.520     2211.300     2212.380     2212.530     2213.430
   535:     2213.480     2213.650     2213.790     2214.360     2215.930
   540:     2216.290     2216.330     2216.350     2216.450     2216.510
   545:     2218.530     2218.910     2219.070     2220.680     2220.880
   550:     2221.250     2221.390     2221.440     2221.900     2222.180
   555:     2222.600     2222.680     2222.790     2223.000     2223.170
   560:     2223.880     2227.560     2294.140     2294.450     2304.220
   565:     2304.240     2304.420     2304.540     2304.620     2305.680
   570:     2305.890     2305.920     2306.280     2307.510     2307.590
   575:     2307.690     2307.960     2308.210     2308.760     2310.760
   580:     2310.980     2311.260     2311.370     2311.520     2313.790
   585:     2313.940     2314.780     2315.540     2315.740     2316.510
   590:     2316.540     2316.770     2316.940     2317.010     2317.330
   595:     2317.430     2317.570     2318.550     2320.730     2328.690
   600:     2395.100     2395.300     2395.630     2396.070     2396.160
   605:     2396.730     2396.990     2397.230     2397.280     2397.380
   610:     2398.830     2398.880     2399.650     2401.940     2402.200
   615:     2402.310     2402.330     2403.190     2403.220     2403.310
   620:     2403.390     2403.700     2404.030     2404.060     2405.000
   625:     2405.370     2406.280     2406.940     2408.000     2408.020
   630:     2409.310     2481.420     2481.440     2481.650     2481.670
   635:     2481.930     2482.060     2482.110     2482.740     2483.060
   640:     2483.340     2484.180     2484.440     2484.580     2485.060
   645:     2486.040     2486.370     2487.390     2487.760     2487.940
   650:     2488.070     2488.160     2488.590     2490.190     2490.490
   655:     2490.690     2491.060     2491.530     2491.860     2493.110
   660:     2494.200     2494.280     2494.390     2494.690     2495.400
   665:     2498.560     2571.500     2571.750     2572.160     2572.310
   670:     2572.520     2572.870     2572.910     2575.340     2575.450
   675:     2575.600     2578.180     2578.340     2578.560     2581.500
   680:     2581.720     2582.080     2582.250     2582.390     2582.830
   685:     2584.560     2585.090     2585.400     2658.580     2661.720
   690:     2662.230     2662.660     2662.900     2663.460     2663.500
   695:     2665.580     2668.040     2668.230     2668.600     2669.020
   700:     2669.090     2669.200     2669.260     2669.740     2669.770
   705:     2669.860     2670.100     2671.600     2672.140     2672.370
   710:     2744.810     2745.140     2745.800     2746.250     2748.640
   715:     2748.820     2748.860     2748.910     2749.750     2750.080
   720:     2751.330     2756.050     2756.200     2756.870     2757.190
   725:     2757.550     2757.760     2757.790     2759.230     2843.730
   730:     2843.760     2844.070     2844.760     2845.180     2848.100
   735:     2848.340     2849.340     2849.470     2853.190     2858.190
   740:     2927.920     2930.090     2930.240     2930.330     2930.520
   745:     2931.230     2931.420     2932.000     2934.590     2936.210
   750:     2936.940     2936.950     2937.500     2937.530     2937.700
   755:     2938.010     2938.030     2939.360     2940.230     3017.100
   760:     3018.710     3019.010     3019.380     3019.730     3019.780
   765:     3020.020     3020.390     3020.850     3021.940     3023.140
   770:     3024.210     3026.400     3026.600     3027.220     3027.740
   775:     3028.020     3029.740     3030.210     3030.750     3031.010
   780:     3031.130     3031.400     3086.800     3086.870     3105.180
   785:     3105.430     3105.580     3105.800     3106.080     3106.410
   790:     3106.520     3106.590     3107.460     3107.920     3108.200
   795:     3108.350     3108.460     3108.800     3112.650     3112.690
   800:     3112.970     3113.010     3113.220     3114.740     3115.100
   805:     3115.870     3115.950     3116.010     3116.220     3116.430
   810:     3118.380     3119.180     3119.350     3198.760     3199.120
   815:     3201.100     3201.210     3201.520     3201.670     3202.930
   820:     3203.160     3203.500     3207.630     3207.730     3208.150
   825:     3212.660     3213.050     3213.100     3264.890     3284.120
   830:     3284.460     3284.690     3287.160     3287.270     3287.470
   835:     3287.990     3288.070     3288.300     3288.750     3292.490
   840:     3292.670     3292.780     3292.990     3293.370     3295.280
   845:     3296.000     3296.590     3297.540     3297.820     3297.950
   850:     3298.040     3298.220     3298.600     3378.240     3378.460
   855:     3378.940     3380.830     3380.940     3381.090     3381.610
   860:     3383.720     3384.220     3384.450     3384.630     3388.870
   865:     3389.020     3390.740     3390.940     3391.190     3391.570
   870:     3391.990     3392.470     3469.600     3469.730     3469.950
   875:     3470.640     3470.700     3470.740     3471.000     3471.350
   880:     3471.820     3475.230     3475.360     3475.390     3475.800
   885:     3478.030     3478.240     3478.750     3478.820     3479.100
   890:     3479.150     3479.320     3479.570     3480.910     3493.360
   895:     3554.150     3554.350     3554.510     3554.610     3554.870
   900:     3554.900     3554.950     3555.090     3555.280     3556.270
   905:     3556.530     3556.990     3560.160     3560.200     3562.180
   910:     3562.210     3562.590     3563.110     3563.170     3563.340
   915:     3563.540     3563.880     3565.380     3565.770     3566.420
   920:     3566.740     3566.880     3566.900     3566.980     3567.160
   925:     3567.200     3567.400     3567.960     3571.180     3643.250
   930:     3644.950     3646.150     3646.210     3646.370     3647.560
   935:     3647.680     3647.750     3647.840     3648.070     3648.350
   940:     3651.510     3651.550     3651.590     3653.230     3653.430
   945:     3654.260     3654.380     3654.440     3654.590     3654.910
   950:     3655.160     3656.940     3657.450     3662.750     3663.770
   955:     3663.860     3734.240     3734.660     3737.260     3737.440
   960:     3740.130     3740.500     3740.550     3741.410     3742.930
   965:     3743.230     3744.320     3744.640     3744.930     3747.480
   970:     3747.880     3748.050     3748.180     3748.510     3820.950
   975:     3822.310     3822.580     3823.850     3824.090     3824.220
   980:     3824.310     3826.280     3829.050     3830.690     3832.740
   985:     3833.530     3833.710     3833.790     3834.190     3834.410
   990:     3835.240     3835.410     3893.100     3915.910     3916.130
   995:     3916.970     3917.200     3917.680     3917.970     3918.240
  1000:     3920.060     3923.740     3925.610     3925.760     3925.840
  1005:     3926.280     3926.450     3926.520     3926.910     3928.560
  1010:     3928.610     3929.320     3929.460     3929.550     3929.650
  1015:     3930.510     3933.060     4004.500     4004.630     4005.470
  1020:     4005.650     4005.670     4005.870     4008.180     4010.750
  1025:     4010.940     4011.110     4011.150     4011.550     4012.510
  1030:     4012.650     4017.770     4017.910     4021.350     4022.100
  1035:     4103.410     4103.540     4103.710     4107.680     4107.750
  1040:     4107.800     4107.830     4107.910     4108.790     4184.220
  1045:     4184.320     4184.540     4185.050     4185.140     4185.440
  1050:     4185.580     4186.060     4186.220     4187.080     4190.610
  1055:     4192.770     4192.810     4193.080     4193.150     4193.310
  1060:     4193.700     4196.240     4197.060     4197.160     4197.250
  1065:     4197.420     4198.650     4203.900     4273.940     4274.240
  1070:     4274.390     4275.140     4275.190     4277.970     4279.100
  1075:     4279.150     4279.420     4279.930     4283.260     4283.540
  1080:     4285.710     4285.830     4286.760     4286.890     4286.960
  1085:     4287.080     4287.310     4288.740     4366.000     4366.220
  1090:     4366.610     4368.560     4368.670     4369.270     4369.430
  1095:     4369.690     4372.370     4375.290     4375.310     4375.600
  1100:     4378.720     4378.980     4379.690     4379.800     4379.980
  1105:     4380.420     4382.860     4457.110     4457.700     4457.730
  1110:     4464.570     4464.780     4467.280     4467.400     4467.540
  1115:     4467.770     4467.990     4469.850     4470.150     4470.210
  1120:     4470.730     4470.920     4471.440     4490.980     4551.360
  1125:     4551.940     4554.430     4556.330     4556.670     4557.300
  1130:     4557.650     4557.870     4558.020     4560.650     4561.310
  1135:     4561.820     4561.910     4562.570     4642.370     4642.550
  1140:     4642.970     4643.110     4643.410     4644.080     4644.410
  1145:     4644.610     4647.530     4647.640     4649.810     4650.020
  1150:     4650.370     4650.450     4651.870     4651.890     4652.310
  1155:     4652.800     4729.210     4729.610     4729.670     4729.840
  1160:     4731.020     4731.190     4733.730     4737.190     4739.240
  1165:     4741.750     4742.440     4742.500     4742.600     4742.710
  1170:     4743.560     4745.600     4825.130     4829.970     4830.780
  1175:     4831.280     4831.670     4833.910     4835.980     4837.000
  1180:     4837.130     4837.450     4837.640     4837.970     4838.840
  1185:     4846.360     4911.080     4911.360     4911.460     4911.600
  1190:     4911.800     4914.470     4916.660     4916.760     4918.950
  1195:     4919.240     4919.330     4919.480     4920.010     4920.100
  1200:     4920.270     4922.080     4923.290     4923.490     4923.880
  1205:     4923.990     4925.460     5000.220     5000.370     5000.720
  1210:     5000.760     5001.080     5001.300     5004.360     5005.210
  1215:     5009.180     5009.250     5009.280     5009.570     5010.840
  1220:     5011.300     5011.600     5012.310     5012.370     5012.540
  1225:     5012.670     5013.990     5018.050     5021.190     5090.780
  1230:     5092.000     5092.230     5092.450     5093.370     5093.560
  1235:     5093.580     5093.700     5093.870     5094.110     5094.370
  1240:     5096.830     5097.000     5097.130     5097.260     5097.760
  1245:     5099.190     5099.390     5100.410     5100.500     5100.610
  1250:     5101.930     5102.060     5102.130     5103.110     5181.340
  1255:     5181.490     5183.050     5183.500     5187.310     5190.390
  1260:     5190.590     5190.700     5194.400     5194.480     5194.700
  1265:     5195.170     5195.990     5267.160     5269.290     5269.380
  1270:     5269.580     5270.810     5273.610     5275.830     5276.220
  1275:     5278.050     5278.250     5278.300     5278.400     5278.490
  1280:     5279.260     5279.340     5279.610     5281.170     5281.570
  1285:     5355.160     5355.340     5355.640     5355.700     5355.840
  1290:     5356.160     5358.460     5358.570     5359.320     5359.330
  1295:     5359.470     5360.310     5361.930     5362.070     5363.410
  1300:     5364.370     5364.520     5364.600     5364.890     5366.310
  1305:     5367.280     5367.450     5367.570     5367.810     5368.520
  1310:     5368.540     5444.090     5444.400     5444.420     5444.960
  1315:     5446.830     5447.030     5447.150     5447.520     5447.910
  1320:     5447.930     5448.180     5448.550     5449.030     5449.410
  1325:     5449.500     5449.510     5449.620     5449.650     5449.920
  1330:     5452.600     5453.760     5453.950     5454.110     5454.760
  1335:     5454.810     5454.940     5456.770     5457.730     5457.770
  1340:     5533.540     5534.160     5535.270     5537.480     5537.670
  1345:     5537.750     5538.160     5538.350     5538.390     5538.880
  1350:     5538.950     5539.290     5539.470     5539.670     5540.050
  1355:     5542.010     5543.430     5544.240     5544.300     5544.440
  1360:     5546.210     5546.370     5547.040     5621.050     5621.210
  1365:     5621.460     5621.720     5621.850     5622.960     5623.720
  1370:     5623.800     5624.550     5624.740     5625.990     5629.130
  1375:     5631.200     5631.810     5632.010     5632.150     5634.160
  1380:     5634.240     5634.980     5635.270     5637.770     5644.700
  1385:     5715.200     5715.280     5715.360     5716.230     5716.270
  1390:     5716.470     5716.710     5716.820     5717.010     5719.870
  1395:     5721.680     5721.810     5721.860     5721.970     5723.060
  1400:     5724.130     5724.350     5725.140     5725.210     5725.290
  1405:     5725.440     5801.020     5804.280     5804.870     5805.020
  1410:     5805.230     5805.280     5805.960     5806.690     5807.330
  1415:     5807.370     5807.650     5808.020     5811.090     5811.230
  1420:     5811.290     5811.970     5812.050     5812.200     5812.500
  1425:     5812.800     5812.900     5814.110     5814.390     5815.010
  1430:     5887.140     5889.440     5889.500     5889.830     5893.510
  1435:     5893.570     5893.790     5893.980     5895.930     5896.850
  1440:     5897.270     5897.490     5901.360     5979.090     5979.270
  1445:     5979.540     5979.820     5980.160     5981.150     5981.180
  1450:     5981.420     5982.240     5982.310     5983.500     5983.610
  1455:     5983.640     5983.710     5983.940     5984.100     5984.920
  1460:     5986.550     5988.570     5989.270     5989.500     5989.800
  1465:     5991.200     5991.230     5992.300     5992.450     5992.470
  1470:     5992.550     5992.660     5992.850     5992.950     5993.400
  1475:     5993.440     5998.890     5999.630     6000.250     6000.900
  1480:     6001.020     6076.960     6077.310     6077.370     6077.720
  1485:     6078.030     6078.500     6079.600     6080.440     6081.120
  1490:     6081.370     6081.470     6083.120     6083.420     6083.990
  1495:     6084.260     6084.280     6084.640     6092.140     6092.470
  1500:     6092.500     6160.820     6161.060     6161.240     6162.110
  1505:     6162.270     6162.860     6163.610     6163.750     6164.160
  1510:     6164.910     6167.850     6167.940     6169.070     6172.240
  1515:     6172.510     6172.670     6173.920     6174.960     6251.370
  1520:     6251.520     6251.920     6252.430     6252.580     6252.720
  1525:     6253.990     6254.210     6254.520     6254.590     6254.670
  1530:     6256.820     6256.970     6257.100     6258.090     6259.730
  1535:     6260.010     6260.040     6260.160     6260.200     6260.370
  1540:     6263.250     6263.300     6264.230     6264.360     6264.640
  1545:     6265.450     6344.840     6349.810     6352.360     6352.550
  1550:     6356.000     6356.320     6360.000     6430.100     6430.340
  1555:     6430.540     6431.080     6431.930     6432.180     6432.210
  1560:     6432.400     6432.740     6436.060     6436.300     6436.710
  1565:     6437.010     6437.340     6439.510     6439.530     6440.260
  1570:     6440.550     6440.560     6440.630     6440.970     6441.940
  1575:     6442.230     6442.260     6443.000     6443.870     6444.070
  1580:     6444.200     6444.470     6451.090     6451.740     6524.480
  1585:     6524.650     6525.480     6525.650     6525.790     6526.090
  1590:     6526.140     6527.800     6527.900     6528.140     6528.310
  1595:     6528.790     6528.840     6528.990     6529.100     6531.090
  1600:     6531.690     6531.830     6532.230     6532.720     6533.420
  1605:     6533.690     6533.920     6534.020     6535.800     6537.100
  1610:     6537.270     6540.570     6540.750     6540.970     6613.980
  1615:     6614.580     6615.540     6616.550     6617.220     6617.400
  1620:     6617.420     6617.730     6620.480     6621.530     6621.620
  1625:     6621.710     6621.890     6622.070     6622.150     6622.410
  1630:     6625.560     6625.620     6626.130     6626.280     6626.340
  1635:     6626.390     6626.960     6626.980     6627.760     6627.820
  1640:     6629.680     6703.230     6703.550     6703.740     6703.850
  1645:     6704.240     6704.370     6704.420     6704.510     6704.590
  1650:     6704.750     6704.770     6704.980     6705.470     6705.570
  1655:     6705.640     6706.070     6706.330     6706.500     6707.620
  1660:     6707.930     6708.120     6708.180     6708.330     6708.590
  1665:     6708.720     6709.060     6710.060     6710.230     6710.380
  1670:     6710.450     6710.710     6711.140     6712.800     6713.340
  1675:     6713.730     6714.090     6714.110     6714.220     6714.350
  1680:     6714.560     6715.340     6716.450     6716.510     6716.650
  1685:     6716.890     6717.370     6725.390     6796.510     6797.670
  1690:     6798.190     6798.360     6798.710     6799.340     6799.760
  1695:     6805.300     6805.850     6805.930     6807.570     6807.590
  1700:     6808.330     6808.840     6808.950     6809.980     6810.040
  1705:     6891.620     6895.320     6896.050     6896.650     6896.960
  1710:     6900.980     6901.250     6902.580     6904.550     6980.400
  1715:     6981.270     6982.440     6983.690     6983.890     6985.700
  1720:     6985.870     6986.070     6986.140     6986.450     6986.500
  1725:     6986.620     6988.590     6988.610     6988.650     6988.810
  1730:     6992.730     6992.810     6993.620     6993.710     6993.770
  1735:     6994.110     6994.160     6994.250     6994.470     6994.670
  1740:     6994.830     7076.650     7078.480     7078.880     7079.000
  1745:     7079.660     7079.720     7080.630     7085.990     7154.120
  1750:     7154.510     7154.640     7154.730     7155.000     7155.110
  1755:     7155.370     7155.390     7155.890     7155.950     7156.600
  1760:     7157.790     7157.970     7158.090     7158.110     7159.580
  1765:     7160.400     7160.580     7160.920     7161.320     7162.220
  1770:     7162.280     7162.530     7163.490     7163.790     7163.800
  1775:     7164.490     7165.460     7165.630     7166.020     7166.930
  1780:     7167.040     7167.360     7167.680     7168.370     7171.990
  1785:     7248.680     7249.140     7249.600     7249.860     7254.000
  1790:     7254.070     7254.170     7254.520     7254.740     7254.870
  1795:     7254.890     7257.580     7257.910     7257.940     7258.460
  1800:     7258.760     7259.140     7259.400     7259.580     7259.600
  1805:     7261.360     7264.870     7265.550     7267.220     7267.270
  1810:     7336.720     7341.330     7342.720     7342.830     7342.990
  1815:     7343.040     7343.240     7345.030     7345.180     7345.530
  1820:     7345.740     7345.820     7346.790     7347.140     7347.310
  1825:     7347.460     7347.650     7348.900     7348.970     7425.710
  1830:     7432.180     7435.630     7435.870     7438.650     7439.230
  1835:     7440.000     7515.040     7515.800     7516.500     7517.130
  1840:     7517.380     7520.730     7520.810     7520.880     7523.540
  1845:     7523.780     7525.960     7526.690     7527.070     7527.190
  1850:     7527.700     7527.840     7527.960     7533.420     7533.480
  1855:     7534.390     7605.450     7606.390     7607.370     7607.850
  1860:     7608.020     7608.650     7608.820     7609.440     7610.080
  1865:     7612.650     7614.330     7614.490     7614.930     7615.140
  1870:     7616.360     7616.530     7617.450     7617.670     7618.040
  1875:     7618.230     7618.450     7693.200     7693.360     7693.560
  1880:     7693.760     7693.950     7694.050     7694.270     7694.830
  1885:     7694.860     7695.240     7695.390     7695.690     7695.750
  1890:     7695.970     7696.120     7696.270     7696.670     7701.280
  1895:     7701.440     7701.600     7701.620     7701.950     7702.350
  1900:     7702.540     7703.000     7703.270     7703.290     7705.130
  1905:     7705.320     7705.460     7705.960     7706.310     7706.400
  1910:     7706.420     7706.530     7706.720     7706.800     7707.030
  1915:     7707.520     7791.310     7793.460     7794.130     7794.610
  1920:     7794.720     7794.800     7798.060     7798.240     7798.390
  1925:     7800.170     7800.200     7800.320     7887.860     7890.460
  1930:     7890.920     7891.140     7891.830     7895.070     7895.180
  1935:     7898.130     7898.280     7969.160     7977.050     7981.540
  1940:     7982.130     7982.320     7982.510     7982.680     7983.560
  1945:     8056.440     8060.420     8060.850     8062.130     8063.940
  1950:     8064.280     8064.590     8067.460     8068.340     8068.550
  1955:     8068.790     8068.960     8069.140     8069.310     8069.330
  1960:     8070.710     8070.750     8073.580     8078.040     8147.750
  1965:     8148.360     8148.560     8148.900     8149.880     8149.960
  1970:     8150.150     8150.360     8153.850     8154.210     8155.670
  1975:     8155.910     8156.320     8156.340     8156.460     8156.720
  1980:     8156.800     8158.950     8159.400     8159.800     8159.920
  1985:     8160.060     8160.210     8160.460     8160.530     8242.960
  1990:     8243.150     8243.280     8245.000     8247.070     8247.250
  1995:     8247.850     8247.930     8250.460     8269.550     8269.600
  2000:     8325.250     8326.030     8326.180     8326.800     8327.030
  2005:     8327.560     8327.660     8330.330     8334.370     8336.250
  2010:     8336.430     8336.600     8336.620     8336.740     8336.760
  2015:     8339.070     8339.490     8342.410     8342.590     8343.520
  2020:     8343.650     8343.900     8347.980     8432.960     8513.660
  2025:     8514.030     8514.460     8514.480     8516.910     8518.190
  2030:     8518.360     8518.840     8518.860     8519.450     8519.550
  2035:     8521.350     8529.360     8596.700     8596.990     8597.050
  2040:     8597.160     8597.710     8598.030     8598.530     8598.700
  2045:     8599.060     8606.750     8606.790     8607.310     8607.580
  2050:     8607.810     8608.710     8608.920     8609.800     8610.470
  2055:     8612.960     8683.930     8692.680     8693.060     8694.190
  2060:     8694.490     8695.410     8695.910     8696.210     8698.230
  2065:     8773.840     8774.320     8774.600     8777.870     8777.930
  2070:     8778.010     8779.770     8780.010     8780.210     8783.910
  2075:     8784.390     8786.100     8786.230     8786.420     8786.870
  2080:     8787.450     8796.970     8849.660     8849.940     8871.350
  2085:     8871.790     8873.330     8873.580     8873.830     8873.980
  2090:     8874.070     8874.690     8874.730     8877.170     8877.230
  2095:     8877.360     8877.490     8877.760     8879.010     8879.050
  2100:     8879.340     8879.460     8966.050     8966.160     8969.670
  2105:     8969.700     8972.250
G:
     0:      117.220      190.990      296.950      298.020      298.030
     5:      548.900      623.590      623.670      644.950     1462.950
    10:     1463.150     1463.470     1467.950     1557.810     1558.060
    15:     1558.330     1558.580     1631.210     2086.780     2096.420
    20:     2525.740     2526.360     2526.420     2991.270     3081.950
    25:     3509.360     3892.970     4065.630     5592.070     5669.150
    30:     5673.020     5673.050     6041.080     6041.140     6286.760
    35:     6289.810     6406.920     8116.040     8742.720
H:
     0:      544.720      547.410      547.660      547.910     6037.280
     5:     6040.240
I:
     0:      622.290      622.650
K:
L:
     0:       41.750       45.460       45.730      133.260      133.590
     5:      137.070      224.230      228.900      315.630      320.400
    10:      404.230      404.520      491.460      583.370      583.480
    15:      584.420      585.490      588.030      674.290      763.270
    20:      764.320      852.240      852.470      852.830      857.090
    25:      943.130      946.730     1030.220     1030.620     1035.040
    30:     1120.270     1124.360     1214.670     1215.020     1215.970
    35:     1307.230     1307.610     1310.420     1396.250     1399.650
    40:     1484.380     1484.770     1488.330     1574.260     1574.340
    45:     1574.480     1577.650     1659.300     1659.550     1660.000
    50:     1662.590     1750.270     1754.190     1839.280     1839.630
    55:     1840.380     1840.580     1843.210     1930.420     1930.890
    60:     1931.410     1931.590     2021.270     2021.730     2025.630
    65:     2113.250     2113.560     2114.260     2116.900     2203.740
    70:     2204.040     2206.850     2298.270     2298.450     2302.510
    75:     2389.230     2389.410     2392.360     2394.120     2475.320
    80:     2475.660     2478.620     2565.250     2565.680     2569.050
    85:     2652.300     2656.980     2657.050     2738.810     2740.470
    90:     2743.220     2832.250     2832.560     2833.510     2836.740
    95:     2920.220     2922.300     3011.220     3011.390     3011.610
   100:     3015.790     3099.280     3100.910     3103.600     3188.230
   105:     3189.120     3190.970     3278.290     3278.760     3372.330
   110:     3372.510     3373.080     3374.850     3461.720     3466.710
   115:     3548.390     3550.110     3553.220     3637.300     3637.690
   120:     3640.120     3728.250     3728.450     3732.220     3815.250
   125:     3815.620     3818.000     3910.100     3911.440     3912.040
   130:     3914.370     3997.160     3997.500     3999.440     4002.070
   135:     4088.280     4088.760     4091.470     4178.250     4179.620
   140:     4268.210     4270.780     4360.130     4360.260     4364.090
   145:     4451.260     4451.430     4452.000     4542.230     4542.580
   150:     4543.030     4545.560     4632.520     4633.200     4634.950
   155:     4637.300     4723.220     4723.520     4726.940     4818.360
   160:     4905.310     4908.610     4994.240     4998.570     5084.220
   165:     5086.540     5175.520     5175.960     5178.580     5261.310
   170:     5264.120     5349.260     5349.510     5350.670     5353.960
   175:     5437.380     5442.090     5526.890     5527.050     5529.160
   180:     5531.080     5615.340     5615.650     5619.300     5705.260
   185:     5707.680     5710.120     5795.070     5798.110     5881.260
   190:     5885.520     5973.290     5977.990     6064.450     6064.820
   195:     6066.060     6066.430     6155.110     6155.300     6158.320
   200:     6159.940     6245.440     6332.580     6332.810     6424.280
   205:     6429.180     6517.040     6521.380     6608.250     6610.930
   210:     6697.320     6697.420     6697.920     6790.260     6790.620
   215:     6790.810     6882.240     6882.340     6882.410     6882.660
   220:     6886.630     6974.570     6977.040     7060.680     7148.310
   225:     7148.630     7240.910     7243.470     7328.220     7333.210
   230:     7419.760     7422.620     7507.850     7598.260     7598.440
   235:     7598.680     7687.300     7779.290     7779.610     7874.690
   240:     7963.230     7965.540     8050.270     8050.790     8052.880
   245:     8140.240     8140.420     8140.950     8231.270     8319.260
   250:     8321.760     8412.230     8412.660     8414.890     8501.260
   255:     8502.630     8502.770     8503.430     8504.210     8590.290
   260:     8590.710     8677.810     8678.440     8680.790     8767.240
   265:     8767.400     8767.680     8768.100     8859.350     8859.700
   270:     8860.210     8860.390     8862.410     8951.890     8952.750
M:
     0:       10.000       12.000       12.000       13.000       14.000
     5:       17.000       12.000       15.000       16.000       14.000
    10:       12.000       15.000       14.000       14.000       12.000
    15:       14.000       15.000       14.000       16.000       10.000
    20:       15.000       14.000       16.000       17.000       15.000
    25:       14.000       18.000       12.000       14.000       16.000
    30:       11.000       13.000       13.000       14.000       15.000
    35:       18.000       13.000       16.000       17.000       15.000
    40:       13.000       16.000       15.000       15.000       13.000
    45:       15.000       16.000       15.000       17.000       11.000
    50:       16.000       15.000       17.000       18.000       16.000
    55:       15.000       19.000       13.000       15.000       17.000
    60:       12.000       14.000       14.000       15.000       16.000
    65:       19.000       14.000       17.000       18.000       16.000
    70:       14.000       17.000       16.000       16.000       14.000
    75:       16.000       17.000       16.000       18.000       12.000
    80:       17.000       16.000       18.000       19.000       17.000
    85:       16.000       20.000       14.000       16.000       19.000
    90:       13.000       14.000       13.000       19.000       13.000
    95:       15.000       14.000       13.000       14.000
P:
     0:       61.750       62.250       62.750      153.260      153.760
     5:      154.260      244.230      244.730      245.230      335.630
    10:      336.130      336.630      424.230      424.730      425.230
    15:      511.460      511.960      512.460      603.370      603.870
    20:      604.370      694.290      694.790      695.290      783.270
    25:      783.770      784.270      872.240      872.740      873.240
    30:      963.130      963.630      964.130     1050.220     1050.720
    35:     1051.220     1140.270     1140.770     1141.270     1234.670
    40:     1235.170     1235.670     1327.230     1327.730     1328.230
    45:     1416.250     1416.750     1417.250     1504.380     1504.880
    50:     1505.380     1594.260     1594.760     1595.260     1679.300
    55:     1679.800     1680.300     1770.270     1770.770     1771.270
    60:     1859.280     1859.780     1860.280     1950.420     1950.920
    65:     1951.420     2041.270     2041.770     2042.270     2133.250
    70:     2133.750     2134.250     2223.740     2224.240     2224.740
    75:     2318.270     2318.770     2319.270     2409.230     2409.730
    80:     2410.230     2495.320     2495.820     2496.320     2585.250
    85:     2585.750     2586.250     2672.300     2672.800     2673.300
    90:     2758.810     2759.310     2759.810     2852.250     2852.750
    95:     2853.250     2940.220     2940.720     2941.220     3031.220
   100:     3031.720     3032.220     3119.280     3119.780     3120.280
   105:     3208.230     3208.730     3209.230     3298.290     3298.790
   110:     3299.290     3392.330     3392.830     3393.330     3481.720
   115:     3482.220     3482.720     3568.390     3568.890     3569.390
   120:     3657.300     3657.800     3658.300     3748.250     3748.750
   125:     3749.250     3835.250     3835.750     3836.250     3930.100
   130:     3930.600     3931.100     4017.160     4017.660     4018.160
   135:     4108.280     4108.780     4109.280     4198.250     4198.750
   140:     4199.250     4288.210     4288.710     4289.210     4380.130
   145:     4380.630     4381.130     4471.260     4471.760     4472.260
   150:     4562.230     4562.730     4563.230     4652.520     4653.020
   155:     4653.520     4743.220     4743.720     4744.220     4838.360
   160:     4838.860     4839.360     4925.310     4925.810     4926.310
   165:     5014.240     5014.740     5015.240     5104.220     5104.720
   170:     5105.220     5195.520     5196.020     5196.520     5281.310
   175:     5281.810     5282.310     5369.260     5369.760     5370.260
   180:     5457.380     5457.880     5458.380     5546.890     5547.390
   185:     5547.890     5635.340     5635.840     5636.340     5725.260
   190:     5725.760     5726.260     5815.070     5815.570     5816.070
   195:     5901.260     5901.760     5902.260     5993.290     5993.790
   200:     5994.290     6084.450     6084.950     6085.450     6175.110
   205:     6175.610     6176.110     6265.440     6265.940     6266.440
   210:     6352.580     6353.080     6353.580     6444.280     6444.780
   215:     6445.280     6537.040     6537.540     6538.040     6628.250
   220:     6628.750     6629.250     6717.320     6717.820     6718.320
   225:     6810.260     6810.760     6811.260     6902.240     6902.740
   230:     6903.240     6994.570     6995.070     6995.570     7080.680
   235:     7081.180     7081.680     7168.310     7168.810     7169.310
   240:     7260.910     7261.410     7261.910     7348.220     7348.720
   245:     7349.220     7439.760     7440.260     7440.760     7527.850
   250:     7528.350     7528.850     7618.260     7618.760     7619.260
   255:     7707.300     7707.800     7708.300     7799.290     7799.790
   260:     7800.290     7894.690     7895.190     7895.690     7983.230
   265:     7983.730     7984.230     8070.270     8070.770     8071.270
   270:     8160.240     8160.740     8161.240     8251.270     8251.770
   275:     8252.270     8339.260     8339.760     8340.260     8432.230
   280:     8432.730     8433.230     8521.260     8521.760     8522.260
   285:     8610.290     8610.790     8611.290     8697.810     8698.310
   290:     8698.810     8787.240     8787.740     8788.240     8879.350
   295:     8879.850     8880.350     8971.890     8972.390     8972.890
R:
     0:       41.750      133.260      224.230      315.630      404.230
     5:      491.460      583.370      674.290      763.270      852.240
    10:      943.130     1030.220     1120.270     1214.670     1307.230
    15:     1396.250     1484.380     1574.260     1659.300     1750.270
    20:     1839.280     1930.420     2021.270     2113.250     2203.740
    25:     2298.270     2389.230     2475.320     2565.250     2652.300
    30:     2738.810     2832.250     2920.220     3011.220     3099.280
    35:     3188.230     3278.290     3372.330     3461.720     3548.390
    40:     3637.300     3728.250     3815.250     3910.100     3997.160
    45:     4088.280     4178.250     4268.210     4360.130     4451.260
    50:     4542.230     4632.520     4723.220     4818.360     4905.310
    55:     4994.240     5084.220     5175.520     5261.310     5349.260
    60:     5437.380     5526.890     5615.340     5705.260     5795.070
    65:     5881.260     5973.290     6064.450     6155.110     6245.440
    70:     6332.580     6424.280     6517.040     6608.250     6697.320
    75:     6790.260     6882.240     6974.570     7060.680     7148.310
    80:     7240.910     7328.220     7419.760     7507.850     7598.260
    85:     7687.300     7779.290     7874.690     7963.230     8050.270
    90:     8140.240     8231.270     8319.260     8412.230     8501.260
    95:     8590.290     8677.810     8767.240     8859.350     8951.890
V:
W:
     0:        1.000        1.000        1.000        1.000        1.000
     5:        1.000        1.000        1.000        1.000        1.000
    10:        1.000        1.000        1.000        1.000        1.000
    15:        1.000        1.000        1.000        1.000        1.000
    20:        1.000        1.000        1.000        1.000        1.000
    25:        1.000        1.000        1.000        1.000        1.000
    30:        1.000        1.000        1.000        1.000        1.000
    35:        1.000        1.000        1.000        1.000        1.000
    40:        1.000        1.000        1.000        1.000        1.000
    45:        1.000        1.000        1.000        1.000        1.000
    50:        1.000        1.000        1.000        1.000        1.000
    55:        1.000        1.000        1.000        1.000        1.000
    60:        1.000        1.000        1.000        1.000        1.000
    65:        1.000        1.000        1.000        1.000        1.000
    70:        1.000        1.000        1.000        1.000        1.000
    75:        1.000        1.000        1.000        1.000        1.000
    80:        1.000        1.000        1.000        1.000        1.000
    85:        1.000        1.000        1.000        1.000        1.000
    90:        1.000        1.000        1.000        1.000        1.000
    95:        1.000        1.000        1.000        1.000        1.000
   100:        1.000        1.000        1.000        1.000        1.000
   105:        1.000        1.000        1.000        1.000        1.000
X:
     0:       15.000       15.150      108.000      108.150      199.000
     5:      199.150      289.000      289.150      379.000      379.150
    10:      466.000      466.150      558.000      558.150      649.000
    15:      649.150      738.000      738.150      827.000      827.150
    20:      917.000      917.150     1005.000     1005.150     1095.000
    25:     1095.150     1189.000     1189.150     1282.000     1282.150
    30:     1371.000     1371.150     1459.000     1459.150     1549.000
    35:     1549.150     1634.000     1634.150     1725.000     1725.150
    40:     1814.000     1814.150     1905.000     1905.150     1996.000
    45:     1996.150     2088.000     2088.150     2178.000     2178.150
    50:     2273.000     2273.150     2364.000     2364.150     2450.000
    55:     2450.150     2540.000     2540.150     2626.000     2626.150
    60:     2713.000     2713.150     2807.000     2807.150     2895.000
    65:     2895.150     2986.000     2986.150     3074.000     3074.150
    70:     3163.000     3163.150     3253.000     3253.150     3347.000
    75:     3347.150     3436.000     3436.150     3523.000     3523.150
    80:     3612.000     3612.150     3703.000     3703.150     3790.000
    85:     3790.150     3883.000     3883.150     3972.000     3972.150
    90:     4063.000     4063.150     4153.000     4153.150     4243.000
    95:     4243.150     4335.000     4335.150     4426.000     4426.150
   100:     4517.000     4517.150     4606.000     4606.150     4698.000
   105:     4698.150     4792.000     4792.150     4880.000     4880.150
   110:     4969.000     4969.150     5059.000     5059.150     5150.000
   115:     5150.150     5235.000     5235.150     5324.000     5324.150
   120:     5412.000     5412.150     5501.000     5501.150     5590.000
   125:     5590.150     5680.000     5680.150     5768.000     5768.150
   130:     5856.000     5856.150     5948.000     5948.150     6039.000
   135:     6039.150     6130.000     6130.150     6219.000     6219.150
   140:     6306.000     6306.150     6399.000     6399.150     6491.000
   145:     6491.150     6583.000     6583.150     6672.000     6672.150
   150:     6765.000     6765.150     6857.000     6857.150     6947.000
   155:     6947.150     7035.000     7035.150     7123.000     7123.150
   160:     7215.000     7215.150     7302.000     7302.150     7393.000
   165:     7393.150     7482.000     7482.150     7573.000     7573.150
   170:     7662.000     7662.150     7754.000     7754.150     7848.000
   175:     7848.150     7938.000     7938.150     8025.000     8025.150
   180:     8115.000     8115.150     8206.000     8206.150     8294.000
   185:     8294.150     8387.000     8387.150     8476.000     8476.150
   190:     8565.000     8565.150     8652.000     8652.150     8742.000
   195:     8742.150     8834.000     8834.150     8925.000     8925.150
Y:
Z:
     0:        0.000      100.000      275.000        2.000        6.000
     5:        0.000      300.000      200.000        0.000        0.000
    10:        0.000     2107.000       39.000        0.000        0.000
    15:        0.000
