File: C:\MED-PC IV\Data\Tarun\RM-B12_RM036\postBaseplate\R24\S01_R24_FR1_20s_100trials


Start Date: 05/18/17
End Date: 05/18/17
Subject: 24
Experiment: 0
Group: 0
Box: 2
Start Time:  9:08:26
End Time: 11:47:03
MSN: MiniScope_FR1-3p_100trials_01182017
A:       0.000
E:       0.000
J:     101.000
N:       0.000
O:       0.000
Q:       0.000
S:       0.000
T:    9017.000
U:       0.000
B:
     0:        0.000       10.000       10.000       15.000       20.000
     5:       20.000       20.000       10.000       17.000      100.000
    10:        1.000        3.000       15.000        0.010        1.000
    15:        0.000        0.000        5.000       20.000        5.000
C:
     0:      100.000       75.000      160.000        5.000        4.021
     5:        0.000      225.000       75.000       13.000        4.021
    10:        0.000      772.000      116.000        0.000       15.020
    15:        1.000        0.000        0.000        0.000       20.000
    20:        1.000        0.000        0.000        0.000       20.000
    25:        1.000        0.000        0.000        0.000       13.000
    30:        2.000        1.000        1.000        0.000        2.070
    35:        2.000        3.000        1.000        0.000        2.070
    40:        2.000        2.000        0.000        0.000       16.000
    45:        3.000        1.000        2.000        0.000        2.620
    50:        3.000        3.000        1.000        0.000        2.620
    55:        3.000        3.000        0.000        0.000       17.000
    60:        4.000        0.000        0.000        0.000       20.000
    65:        4.000        0.000        0.000        0.000       20.000
    70:        4.000        0.000        0.000        0.000       15.000
    75:        5.000        1.000        2.000        0.000        1.250
    80:        5.000        3.000        1.000        0.000        1.250
    85:        5.000        1.000        6.000        0.000       15.000
    90:        6.000        1.000        2.000        0.000       19.010
    95:        6.000        3.000        1.000        0.000       19.010
   100:        6.000        7.000        6.000        0.000       13.000
   105:        7.000        1.000        1.000        0.000       14.050
   110:        7.000        3.000        1.000        0.000       14.050
   115:        7.000        8.000        3.000        0.000       19.000
   120:        8.000        1.000        2.000        0.000        1.340
   125:        8.000        3.000        1.000        0.000        1.340
   130:        8.000        9.000        1.000        0.000       15.000
   135:        9.000        1.000        1.000        1.000        1.560
   140:        9.000        3.000        1.000        0.000        1.560
   145:        9.000        8.000        0.000        0.000       10.000
   150:       10.000        0.000        0.000        0.000       20.000
   155:       10.000        0.000        0.000        0.000       20.000
   160:       10.000        2.000        0.000        0.000       13.000
   165:       11.000        0.000        0.000        0.000       20.000
   170:       11.000        0.000        0.000        0.000       20.000
   175:       11.000        0.000        0.000        0.000       16.000
   180:       12.000        0.000        0.000        0.000       20.000
   185:       12.000        0.000        0.000        0.000       20.000
   190:       12.000        1.000        0.000        0.000       15.000
   195:       13.000        0.000        0.000        0.000       20.000
   200:       13.000        0.000        0.000        0.000       20.000
   205:       13.000        0.000        0.000        0.000       14.000
   210:       14.000        1.000        1.000        0.000        2.710
   215:       14.000        3.000        1.000        0.000        2.710
   220:       14.000        5.000        0.000        0.000       15.000
   225:       15.000        0.000        0.000        0.000       20.000
   230:       15.000        0.000        0.000        0.000       20.000
   235:       15.000        0.000        0.000        0.000       17.000
   240:       16.000        1.000        2.000        0.000        1.040
   245:       16.000        3.000        1.000        0.000        1.040
   250:       16.000       25.000        0.000        0.000       15.000
   255:       17.000        1.000        4.000        2.000        0.620
   260:       17.000        3.000        1.000        0.000        0.620
   265:       17.000        8.000        0.000        0.000       16.000
   270:       18.000        1.000        3.000        0.000        4.050
   275:       18.000        3.000        1.000        6.000        4.050
   280:       18.000       14.000        1.000        0.000       16.000
   285:       19.000        1.000        1.000        0.000       14.860
   290:       19.000        3.000        1.000        0.000       14.860
   295:       19.000        5.000        0.000        0.000       16.000
   300:       20.000        1.000        4.000        0.000        1.870
   305:       20.000        3.000        1.000        0.000        1.870
   310:       20.000        9.000        1.000        0.000       15.000
   315:       21.000        1.000        1.000        0.000        3.550
   320:       21.000        3.000        1.000        0.000        3.550
   325:       21.000       11.000        0.000        0.000       13.000
   330:       22.000        0.000        0.000        0.000       20.000
   335:       22.000        0.000        0.000        0.000       20.000
   340:       22.000        0.000        0.000        0.000       15.000
   345:       23.000        1.000        3.000        0.000        0.690
   350:       23.000        3.000        1.000        0.000        0.690
   355:       23.000       18.000        0.000        0.000       13.000
   360:       24.000        1.000        1.000        0.000        1.860
   365:       24.000        3.000        1.000        0.000        1.860
   370:       24.000        5.000        0.000        0.000       12.000
   375:       25.000        1.000        4.000        0.000        2.530
   380:       25.000        3.000        1.000        0.000        2.530
   385:       25.000       11.000        0.000        0.000       14.000
   390:       26.000        1.000        2.000        0.000        0.870
   395:       26.000        3.000        1.000        0.000        0.870
   400:       26.000       29.000        1.000        0.000       18.000
   405:       27.000        0.000        0.000        0.000       20.000
   410:       27.000        0.000        0.000        0.000       20.000
   415:       27.000        0.000        1.000        0.000       16.000
   420:       28.000        1.000        3.000        0.000        1.640
   425:       28.000        3.000        1.000        0.000        1.640
   430:       28.000       32.000       47.000        0.000       15.000
   435:       29.000        1.000        2.000        0.000        0.970
   440:       29.000        3.000        1.000        0.000        0.970
   445:       29.000       12.000        0.000        0.000       14.000
   450:       30.000        1.000        2.000        0.000        4.900
   455:       30.000        3.000        1.000        0.000        4.900
   460:       30.000        6.000        0.000        0.000       15.000
   465:       31.000        0.000        0.000        0.000       20.000
   470:       31.000        0.000        0.000        0.000       20.000
   475:       31.000        0.000        0.000        0.000       15.000
   480:       32.000        1.000        1.000        0.000        1.690
   485:       32.000        3.000        1.000        0.000        1.690
   490:       32.000        4.000        0.000        0.000       19.000
   495:       33.000        1.000        3.000        0.000        0.810
   500:       33.000        3.000        1.000        0.000        0.810
   505:       33.000       18.000        0.000        0.000       12.000
   510:       34.000        1.000        1.000        0.000        2.700
   515:       34.000        3.000        1.000        0.000        2.700
   520:       34.000        1.000        0.000        0.000       14.000
   525:       35.000        0.000        0.000        0.000       20.000
   530:       35.000        0.000        0.000        0.000       20.000
   535:       35.000        0.000        0.000        0.000       17.000
   540:       36.000        1.000        3.000        0.000        1.050
   545:       36.000        3.000        1.000        0.000        1.050
   550:       36.000       19.000        0.000        0.000       17.000
   555:       37.000        0.000        0.000        0.000       20.000
   560:       37.000        0.000        0.000        0.000       20.000
   565:       37.000        0.000        0.000        0.000       16.000
   570:       38.000        1.000        3.000        0.000        3.720
   575:       38.000        3.000        1.000        0.000        3.720
   580:       38.000        8.000        2.000        0.000       15.000
   585:       39.000        1.000        3.000        0.000        2.300
   590:       39.000        3.000        1.000        0.000        2.300
   595:       39.000       15.000        1.000        0.000       14.000
   600:       40.000        1.000        1.000        0.000        2.480
   605:       40.000        3.000        1.000        1.000        2.480
   610:       40.000        3.000        0.000        0.000       12.000
   615:       41.000        1.000        3.000        0.000        5.500
   620:       41.000        3.000        1.000        0.000        5.500
   625:       41.000       11.000        0.000        0.000       16.000
   630:       42.000        1.000        2.000        0.000       15.790
   635:       42.000        3.000        1.000        0.000       15.790
   640:       42.000       11.000        0.000        0.000       16.000
   645:       43.000        1.000        3.000        0.000        6.540
   650:       43.000        3.000        1.000        0.000        6.540
   655:       43.000       21.000        0.000        0.000       14.000
   660:       44.000        0.000        0.000        0.000       20.000
   665:       44.000        0.000        0.000        0.000       20.000
   670:       44.000        0.000        0.000        0.000       20.000
   675:       45.000        1.000        2.000        0.000        0.860
   680:       45.000        3.000        1.000        0.000        0.860
   685:       45.000       29.000        0.000        0.000       14.000
   690:       46.000        1.000        2.000        0.000        1.430
   695:       46.000        3.000        1.000        0.000        1.430
   700:       46.000        7.000        6.000        0.000       16.000
   705:       47.000        1.000        1.000        0.000        0.820
   710:       47.000        3.000        1.000        0.000        0.820
   715:       47.000        2.000        0.000        0.000       13.000
   720:       48.000        1.000        2.000        0.000        7.920
   725:       48.000        3.000        1.000        0.000        7.920
   730:       48.000        2.000        0.000        0.000       14.000
   735:       49.000        0.000        0.000        0.000       20.000
   740:       49.000        0.000        0.000        0.000       20.000
   745:       49.000        1.000        9.000        0.000       16.000
   750:       50.000        1.000        2.000        0.000        1.050
   755:       50.000        3.000        1.000        0.000        1.050
   760:       50.000        6.000       12.000        0.000       18.000
   765:       51.000        1.000        3.000        0.000        0.510
   770:       51.000        3.000        1.000        0.000        0.510
   775:       51.000        8.000        0.000        0.000       18.000
   780:       52.000        0.000        0.000        0.000       20.000
   785:       52.000        0.000        0.000        0.000       20.000
   790:       52.000        0.000        0.000        0.000       15.000
   795:       53.000        1.000        2.000        0.000        2.160
   800:       53.000        3.000        1.000        0.000        2.160
   805:       53.000       14.000        0.000        0.000       13.000
   810:       54.000        0.000        0.000        0.000       20.000
   815:       54.000        0.000        0.000        0.000       20.000
   820:       54.000        0.000        0.000        0.000       17.000
   825:       55.000        1.000        1.000        0.000        2.870
   830:       55.000        3.000        1.000        0.000        2.870
   835:       55.000        4.000        3.000        0.000       14.000
   840:       56.000        1.000        3.000        0.000        1.120
   845:       56.000        3.000        1.000        0.000        1.120
   850:       56.000        6.000        0.000        0.000       14.000
   855:       57.000        1.000        1.000        0.000        1.030
   860:       57.000        3.000        1.000        0.000        1.030
   865:       57.000       12.000        0.000        0.000       12.000
   870:       58.000        0.000        0.000        0.000       20.000
   875:       58.000        0.000        0.000        0.000       20.000
   880:       58.000        0.000        0.000        0.000       18.000
   885:       59.000        0.000        0.000        0.000       20.000
   890:       59.000        0.000        0.000        0.000       20.000
   895:       59.000        0.000        0.000        0.000       17.000
   900:       60.000        1.000        2.000        0.000       13.440
   905:       60.000        3.000        1.000        0.000       13.440
   910:       60.000        5.000        0.000        0.000       16.000
   915:       61.000        0.000        0.000        0.000       20.000
   920:       61.000        0.000        0.000        0.000       20.000
   925:       61.000        2.000        0.000        0.000       17.000
   930:       62.000        1.000        3.000        0.000        0.510
   935:       62.000        3.000        1.000        0.000        0.510
   940:       62.000       14.000        1.000        0.000       12.000
   945:       63.000        1.000        1.000        0.000        4.470
   950:       63.000        3.000        1.000        0.000        4.470
   955:       63.000        4.000        0.000        0.000       13.000
   960:       64.000        0.000        0.000        0.000       20.000
   965:       64.000        0.000        0.000        0.000       20.000
   970:       64.000        1.000        0.000        0.000       15.000
   975:       65.000        1.000        3.000        0.000       15.480
   980:       65.000        3.000        1.000        1.000       15.480
   985:       65.000       11.000        1.000        0.000       14.000
   990:       66.000        1.000        2.000        0.000        1.080
   995:       66.000        3.000        1.000        0.000        1.080
  1000:       66.000        2.000        0.000        0.000       11.000
  1005:       67.000        0.000        0.000        0.000       20.000
  1010:       67.000        0.000        0.000        0.000       20.000
  1015:       67.000        0.000        0.000        0.000       17.000
  1020:       68.000        1.000        3.000        0.000        1.970
  1025:       68.000        3.000        1.000        0.000        1.970
  1030:       68.000        3.000        0.000        0.000       17.000
  1035:       69.000        1.000        2.000        0.000        5.980
  1040:       69.000        3.000        1.000        0.000        5.980
  1045:       69.000        4.000        0.000        0.000       14.000
  1050:       70.000        1.000        1.000        0.000        1.830
  1055:       70.000        3.000        1.000        0.000        1.830
  1060:       70.000        2.000        0.000        0.000       11.000
  1065:       71.000        0.000        0.000        0.000       20.000
  1070:       71.000        0.000        0.000        0.000       20.000
  1075:       71.000       11.000        5.000        0.000       14.000
  1080:       72.000        1.000        2.000        0.000       12.490
  1085:       72.000        3.000        1.000        0.000       12.490
  1090:       72.000        8.000        1.000        0.000       15.000
  1095:       73.000        1.000        1.000        0.000        2.610
  1100:       73.000        3.000        1.000        0.000        2.610
  1105:       73.000        2.000        0.000        0.000       14.000
  1110:       74.000        1.000        2.000        0.000        1.920
  1115:       74.000        3.000        1.000        0.000        1.920
  1120:       74.000        5.000        0.000        0.000       12.000
  1125:       75.000        1.000        1.000        0.000        2.130
  1130:       75.000        3.000        1.000        0.000        2.130
  1135:       75.000       22.000        0.000        0.000       16.000
  1140:       76.000        0.000        0.000        0.000       20.000
  1145:       76.000        0.000        0.000        0.000       20.000
  1150:       76.000        0.000        0.000        0.000       16.000
  1155:       77.000        1.000        2.000        0.000        1.340
  1160:       77.000        3.000        1.000        0.000        1.340
  1165:       77.000        9.000        0.000        0.000       18.000
  1170:       78.000        1.000        2.000        0.000       12.930
  1175:       78.000        3.000        1.000        0.000       12.930
  1180:       78.000        8.000        0.000        0.000       16.000
  1185:       79.000        1.000        1.000        0.000        4.090
  1190:       79.000        3.000        1.000        0.000        4.090
  1195:       79.000        3.000        0.000        0.000       13.000
  1200:       80.000        1.000        2.000        0.000        1.420
  1205:       80.000        3.000        1.000        1.000        1.420
  1210:       80.000       20.000        0.000        0.000       14.000
  1215:       81.000        1.000        4.000        0.000        4.390
  1220:       81.000        3.000        1.000        0.000        4.390
  1225:       81.000        9.000        0.000        0.000       12.000
  1230:       82.000        1.000        4.000        0.000        2.390
  1235:       82.000        3.000        1.000        0.000        2.390
  1240:       82.000        9.000        0.000        0.000       18.000
  1245:       83.000        1.000        3.000        0.000        0.780
  1250:       83.000        3.000        1.000        0.000        0.780
  1255:       83.000       28.000        1.000        0.000       14.000
  1260:       84.000        1.000        3.000        0.000        1.040
  1265:       84.000        3.000        1.000        2.000        1.040
  1270:       84.000        3.000        0.000        0.000       16.000
  1275:       85.000        1.000        2.000        0.000        0.780
  1280:       85.000        3.000        1.000        0.000        0.780
  1285:       85.000       11.000        0.000        0.000       19.000
  1290:       86.000        1.000        1.000        0.000        0.870
  1295:       86.000        3.000        1.000        0.000        0.870
  1300:       86.000        7.000        2.000        0.000       17.000
  1305:       87.000        1.000        2.000        0.000       14.720
  1310:       87.000        3.000        1.000        0.000       14.720
  1315:       87.000        5.000        2.000        0.000       14.000
  1320:       88.000        1.000        1.000        0.000        0.690
  1325:       88.000        3.000        1.000        2.000        0.690
  1330:       88.000       20.000        1.000        0.000       10.000
  1335:       89.000        1.000        3.000        0.000       16.410
  1340:       89.000        3.000        1.000        0.000       16.410
  1345:       89.000        9.000        0.000        0.000       13.000
  1350:       90.000        0.000        0.000        0.000       20.000
  1355:       90.000        0.000        0.000        0.000       20.000
  1360:       90.000        0.000        0.000        0.000       13.000
  1365:       91.000        1.000        2.000        0.000        3.810
  1370:       91.000        3.000        1.000        0.000        3.810
  1375:       91.000       13.000        0.000        0.000       16.000
  1380:       92.000        1.000        3.000        0.000        1.390
  1385:       92.000        3.000        1.000        0.000        1.390
  1390:       92.000       22.000        0.000        0.000       19.000
  1395:       93.000        1.000        1.000        0.000        0.960
  1400:       93.000        3.000        1.000        0.000        0.960
  1405:       93.000       10.000        1.000        0.000       14.000
  1410:       94.000        1.000        3.000        0.000        1.060
  1415:       94.000        3.000        1.000        0.000        1.060
  1420:       94.000       10.000        0.000        0.000       19.000
  1425:       95.000        0.000        0.000        0.000       20.000
  1430:       95.000        0.000        0.000        0.000       20.000
  1435:       95.000        0.000        0.000        0.000       12.000
  1440:       96.000        1.000        1.000        0.000       11.830
  1445:       96.000        3.000        1.000        0.000       11.830
  1450:       96.000        7.000        1.000        0.000       15.000
  1455:       97.000        1.000        2.000        0.000        4.680
  1460:       97.000        3.000        1.000        0.000        4.680
  1465:       97.000       16.000        0.000        0.000       16.000
  1470:       98.000        1.000        3.000        0.000        3.680
  1475:       98.000        3.000        1.000        0.000        3.680
  1480:       98.000       13.000        0.000        0.000       17.000
  1485:       99.000        1.000        3.000        2.000        1.250
  1490:       99.000        3.000        1.000        0.000        1.250
  1495:       99.000        6.000        0.000        0.000       14.000
  1500:      100.000        1.000        3.000        0.000        0.780
  1505:      100.000        3.000        1.000        0.000        0.780
  1510:      100.000        5.000        0.000        0.000       17.000
D:
     0:        0.000        0.000        0.000        0.000        0.000
     5:        0.000        0.000        0.000        0.000        0.000
    10:        0.000        0.000        0.000        0.000        0.000
    15:        1.000       15.000       90.000       40.000       60.000
    20:        1.000        0.000        0.000        0.000        0.000
    25:        1.000       25.000       80.000       15.000       15.150
    30:        2.000      103.000      178.000      128.000      135.070
    35:        2.000      150.070      151.070      130.070      150.070
    40:        2.000      113.000      168.000      103.000      103.150
    45:        3.000      194.000      269.000      219.000      226.620
    50:        3.000      241.620      242.620      221.620      241.620
    55:        3.000      204.000      259.000      194.000      194.150
    60:        4.000      286.000      361.000      311.000      331.000
    65:        4.000        0.000        0.000        0.000        0.000
    70:        4.000      296.000      351.000      286.000      286.150
    75:        5.000      376.000      451.000      401.000      407.250
    80:        5.000      422.250      423.250      402.250      422.250
    85:        5.000      386.000      441.000      376.000      376.150
    90:        6.000      466.000      541.000      491.000      515.010
    95:        6.000      530.010      531.010      510.010      530.010
   100:        6.000      476.000      531.000      466.000      466.150
   105:        7.000      554.000      629.000      579.000      598.050
   110:        7.000      613.050      614.050      593.050      613.050
   115:        7.000      564.000      619.000      554.000      554.150
   120:        8.000      648.000      723.000      673.000      679.340
   125:        8.000      694.340      695.340      674.340      694.340
   130:        8.000      658.000      713.000      648.000      648.150
   135:        9.000      738.000      813.000      763.000      769.560
   140:        9.000      784.560      785.560      764.560      784.560
   145:        9.000      748.000      803.000      738.000      738.150
   150:       10.000      823.000      898.000      848.000      868.000
   155:       10.000        0.000        0.000        0.000        0.000
   160:       10.000      833.000      888.000      823.000      823.150
   165:       11.000      911.000      986.000      936.000      956.000
   170:       11.000        0.000        0.000        0.000        0.000
   175:       11.000      921.000      976.000      911.000      911.150
   180:       12.000     1002.000     1077.000     1027.000     1047.000
   185:       12.000        0.000        0.000        0.000        0.000
   190:       12.000     1012.000     1067.000     1002.000     1002.150
   195:       13.000     1092.000     1167.000     1117.000     1137.000
   200:       13.000        0.000        0.000        0.000        0.000
   205:       13.000     1102.000     1157.000     1092.000     1092.150
   210:       14.000     1181.000     1256.000     1206.000     1213.710
   215:       14.000     1228.710     1229.710     1208.710     1228.710
   220:       14.000     1191.000     1246.000     1181.000     1181.150
   225:       15.000     1271.000     1346.000     1296.000     1316.000
   230:       15.000        0.000        0.000        0.000        0.000
   235:       15.000     1281.000     1336.000     1271.000     1271.150
   240:       16.000     1363.000     1438.000     1388.000     1394.040
   245:       16.000     1409.040     1410.040     1389.040     1409.040
   250:       16.000     1373.000     1428.000     1363.000     1363.150
   255:       17.000     1453.000     1528.000     1478.000     1483.620
   260:       17.000     1498.620     1499.620     1478.620     1498.620
   265:       17.000     1463.000     1518.000     1453.000     1453.150
   270:       18.000     1544.000     1619.000     1569.000     1578.050
   275:       18.000     1593.050     1594.050     1573.050     1593.050
   280:       18.000     1554.000     1609.000     1544.000     1544.150
   285:       19.000     1635.000     1710.000     1660.000     1679.860
   290:       19.000     1694.860     1695.860     1674.860     1694.860
   295:       19.000     1645.000     1700.000     1635.000     1635.150
   300:       20.000     1726.000     1801.000     1751.000     1757.870
   305:       20.000     1772.870     1773.870     1752.870     1772.870
   310:       20.000     1736.000     1791.000     1726.000     1726.150
   315:       21.000     1816.000     1891.000     1841.000     1849.550
   320:       21.000     1864.550     1865.550     1844.550     1864.550
   325:       21.000     1826.000     1881.000     1816.000     1816.150
   330:       22.000     1904.000     1979.000     1929.000     1949.000
   335:       22.000        0.000        0.000        0.000        0.000
   340:       22.000     1914.000     1969.000     1904.000     1904.150
   345:       23.000     1994.000     2069.000     2019.000     2024.690
   350:       23.000     2039.690     2040.690     2019.690     2039.690
   355:       23.000     2004.000     2059.000     1994.000     1994.150
   360:       24.000     2082.000     2157.000     2107.000     2113.860
   365:       24.000     2128.860     2129.860     2108.860     2128.860
   370:       24.000     2092.000     2147.000     2082.000     2082.150
   375:       25.000     2169.000     2244.000     2194.000     2201.530
   380:       25.000     2216.530     2217.530     2196.530     2216.530
   385:       25.000     2179.000     2234.000     2169.000     2169.150
   390:       26.000     2258.000     2333.000     2283.000     2288.870
   395:       26.000     2303.870     2304.870     2283.870     2303.870
   400:       26.000     2268.000     2323.000     2258.000     2258.150
   405:       27.000     2351.000     2426.000     2376.000     2396.000
   410:       27.000        0.000        0.000        0.000        0.000
   415:       27.000     2361.000     2416.000     2351.000     2351.150
   420:       28.000     2442.000     2517.000     2467.000     2473.640
   425:       28.000     2488.640     2489.640     2468.640     2488.640
   430:       28.000     2452.000     2507.000     2442.000     2442.150
   435:       29.000     2532.000     2607.000     2557.000     2562.970
   440:       29.000     2577.970     2578.970     2557.970     2577.970
   445:       29.000     2542.000     2597.000     2532.000     2532.150
   450:       30.000     2621.000     2696.000     2646.000     2655.900
   455:       30.000     2670.900     2671.900     2650.900     2670.900
   460:       30.000     2631.000     2686.000     2621.000     2621.150
   465:       31.000     2711.000     2786.000     2736.000     2756.000
   470:       31.000        0.000        0.000        0.000        0.000
   475:       31.000     2721.000     2776.000     2711.000     2711.150
   480:       32.000     2801.000     2876.000     2826.000     2832.690
   485:       32.000     2847.690     2848.690     2827.690     2847.690
   490:       32.000     2811.000     2866.000     2801.000     2801.150
   495:       33.000     2895.000     2970.000     2920.000     2925.810
   500:       33.000     2940.810     2941.810     2920.810     2940.810
   505:       33.000     2905.000     2960.000     2895.000     2895.150
   510:       34.000     2982.000     3057.000     3007.000     3014.700
   515:       34.000     3029.700     3030.700     3009.700     3029.700
   520:       34.000     2992.000     3047.000     2982.000     2982.150
   525:       35.000     3071.000     3146.000     3096.000     3116.000
   530:       35.000        0.000        0.000        0.000        0.000
   535:       35.000     3081.000     3136.000     3071.000     3071.150
   540:       36.000     3163.000     3238.000     3188.000     3194.050
   545:       36.000     3209.050     3210.050     3189.050     3209.050
   550:       36.000     3173.000     3228.000     3163.000     3163.150
   555:       37.000     3255.000     3330.000     3280.000     3300.000
   560:       37.000        0.000        0.000        0.000        0.000
   565:       37.000     3265.000     3320.000     3255.000     3255.150
   570:       38.000     3346.000     3421.000     3371.000     3379.720
   575:       38.000     3394.720     3395.720     3374.720     3394.720
   580:       38.000     3356.000     3411.000     3346.000     3346.150
   585:       39.000     3436.000     3511.000     3461.000     3468.300
   590:       39.000     3483.300     3484.300     3463.300     3483.300
   595:       39.000     3446.000     3501.000     3436.000     3436.150
   600:       40.000     3525.000     3600.000     3550.000     3557.480
   605:       40.000     3572.480     3573.480     3552.480     3572.480
   610:       40.000     3535.000     3590.000     3525.000     3525.150
   615:       41.000     3612.000     3687.000     3637.000     3647.500
   620:       41.000     3662.500     3663.500     3642.500     3662.500
   625:       41.000     3622.000     3677.000     3612.000     3612.150
   630:       42.000     3703.000     3778.000     3728.000     3748.790
   635:       42.000     3763.790     3764.790     3743.790     3763.790
   640:       42.000     3713.000     3768.000     3703.000     3703.150
   645:       43.000     3794.000     3869.000     3819.000     3830.540
   650:       43.000     3845.540     3846.540     3825.540     3845.540
   655:       43.000     3804.000     3859.000     3794.000     3794.150
   660:       44.000     3883.000     3958.000     3908.000     3928.000
   665:       44.000        0.000        0.000        0.000        0.000
   670:       44.000     3893.000     3948.000     3883.000     3883.150
   675:       45.000     3978.000     4053.000     4003.000     4008.860
   680:       45.000     4023.860     4024.860     4003.860     4023.860
   685:       45.000     3988.000     4043.000     3978.000     3978.150
   690:       46.000     4067.000     4142.000     4092.000     4098.430
   695:       46.000     4113.430     4114.430     4093.430     4113.430
   700:       46.000     4077.000     4132.000     4067.000     4067.150
   705:       47.000     4158.000     4233.000     4183.000     4188.820
   710:       47.000     4203.820     4204.820     4183.820     4203.820
   715:       47.000     4168.000     4223.000     4158.000     4158.150
   720:       48.000     4246.000     4321.000     4271.000     4283.920
   725:       48.000     4298.920     4299.920     4278.920     4298.920
   730:       48.000     4256.000     4311.000     4246.000     4246.150
   735:       49.000     4335.000     4410.000     4360.000     4380.000
   740:       49.000        0.000        0.000        0.000        0.000
   745:       49.000     4345.000     4400.000     4335.000     4335.150
   750:       50.000     4426.000     4501.000     4451.000     4457.050
   755:       50.000     4472.050     4473.050     4452.050     4472.050
   760:       50.000     4436.000     4491.000     4426.000     4426.150
   765:       51.000     4519.000     4594.000     4544.000     4549.510
   770:       51.000     4564.510     4565.510     4544.510     4564.510
   775:       51.000     4529.000     4584.000     4519.000     4519.150
   780:       52.000     4612.000     4687.000     4637.000     4657.000
   785:       52.000        0.000        0.000        0.000        0.000
   790:       52.000     4622.000     4677.000     4612.000     4612.150
   795:       53.000     4702.000     4777.000     4727.000     4734.160
   800:       53.000     4749.160     4750.160     4729.160     4749.160
   805:       53.000     4712.000     4767.000     4702.000     4702.150
   810:       54.000     4790.000     4865.000     4815.000     4835.000
   815:       54.000        0.000        0.000        0.000        0.000
   820:       54.000     4800.000     4855.000     4790.000     4790.150
   825:       55.000     4882.000     4957.000     4907.000     4914.870
   830:       55.000     4929.870     4930.870     4909.870     4929.870
   835:       55.000     4892.000     4947.000     4882.000     4882.150
   840:       56.000     4971.000     5046.000     4996.000     5002.120
   845:       56.000     5017.120     5018.120     4997.120     5017.120
   850:       56.000     4981.000     5036.000     4971.000     4971.150
   855:       57.000     5060.000     5135.000     5085.000     5091.030
   860:       57.000     5106.030     5107.030     5086.030     5106.030
   865:       57.000     5070.000     5125.000     5060.000     5060.150
   870:       58.000     5147.000     5222.000     5172.000     5192.000
   875:       58.000        0.000        0.000        0.000        0.000
   880:       58.000     5157.000     5212.000     5147.000     5147.150
   885:       59.000     5240.000     5315.000     5265.000     5285.000
   890:       59.000        0.000        0.000        0.000        0.000
   895:       59.000     5250.000     5305.000     5240.000     5240.150
   900:       60.000     5332.000     5407.000     5357.000     5375.440
   905:       60.000     5390.440     5391.440     5370.440     5390.440
   910:       60.000     5342.000     5397.000     5332.000     5332.150
   915:       61.000     5423.000     5498.000     5448.000     5468.000
   920:       61.000        0.000        0.000        0.000        0.000
   925:       61.000     5433.000     5488.000     5423.000     5423.150
   930:       62.000     5515.000     5590.000     5540.000     5545.510
   935:       62.000     5560.510     5561.510     5540.510     5560.510
   940:       62.000     5525.000     5580.000     5515.000     5515.150
   945:       63.000     5602.000     5677.000     5627.000     5636.470
   950:       63.000     5651.470     5652.470     5631.470     5651.470
   955:       63.000     5612.000     5667.000     5602.000     5602.150
   960:       64.000     5690.000     5765.000     5715.000     5735.000
   965:       64.000        0.000        0.000        0.000        0.000
   970:       64.000     5700.000     5755.000     5690.000     5690.150
   975:       65.000     5780.000     5855.000     5805.000     5825.480
   980:       65.000     5840.480     5841.480     5820.480     5840.480
   985:       65.000     5790.000     5845.000     5780.000     5780.150
   990:       66.000     5869.000     5944.000     5894.000     5900.080
   995:       66.000     5915.080     5916.080     5895.080     5915.080
  1000:       66.000     5879.000     5934.000     5869.000     5869.150
  1005:       67.000     5955.000     6030.000     5980.000     6000.000
  1010:       67.000        0.000        0.000        0.000        0.000
  1015:       67.000     5965.000     6020.000     5955.000     5955.150
  1020:       68.000     6047.000     6122.000     6072.000     6078.970
  1025:       68.000     6093.970     6094.970     6073.970     6093.970
  1030:       68.000     6057.000     6112.000     6047.000     6047.150
  1035:       69.000     6139.000     6214.000     6164.000     6174.980
  1040:       69.000     6189.980     6190.980     6169.980     6189.980
  1045:       69.000     6149.000     6204.000     6139.000     6139.150
  1050:       70.000     6228.000     6303.000     6253.000     6259.830
  1055:       70.000     6274.830     6275.830     6254.830     6274.830
  1060:       70.000     6238.000     6293.000     6228.000     6228.150
  1065:       71.000     6314.000     6389.000     6339.000     6359.000
  1070:       71.000        0.000        0.000        0.000        0.000
  1075:       71.000     6324.000     6379.000     6314.000     6314.150
  1080:       72.000     6403.000     6478.000     6428.000     6445.490
  1085:       72.000     6460.490     6461.490     6440.490     6460.490
  1090:       72.000     6413.000     6468.000     6403.000     6403.150
  1095:       73.000     6493.000     6568.000     6518.000     6525.610
  1100:       73.000     6540.610     6541.610     6520.610     6540.610
  1105:       73.000     6503.000     6558.000     6493.000     6493.150
  1110:       74.000     6582.000     6657.000     6607.000     6613.920
  1115:       74.000     6628.920     6629.920     6608.920     6628.920
  1120:       74.000     6592.000     6647.000     6582.000     6582.150
  1125:       75.000     6669.000     6744.000     6694.000     6701.130
  1130:       75.000     6716.130     6717.130     6696.130     6716.130
  1135:       75.000     6679.000     6734.000     6669.000     6669.150
  1140:       76.000     6760.000     6835.000     6785.000     6805.000
  1145:       76.000        0.000        0.000        0.000        0.000
  1150:       76.000     6770.000     6825.000     6760.000     6760.150
  1155:       77.000     6851.000     6926.000     6876.000     6882.340
  1160:       77.000     6897.340     6898.340     6877.340     6897.340
  1165:       77.000     6861.000     6916.000     6851.000     6851.150
  1170:       78.000     6944.000     7019.000     6969.000     6986.930
  1175:       78.000     7001.930     7002.930     6981.930     7001.930
  1180:       78.000     6954.000     7009.000     6944.000     6944.150
  1185:       79.000     7035.000     7110.000     7060.000     7069.090
  1190:       79.000     7084.090     7085.090     7064.090     7084.090
  1195:       79.000     7045.000     7100.000     7035.000     7035.150
  1200:       80.000     7123.000     7198.000     7148.000     7154.420
  1205:       80.000     7169.420     7170.420     7149.420     7169.420
  1210:       80.000     7133.000     7188.000     7123.000     7123.150
  1215:       81.000     7212.000     7287.000     7237.000     7246.390
  1220:       81.000     7261.390     7262.390     7241.390     7261.390
  1225:       81.000     7222.000     7277.000     7212.000     7212.150
  1230:       82.000     7299.000     7374.000     7324.000     7331.390
  1235:       82.000     7346.390     7347.390     7326.390     7346.390
  1240:       82.000     7309.000     7364.000     7299.000     7299.150
  1245:       83.000     7392.000     7467.000     7417.000     7422.780
  1250:       83.000     7437.780     7438.780     7417.780     7437.780
  1255:       83.000     7402.000     7457.000     7392.000     7392.150
  1260:       84.000     7481.000     7556.000     7506.000     7512.040
  1265:       84.000     7527.040     7528.040     7507.040     7527.040
  1270:       84.000     7491.000     7546.000     7481.000     7481.150
  1275:       85.000     7572.000     7647.000     7597.000     7602.780
  1280:       85.000     7617.780     7618.780     7597.780     7617.780
  1285:       85.000     7582.000     7637.000     7572.000     7572.150
  1290:       86.000     7666.000     7741.000     7691.000     7696.870
  1295:       86.000     7711.870     7712.870     7691.870     7711.870
  1300:       86.000     7676.000     7731.000     7666.000     7666.150
  1305:       87.000     7758.000     7833.000     7783.000     7802.720
  1310:       87.000     7817.720     7818.720     7797.720     7817.720
  1315:       87.000     7768.000     7823.000     7758.000     7758.150
  1320:       88.000     7847.000     7922.000     7872.000     7877.690
  1325:       88.000     7892.690     7893.690     7872.690     7892.690
  1330:       88.000     7857.000     7912.000     7847.000     7847.150
  1335:       89.000     7932.000     8007.000     7957.000     7978.410
  1340:       89.000     7993.410     7994.410     7973.410     7993.410
  1345:       89.000     7942.000     7997.000     7932.000     7932.150
  1350:       90.000     8020.000     8095.000     8045.000     8065.000
  1355:       90.000        0.000        0.000        0.000        0.000
  1360:       90.000     8030.000     8085.000     8020.000     8020.150
  1365:       91.000     8108.000     8183.000     8133.000     8141.810
  1370:       91.000     8156.810     8157.810     8136.810     8156.810
  1375:       91.000     8118.000     8173.000     8108.000     8108.150
  1380:       92.000     8199.000     8274.000     8224.000     8230.390
  1385:       92.000     8245.390     8246.390     8225.390     8245.390
  1390:       92.000     8209.000     8264.000     8199.000     8199.150
  1395:       93.000     8293.000     8368.000     8318.000     8323.960
  1400:       93.000     8338.960     8339.960     8318.960     8338.960
  1405:       93.000     8303.000     8358.000     8293.000     8293.150
  1410:       94.000     8382.000     8457.000     8407.000     8413.060
  1415:       94.000     8428.060     8429.060     8408.060     8428.060
  1420:       94.000     8392.000     8447.000     8382.000     8382.150
  1425:       95.000     8476.000     8551.000     8501.000     8521.000
  1430:       95.000        0.000        0.000        0.000        0.000
  1435:       95.000     8486.000     8541.000     8476.000     8476.150
  1440:       96.000     8563.000     8638.000     8588.000     8604.830
  1445:       96.000     8619.830     8620.830     8599.830     8619.830
  1450:       96.000     8573.000     8628.000     8563.000     8563.150
  1455:       97.000     8653.000     8728.000     8678.000     8687.680
  1460:       97.000     8702.680     8703.680     8682.680     8702.680
  1465:       97.000     8663.000     8718.000     8653.000     8653.150
  1470:       98.000     8744.000     8819.000     8769.000     8777.680
  1475:       98.000     8792.680     8793.680     8772.680     8792.680
  1480:       98.000     8754.000     8809.000     8744.000     8744.150
  1485:       99.000     8836.000     8911.000     8861.000     8867.250
  1490:       99.000     8882.250     8883.250     8862.250     8882.250
  1495:       99.000     8846.000     8901.000     8836.000     8836.150
  1500:      100.000     8925.000     9000.000     8950.000     8955.780
  1505:      100.000     8970.780     8971.780     8950.780     8970.780
  1510:      100.000     8935.000     8990.000     8925.000     8925.150
F:
     0:      150.700      167.250      231.540      231.730      242.140
     5:      426.060      508.440      526.650      526.720      527.870
    10:      527.960      528.070      530.340      591.690      591.800
    15:      591.840      610.280      612.260      613.470      616.310
    20:      616.500      675.870      680.620      685.850      685.940
    25:      686.180      688.850      691.210      694.590      694.800
    30:      770.690      771.030      775.890      779.570      784.880
    35:      786.770      787.260      794.190      879.780      879.860
    40:     1055.830     1209.670     1222.760     1223.880     1225.720
    45:     1229.030     1382.590     1382.930     1391.480     1395.040
    50:     1395.140     1395.270     1396.540     1397.480     1399.640
    55:     1399.820     1400.650     1401.320     1401.840     1401.890
    60:     1402.710     1402.830     1403.030     1403.130     1403.470
    65:     1404.460     1406.660     1406.920     1409.230     1411.730
    70:     1412.960     1493.990     1495.930     1496.130     1496.310
    75:     1498.060     1499.010     1499.100     1500.620     1560.210
    80:     1560.480     1579.200     1579.550     1581.690     1581.980
    85:     1586.580     1587.520     1590.390     1593.350     1595.660
    90:     1595.790     1595.940     1596.050     1687.470     1693.860
    95:     1695.120     1697.500     1697.530     1761.510     1763.130
   100:     1763.330     1767.840     1768.090     1769.570     1770.850
   105:     1772.630     1774.390     1853.790     1859.150     1861.620
   110:     1861.730     1861.970     1862.490     1862.650     1862.900
   115:     1862.920     1863.870     1864.930     2017.490     2017.610
   120:     2017.700     2027.570     2027.700     2029.720     2032.550
   125:     2032.810     2034.810     2035.610     2037.240     2038.410
   130:     2038.610     2038.870     2039.180     2039.300     2040.050
   135:     2040.730     2125.430     2128.000     2128.900     2129.200
   140:     2132.060     2202.500     2209.060     2209.790     2210.170
   145:     2210.380     2210.610     2214.430     2215.620     2216.360
   150:     2216.910     2219.400     2280.180     2289.960     2290.330
   155:     2290.670     2291.130     2291.650     2292.170     2292.300
   160:     2292.440     2293.180     2293.320     2293.790     2294.910
   165:     2296.610     2296.690     2296.890     2300.270     2301.220
   170:     2301.230     2301.520     2302.100     2302.390     2303.720
   175:     2306.760     2306.870     2307.200     2307.450     2310.700
   180:     2312.810     2452.060     2453.160     2454.350     2456.000
   185:     2456.720     2456.790     2456.990     2457.660     2458.330
   190:     2458.480     2458.680     2459.910     2460.170     2463.430
   195:     2475.150     2479.080     2479.420     2481.260     2481.790
   200:     2482.070     2482.530     2482.640     2482.650     2482.790
   205:     2482.910     2484.170     2484.940     2485.350     2496.290
   210:     2499.980     2500.130     2500.200     2569.800     2570.410
   215:     2572.530     2572.730     2572.930     2576.100     2576.340
   220:     2576.550     2576.790     2577.380     2577.990     2578.170
   225:     2660.850     2663.170     2665.980     2669.900     2671.350
   230:     2673.620     2834.360     2834.650     2834.910     2847.960
   235:     2926.780     2935.280     2935.370     2935.580     2935.850
   240:     2936.200     2936.490     2936.530     2937.210     2937.380
   245:     2937.550     2937.750     2938.040     2940.230     2940.420
   250:     2940.530     2940.770     2941.100     3029.970     3195.060
   255:     3195.260     3201.330     3201.500     3201.710     3202.080
   260:     3202.830     3203.190     3203.300     3203.320     3205.080
   265:     3206.160     3206.700     3207.040     3207.640     3207.780
   270:     3208.930     3209.040     3209.310     3380.700     3391.880
   275:     3392.500     3392.640     3394.190     3394.650     3395.200
   280:     3398.140     3464.280     3475.450     3476.600     3477.130
   285:     3477.320     3478.090     3479.120     3479.210     3479.340
   290:     3479.480     3479.690     3480.410     3482.600     3483.400
   295:     3483.750     3567.140     3572.890     3575.460     3658.430
   300:     3658.460     3658.930     3659.190     3659.220     3659.590
   305:     3659.750     3660.120     3660.160     3661.290     3662.790
   310:     3754.040     3754.120     3758.860     3760.450     3760.810
   315:     3761.210     3761.510     3761.650     3761.750     3763.410
   320:     3766.540     3831.560     3831.940     3832.020     3836.470
   325:     3836.570     3839.150     3839.160     3839.280     3840.670
   330:     3842.890     3842.980     3843.350     3843.920     3844.110
   335:     3844.190     3844.310     3844.650     3844.660     3844.960
   340:     3846.000     3848.820     4013.300     4013.810     4019.600
   345:     4019.700     4019.730     4020.090     4020.690     4021.460
   350:     4021.700     4022.000     4022.300     4022.410     4022.510
   355:     4022.630     4024.840     4026.880     4027.810     4028.540
   360:     4029.340     4029.460     4029.540     4029.630     4029.850
   365:     4031.460     4031.970     4032.350     4034.640     4038.000
   370:     4039.650     4080.330     4080.450     4082.850     4083.590
   375:     4090.090     4092.360     4113.690     4204.100     4206.300
   380:     4299.160     4299.900     4385.100     4437.300     4458.480
   385:     4470.900     4472.370     4474.600     4474.730     4550.360
   390:     4555.730     4556.060     4557.870     4563.890     4565.000
   395:     4567.140     4567.280     4739.250     4739.690     4743.740
   400:     4743.960     4743.980     4744.090     4745.730     4746.510
   405:     4747.980     4749.020     4750.310     4750.460     4750.540
   410:     4750.620     4902.380     4902.450     4902.770     4930.220
   415:     5009.640     5010.010     5010.460     5010.480     5011.200
   420:     5017.460     5098.260     5103.290     5103.380     5103.420
   425:     5103.450     5103.740     5103.760     5104.150     5105.280
   430:     5105.690     5105.730     5106.280     5383.880     5384.190
   435:     5384.210     5386.640     5390.730     5484.940     5487.190
   440:     5533.240     5550.360     5550.880     5555.390     5555.720
   445:     5556.620     5558.210     5559.600     5559.730     5559.790
   450:     5559.990     5560.550     5560.890     5563.700     5649.840
   455:     5651.700     5651.840     5651.930     5736.320     5827.070
   460:     5833.860     5838.540     5838.780     5838.860     5840.130
   465:     5840.410     5840.830     5843.080     5843.370     5844.000
   470:     5915.760     5915.960     6082.890     6094.610     6096.320
   475:     6180.660     6183.980     6184.070     6190.740     6267.060
   480:     6275.290     6353.160     6363.190     6364.830     6366.930
   485:     6367.280     6367.480     6376.500     6377.470     6377.570
   490:     6377.750     6377.900     6457.060     6457.130     6457.250
   495:     6458.260     6460.680     6460.820     6463.080     6463.220
   500:     6541.390     6545.720     6615.110     6616.890     6622.290
   505:     6629.340     6631.190     6701.990     6710.390     6710.600
   510:     6711.010     6711.270     6711.280     6711.410     6711.720
   515:     6711.780     6711.990     6712.000     6712.650     6713.420
   520:     6714.710     6714.860     6715.300     6715.410     6715.600
   525:     6715.610     6715.780     6716.480     6718.810     6889.510
   530:     6889.890     6890.560     6897.260     6897.350     6897.470
   535:     6897.490     6897.600     6900.540     6994.680     7000.240
   540:     7000.750     7001.100     7001.580     7002.470     7002.990
   545:     7005.250     7067.430     7067.690     7084.960     7157.040
   550:     7162.830     7163.960     7164.590     7165.450     7165.660
   555:     7166.200     7166.390     7166.700     7166.720     7167.060
   560:     7167.220     7168.000     7169.730     7171.800     7172.250
   565:     7172.500     7173.870     7174.480     7174.680     7250.340
   570:     7250.680     7250.810     7251.680     7254.130     7254.880
   575:     7260.560     7263.660     7266.370     7341.340     7341.730
   580:     7342.250     7342.530     7342.660     7342.910     7342.930
   585:     7345.960     7346.950     7414.310     7423.910     7425.370
   590:     7426.700     7430.890     7431.470     7431.550     7431.820
   595:     7431.900     7431.990     7432.010     7432.390     7432.480
   600:     7432.820     7433.000     7433.080     7433.100     7433.470
   605:     7434.560     7435.900     7436.110     7437.020     7437.050
   610:     7437.180     7437.200     7437.300     7437.720     7438.490
   615:     7516.500     7527.310     7530.760     7584.060     7612.000
   620:     7614.900     7615.930     7616.110     7617.000     7617.120
   625:     7617.460     7617.710     7617.850     7618.340     7678.990
   630:     7706.190     7707.720     7707.740     7712.380     7714.050
   635:     7714.170     7800.090     7811.790     7816.640     7818.190
   640:     7820.620     7881.000     7881.490     7882.300     7882.310
   645:     7883.440     7885.080     7886.970     7888.210     7890.010
   650:     7890.270     7890.440     7890.530     7890.590     7890.700
   655:     7890.780     7890.880     7890.960     7890.990     7891.620
   660:     7893.110     7987.470     7987.750     7988.060     7988.380
   665:     7991.340     7991.950     7993.260     7993.420     7993.770
   670:     8142.600     8142.810     8148.490     8148.930     8149.200
   675:     8152.630     8152.970     8154.180     8155.680     8155.880
   680:     8156.620     8156.830     8157.290     8233.200     8234.620
   685:     8235.210     8237.260     8237.710     8237.750     8237.780
   690:     8238.120     8238.250     8238.560     8238.640     8238.790
   695:     8239.120     8240.880     8242.410     8243.840     8244.000
   700:     8244.680     8244.790     8244.960     8244.990     8246.230
   705:     8331.190     8331.270     8333.650     8336.080     8337.370
   710:     8337.560     8338.430     8338.800     8338.930     8339.480
   715:     8419.490     8419.700     8421.780     8425.510     8426.800
   720:     8428.110     8428.130     8428.200     8428.350     8431.270
   725:     8615.260     8618.060     8619.290     8619.660     8620.510
   730:     8622.070     8622.840     8691.250     8697.990     8698.730
   735:     8699.020     8699.180     8700.410     8701.300     8701.400
   740:     8701.650     8701.690     8702.170     8703.170     8704.770
   745:     8706.110     8707.440     8709.290     8783.920     8786.610
   750:     8791.040     8791.800     8793.270     8793.320     8793.460
   755:     8794.160     8795.840     8796.230     8796.350     8796.380
   760:     8797.860     8872.130     8875.010     8878.080     8881.540
   765:     8883.390     8884.930     8967.160     8970.230     8970.790
   770:     8971.270     8972.670
G:
     0:      383.340      443.620      443.670      443.720      445.500
     5:      447.490      452.850      475.980      533.090      533.350
    10:      534.390      537.000      561.470      619.560      619.650
    15:      656.510     1530.790     1727.120     2267.830     2424.660
    20:     2428.850     2429.180     2429.520     2429.560     2430.940
    25:     2431.340     2431.470     2431.580     2433.050     2433.070
    30:     2433.440     2433.450     2433.640     2433.860     2433.900
    35:     2434.000     2434.200     2434.460     2435.230     2436.060
    40:     2437.030     2437.160     2438.010     2438.540     2438.600
    45:     2439.630     2440.920     2441.640     2442.990     2443.120
    50:     2443.340     2444.380     2444.480     2444.630     2444.860
    55:     2445.130     2446.120     2447.460     2448.450     2448.490
    60:     2448.970     2449.390     2449.890     2450.240     2451.380
    65:     2451.800     2451.930     3415.790     3416.150     3435.460
    70:     4053.790     4065.060     4071.460     4073.230     4074.060
    75:     4074.570     4402.090     4402.800     4403.320     4406.360
    80:     4406.630     4407.070     4409.450     4409.520     4409.910
    85:     4410.300     4414.690     4414.800     4415.480     4415.850
    90:     4417.720     4418.850     4427.150     4429.720     4432.600
    95:     4432.980     4435.690     4879.580     4885.700     4886.070
   100:     5500.160     5845.530     6306.320     6383.040     6387.120
   105:     6387.280     6387.420     6393.670     7397.670     7736.700
   110:     7738.150     7743.520     7743.610     7856.510     8290.990
   115:     8558.610
H:
     0:     1538.810     1539.160     1614.080     1614.330     1614.510
     5:     1614.690     3522.620     5770.420     7120.510     7470.170
    10:     7470.650     7853.030     7853.600
I:
     0:      795.650     1514.090     1515.180     8859.630     8861.320
K:
L:
     0:      130.070      221.620      222.930      402.250      405.490
     5:      510.010      513.300      593.050      674.340      676.560
    10:      764.560     1208.710     1389.040     1389.520     1478.620
    15:     1479.090     1481.130     1482.630     1573.050     1573.790
    20:     1574.740     1674.860     1752.870     1755.380     1756.040
    25:     1756.280     1844.550     2019.690     2023.240     2024.600
    30:     2108.860     2196.530     2197.290     2200.660     2200.930
    35:     2283.870     2287.050     2468.640     2470.350     2472.410
    40:     2557.970     2561.120     2650.900     2653.540     2827.690
    45:     2920.810     2923.190     2924.430     3009.700     3189.050
    50:     3189.430     3191.130     3374.720     3375.470     3379.440
    55:     3463.300     3465.790     3466.010     3552.480     3642.500
    60:     3645.110     3646.760     3743.790     3746.560     3825.540
    65:     3826.570     3827.320     4003.860     4006.380     4093.430
    70:     4097.910     4183.820     4278.920     4281.150     4452.050
    75:     4452.460     4544.510     4546.890     4547.800     4729.160
    80:     4732.230     4909.870     4997.120     5000.010     5001.510
    85:     5086.030     5370.440     5374.820     5540.510     5542.480
    90:     5544.300     5631.470     5820.480     5822.560     5824.060
    95:     5895.080     5898.880     6073.970     6075.970     6076.960
   100:     6169.980     6170.850     6254.830     6440.490     6445.390
   105:     6520.610     6608.920     6611.390     6696.130     6877.340
   110:     6879.950     6981.930     6986.750     7064.090     7149.420
   115:     7152.080     7241.390     7243.500     7244.590     7245.990
   120:     7326.390     7328.340     7329.150     7330.600     7417.780
   125:     7419.630     7422.710     7507.040     7510.450     7512.000
   130:     7597.780     7599.900     7691.870     7797.720     7799.380
   135:     7872.690     7973.410     7977.210     7977.690     8136.810
   140:     8141.420     8225.390     8226.490     8227.250     8318.960
   145:     8408.060     8411.090     8411.970     8599.830     8682.680
   150:     8686.850     8772.680     8776.650     8777.020     8862.250
   155:     8865.690     8866.820     8950.780     8952.790     8954.060
M:
     0:       10.000       12.000       12.000       13.000       14.000
     5:       17.000       12.000       15.000       16.000       14.000
    10:       12.000       15.000       14.000       14.000       12.000
    15:       14.000       15.000       14.000       16.000       10.000
    20:       15.000       14.000       16.000       17.000       15.000
    25:       14.000       18.000       12.000       14.000       16.000
    30:       11.000       13.000       13.000       14.000       15.000
    35:       18.000       13.000       16.000       17.000       15.000
    40:       13.000       16.000       15.000       15.000       13.000
    45:       15.000       16.000       15.000       17.000       11.000
    50:       16.000       15.000       17.000       18.000       16.000
    55:       15.000       19.000       13.000       15.000       17.000
    60:       12.000       14.000       14.000       15.000       16.000
    65:       19.000       14.000       17.000       18.000       16.000
    70:       14.000       17.000       16.000       16.000       14.000
    75:       16.000       17.000       16.000       18.000       12.000
    80:       17.000       16.000       18.000       19.000       17.000
    85:       16.000       20.000       14.000       16.000       19.000
    90:       13.000       14.000       13.000       19.000       13.000
    95:       15.000       14.000       13.000       14.000
P:
     0:      150.070      150.570      151.070      241.620      242.120
     5:      242.620      422.250      422.750      423.250      530.010
    10:      530.510      531.010      613.050      613.550      614.050
    15:      694.340      694.840      695.340      784.560      785.060
    20:      785.560     1228.710     1229.210     1229.710     1409.040
    25:     1409.540     1410.040     1498.620     1499.120     1499.620
    30:     1593.050     1593.550     1594.050     1694.860     1695.360
    35:     1695.860     1772.870     1773.370     1773.870     1864.550
    40:     1865.050     1865.550     2039.690     2040.190     2040.690
    45:     2128.860     2129.360     2129.860     2216.530     2217.030
    50:     2217.530     2303.870     2304.370     2304.870     2488.640
    55:     2489.140     2489.640     2577.970     2578.470     2578.970
    60:     2670.900     2671.400     2671.900     2847.690     2848.190
    65:     2848.690     2940.810     2941.310     2941.810     3029.700
    70:     3030.200     3030.700     3209.050     3209.550     3210.050
    75:     3394.720     3395.220     3395.720     3483.300     3483.800
    80:     3484.300     3572.480     3572.980     3573.480     3662.500
    85:     3663.000     3663.500     3763.790     3764.290     3764.790
    90:     3845.540     3846.040     3846.540     4023.860     4024.360
    95:     4024.860     4113.430     4113.930     4114.430     4203.820
   100:     4204.320     4204.820     4298.920     4299.420     4299.920
   105:     4472.050     4472.550     4473.050     4564.510     4565.010
   110:     4565.510     4749.160     4749.660     4750.160     4929.870
   115:     4930.370     4930.870     5017.120     5017.620     5018.120
   120:     5106.030     5106.530     5107.030     5390.440     5390.940
   125:     5391.440     5560.510     5561.010     5561.510     5651.470
   130:     5651.970     5652.470     5840.480     5840.980     5841.480
   135:     5915.080     5915.580     5916.080     6093.970     6094.470
   140:     6094.970     6189.980     6190.480     6190.980     6274.830
   145:     6275.330     6275.830     6460.490     6460.990     6461.490
   150:     6540.610     6541.110     6541.610     6628.920     6629.420
   155:     6629.920     6716.130     6716.630     6717.130     6897.340
   160:     6897.840     6898.340     7001.930     7002.430     7002.930
   165:     7084.090     7084.590     7085.090     7169.420     7169.920
   170:     7170.420     7261.390     7261.890     7262.390     7346.390
   175:     7346.890     7347.390     7437.780     7438.280     7438.780
   180:     7527.040     7527.540     7528.040     7617.780     7618.280
   185:     7618.780     7711.870     7712.370     7712.870     7817.720
   190:     7818.220     7818.720     7892.690     7893.190     7893.690
   195:     7993.410     7993.910     7994.410     8156.810     8157.310
   200:     8157.810     8245.390     8245.890     8246.390     8338.960
   205:     8339.460     8339.960     8428.060     8428.560     8429.060
   210:     8619.830     8620.330     8620.830     8702.680     8703.180
   215:     8703.680     8792.680     8793.180     8793.680     8882.250
   220:     8882.750     8883.250     8970.780     8971.280     8971.780
R:
     0:      130.070      221.620      402.250      510.010      593.050
     5:      674.340      764.560     1208.710     1389.040     1478.620
    10:     1573.050     1674.860     1752.870     1844.550     2019.690
    15:     2108.860     2196.530     2283.870     2468.640     2557.970
    20:     2650.900     2827.690     2920.810     3009.700     3189.050
    25:     3374.720     3463.300     3552.480     3642.500     3743.790
    30:     3825.540     4003.860     4093.430     4183.820     4278.920
    35:     4452.050     4544.510     4729.160     4909.870     4997.120
    40:     5086.030     5370.440     5540.510     5631.470     5820.480
    45:     5895.080     6073.970     6169.980     6254.830     6440.490
    50:     6520.610     6608.920     6696.130     6877.340     6981.930
    55:     7064.090     7149.420     7241.390     7326.390     7417.780
    60:     7507.040     7597.780     7691.870     7797.720     7872.690
    65:     7973.410     8136.810     8225.390     8318.960     8408.060
    70:     8599.830     8682.680     8772.680     8862.250     8950.780
V:
W:
     0:        1.000        1.000        1.000        1.000        1.000
     5:        1.000        1.000        1.000        1.000        1.000
    10:        1.000        1.000        1.000        1.000        1.000
    15:        1.000        1.000        1.000        1.000        1.000
    20:        1.000        1.000        1.000        1.000        1.000
    25:        1.000        1.000        1.000        1.000        1.000
    30:        1.000        1.000        1.000        1.000        1.000
    35:        1.000
X:
     0:       15.000       15.150      103.000      103.150      194.000
     5:      194.150      286.000      286.150      376.000      376.150
    10:      466.000      466.150      554.000      554.150      648.000
    15:      648.150      738.000      738.150      823.000      823.150
    20:      911.000      911.150     1002.000     1002.150     1092.000
    25:     1092.150     1181.000     1181.150     1271.000     1271.150
    30:     1363.000     1363.150     1453.000     1453.150     1544.000
    35:     1544.150     1635.000     1635.150     1726.000     1726.150
    40:     1816.000     1816.150     1904.000     1904.150     1994.000
    45:     1994.150     2082.000     2082.150     2169.000     2169.150
    50:     2258.000     2258.150     2351.000     2351.150     2442.000
    55:     2442.150     2532.000     2532.150     2621.000     2621.150
    60:     2711.000     2711.150     2801.000     2801.150     2895.000
    65:     2895.150     2982.000     2982.150     3071.000     3071.150
    70:     3163.000     3163.150     3255.000     3255.150     3346.000
    75:     3346.150     3436.000     3436.150     3525.000     3525.150
    80:     3612.000     3612.150     3703.000     3703.150     3794.000
    85:     3794.150     3883.000     3883.150     3978.000     3978.150
    90:     4067.000     4067.150     4158.000     4158.150     4246.000
    95:     4246.150     4335.000     4335.150     4426.000     4426.150
   100:     4519.000     4519.150     4612.000     4612.150     4702.000
   105:     4702.150     4790.000     4790.150     4882.000     4882.150
   110:     4971.000     4971.150     5060.000     5060.150     5147.000
   115:     5147.150     5240.000     5240.150     5332.000     5332.150
   120:     5423.000     5423.150     5515.000     5515.150     5602.000
   125:     5602.150     5690.000     5690.150     5780.000     5780.150
   130:     5869.000     5869.150     5955.000     5955.150     6047.000
   135:     6047.150     6139.000     6139.150     6228.000     6228.150
   140:     6314.000     6314.150     6403.000     6403.150     6493.000
   145:     6493.150     6582.000     6582.150     6669.000     6669.150
   150:     6760.000     6760.150     6851.000     6851.150     6944.000
   155:     6944.150     7035.000     7035.150     7123.000     7123.150
   160:     7212.000     7212.150     7299.000     7299.150     7392.000
   165:     7392.150     7481.000     7481.150     7572.000     7572.150
   170:     7666.000     7666.150     7758.000     7758.150     7847.000
   175:     7847.150     7932.000     7932.150     8020.000     8020.150
   180:     8108.000     8108.150     8199.000     8199.150     8293.000
   185:     8293.150     8382.000     8382.150     8476.000     8476.150
   190:     8563.000     8563.150     8653.000     8653.150     8744.000
   195:     8744.150     8836.000     8836.150     8925.000     8925.150
Y:
Z:
     0:        0.000       75.000      160.000        5.000       13.000
     5:        0.000      225.000      200.000        0.000        0.000
    10:        0.000      772.000      116.000        0.000        0.000
    15:        0.000
