File: C:\MED-PC IV\Data\Tarun\RM-B12_RM036\postBaseplate\R24\S02_R24_FR1_20s_100trials


Start Date: 05/20/17
End Date: 05/20/17
Subject: 24
Experiment: 0
Group: 0
Box: 2
Start Time: 10:37:21
End Time: 13:07:57
MSN: MiniScope_FR1-3p_100trials_01182017
A:       0.000
E:       0.000
J:     101.000
N:       0.000
O:       0.000
Q:       0.000
S:       0.000
T:    9014.000
U:       0.000
B:
     0:        0.000       10.000       10.000       15.000       20.000
     5:       20.000       20.000       10.000       14.000      100.000
    10:        1.000        3.000       15.000        0.010        1.000
    15:        0.000        0.000        5.000       20.000        5.000
C:
     0:      100.000       96.000      197.000        4.000        3.058
     5:        0.000      288.000       96.000       17.000        3.058
    10:        0.000     2337.000       33.000        0.000       15.020
    15:        1.000        1.000        2.000        0.000        1.670
    20:        1.000        3.000        1.000        0.000        1.670
    25:        1.000        1.000        0.000        0.000       12.000
    30:        2.000        1.000        2.000        0.000        1.570
    35:        2.000        3.000        1.000        0.000        1.570
    40:        2.000        5.000        0.000        0.000       12.000
    45:        3.000        1.000        2.000        0.000        8.080
    50:        3.000        3.000        1.000        0.000        8.080
    55:        3.000        9.000        0.000        0.000       14.000
    60:        4.000        1.000        2.000        0.000        0.800
    65:        4.000        3.000        1.000        0.000        0.800
    70:        4.000       12.000        0.000        0.000       16.000
    75:        5.000        1.000        4.000        0.000        0.960
    80:        5.000        3.000        1.000        0.000        0.960
    85:        5.000       12.000        1.000        0.000       14.000
    90:        6.000        1.000        3.000        0.000        2.600
    95:        6.000        3.000        1.000        1.000        2.600
   100:        6.000       21.000        2.000        0.000       17.000
   105:        7.000        1.000        2.000        0.000        1.250
   110:        7.000        3.000        1.000        0.000        1.250
   115:        7.000       33.000        0.000        0.000       14.000
   120:        8.000        1.000        4.000        0.000        1.060
   125:        8.000        3.000        1.000        0.000        1.060
   130:        8.000       23.000        0.000        0.000       15.000
   135:        9.000        1.000        1.000        0.000        1.170
   140:        9.000        3.000        1.000        0.000        1.170
   145:        9.000       26.000        0.000        0.000       16.000
   150:       10.000        1.000        6.000        0.000        0.660
   155:       10.000        3.000        1.000        3.000        0.660
   160:       10.000       20.000        0.000        0.000       13.000
   165:       11.000        1.000        3.000        0.000        0.410
   170:       11.000        3.000        1.000        0.000        0.410
   175:       11.000       20.000        0.000        0.000       12.000
   180:       12.000        1.000        4.000        0.000        0.580
   185:       12.000        3.000        1.000        0.000        0.580
   190:       12.000       10.000        0.000        0.000       14.000
   195:       13.000        1.000        1.000        0.000        0.570
   200:       13.000        3.000        1.000        0.000        0.570
   205:       13.000       10.000        0.000        0.000       18.000
   210:       14.000        1.000        1.000        0.000        3.090
   215:       14.000        3.000        1.000        0.000        3.090
   220:       14.000        8.000        0.000        0.000       15.000
   225:       15.000        1.000        1.000        0.000        0.780
   230:       15.000        3.000        1.000        0.000        0.780
   235:       15.000        8.000        0.000        0.000       15.000
   240:       16.000        1.000        5.000        0.000       13.980
   245:       16.000        3.000        1.000        0.000       13.980
   250:       16.000       26.000        0.000        0.000       12.000
   255:       17.000        1.000        3.000        0.000        4.550
   260:       17.000        3.000        1.000        0.000        4.550
   265:       17.000       29.000        0.000        0.000       16.000
   270:       18.000        1.000        3.000        0.000        0.540
   275:       18.000        3.000        1.000        0.000        0.540
   280:       18.000       40.000        0.000        0.000       16.000
   285:       19.000        1.000        1.000        0.000        2.480
   290:       19.000        3.000        1.000        0.000        2.480
   295:       19.000       20.000        0.000        0.000       16.000
   300:       20.000        1.000        2.000        0.000        0.830
   305:       20.000        3.000        1.000        0.000        0.830
   310:       20.000       15.000        0.000        0.000       13.000
   315:       21.000        1.000        2.000        0.000        3.270
   320:       21.000        3.000        1.000        0.000        3.270
   325:       21.000       19.000        1.000        0.000       15.000
   330:       22.000        1.000        2.000        0.000        2.340
   335:       22.000        3.000        1.000        0.000        2.340
   340:       22.000       23.000        0.000        0.000       18.000
   345:       23.000        1.000        2.000        0.000        0.750
   350:       23.000        3.000        1.000        2.000        0.750
   355:       23.000       20.000        3.000        0.000       15.000
   360:       24.000        1.000        2.000        0.000        1.680
   365:       24.000        3.000        1.000        0.000        1.680
   370:       24.000       27.000        0.000        0.000       16.000
   375:       25.000        1.000        2.000        0.000        0.760
   380:       25.000        3.000        1.000        0.000        0.760
   385:       25.000       26.000        0.000        0.000       16.000
   390:       26.000        1.000        1.000        0.000        0.850
   395:       26.000        3.000        1.000        0.000        0.850
   400:       26.000       17.000        0.000        0.000       14.000
   405:       27.000        1.000        1.000        0.000        1.080
   410:       27.000        3.000        1.000        0.000        1.080
   415:       27.000       22.000        0.000        0.000       15.000
   420:       28.000        1.000        2.000        0.000        3.420
   425:       28.000        3.000        1.000        0.000        3.420
   430:       28.000       27.000        0.000        0.000       17.000
   435:       29.000        1.000        2.000        0.000        0.700
   440:       29.000        3.000        1.000        0.000        0.700
   445:       29.000       18.000        0.000        0.000       12.000
   450:       30.000        1.000        3.000        0.000        0.760
   455:       30.000        3.000        1.000        0.000        0.760
   460:       30.000       22.000        0.000        0.000       10.000
   465:       31.000        0.000        0.000        0.000       20.000
   470:       31.000        0.000        0.000        0.000       20.000
   475:       31.000       15.000        5.000        0.000       15.000
   480:       32.000        1.000        2.000        0.000        0.460
   485:       32.000        3.000        1.000        0.000        0.460
   490:       32.000       18.000        0.000        0.000       16.000
   495:       33.000        1.000        1.000        0.000        0.630
   500:       33.000        3.000        1.000        0.000        0.630
   505:       33.000       20.000        0.000        0.000       14.000
   510:       34.000        1.000        2.000        1.000        0.720
   515:       34.000        3.000        1.000        0.000        0.720
   520:       34.000       37.000        0.000        0.000       14.000
   525:       35.000        1.000        1.000        0.000        0.490
   530:       35.000        3.000        1.000        0.000        0.490
   535:       35.000       27.000        0.000        0.000       15.000
   540:       36.000        1.000        2.000        0.000        1.390
   545:       36.000        3.000        1.000        2.000        1.390
   550:       36.000       36.000        1.000        0.000       18.000
   555:       37.000        1.000        2.000        0.000        1.080
   560:       37.000        3.000        1.000        0.000        1.080
   565:       37.000       19.000        0.000        0.000       19.000
   570:       38.000        1.000        1.000        0.000        0.610
   575:       38.000        3.000        1.000        0.000        0.610
   580:       38.000       40.000        0.000        0.000       17.000
   585:       39.000        1.000        2.000        0.000        0.650
   590:       39.000        3.000        1.000        0.000        0.650
   595:       39.000       27.000        0.000        0.000       16.000
   600:       40.000        1.000        2.000        0.000       11.560
   605:       40.000        3.000        1.000        0.000       11.560
   610:       40.000       31.000        0.000        0.000       15.000
   615:       41.000        1.000        3.000        0.000        1.030
   620:       41.000        3.000        1.000        0.000        1.030
   625:       41.000       20.000        0.000        0.000       15.000
   630:       42.000        1.000        2.000        0.000        0.410
   635:       42.000        3.000        1.000        0.000        0.410
   640:       42.000       30.000        2.000        0.000       14.000
   645:       43.000        1.000        1.000        0.000        1.230
   650:       43.000        3.000        1.000        0.000        1.230
   655:       43.000       33.000        0.000        0.000       16.000
   660:       44.000        1.000        2.000        0.000        1.990
   665:       44.000        3.000        1.000        0.000        1.990
   670:       44.000       35.000        0.000        0.000       15.000
   675:       45.000        1.000        2.000        0.000       19.920
   680:       45.000        3.000        1.000        0.000       19.920
   685:       45.000       27.000        4.000        0.000       19.000
   690:       46.000        1.000        4.000        0.000       15.000
   695:       46.000        3.000        1.000        0.000       15.000
   700:       46.000       17.000        0.000        0.000       13.000
   705:       47.000        1.000        1.000        0.000        1.000
   710:       47.000        3.000        1.000        0.000        1.000
   715:       47.000       25.000        0.000        0.000       15.000
   720:       48.000        1.000        2.000        0.000        6.380
   725:       48.000        3.000        1.000        0.000        6.380
   730:       48.000       21.000        0.000        0.000       14.000
   735:       49.000        1.000        1.000        0.000        0.780
   740:       49.000        3.000        1.000        0.000        0.780
   745:       49.000       22.000        0.000        0.000       17.000
   750:       50.000        1.000        3.000        0.000       12.610
   755:       50.000        3.000        1.000        0.000       12.610
   760:       50.000        8.000        0.000        0.000       13.000
   765:       51.000        1.000        2.000        0.000        8.310
   770:       51.000        3.000        1.000        0.000        8.310
   775:       51.000       19.000        0.000        0.000       11.000
   780:       52.000        1.000        2.000        0.000        5.220
   785:       52.000        3.000        1.000        0.000        5.220
   790:       52.000       45.000        0.000        0.000       20.000
   795:       53.000        1.000        2.000        0.000        1.140
   800:       53.000        3.000        1.000        0.000        1.140
   805:       53.000       43.000        0.000        0.000       13.000
   810:       54.000        1.000        2.000        0.000        0.910
   815:       54.000        3.000        1.000        4.000        0.910
   820:       54.000       22.000        0.000        0.000       16.000
   825:       55.000        1.000        2.000        0.000       16.520
   830:       55.000        3.000        1.000        0.000       16.520
   835:       55.000       28.000        0.000        0.000       18.000
   840:       56.000        1.000        3.000        0.000        9.240
   845:       56.000        3.000        1.000        0.000        9.240
   850:       56.000       28.000        0.000        0.000       11.000
   855:       57.000        1.000        2.000        0.000        0.650
   860:       57.000        3.000        1.000        0.000        0.650
   865:       57.000       31.000        0.000        0.000       13.000
   870:       58.000        1.000        1.000        0.000        0.560
   875:       58.000        3.000        1.000        0.000        0.560
   880:       58.000       15.000        0.000        0.000       17.000
   885:       59.000        1.000        1.000        0.000        2.300
   890:       59.000        3.000        1.000        0.000        2.300
   895:       59.000       49.000        0.000        0.000       17.000
   900:       60.000        1.000        2.000        0.000        3.970
   905:       60.000        3.000        1.000        0.000        3.970
   910:       60.000       33.000        0.000        0.000       10.000
   915:       61.000        1.000        2.000        0.000        0.980
   920:       61.000        3.000        1.000        0.000        0.980
   925:       61.000       48.000        0.000        0.000       13.000
   930:       62.000        1.000        2.000        0.000        0.640
   935:       62.000        3.000        1.000        0.000        0.640
   940:       62.000       28.000        0.000        0.000       19.000
   945:       63.000        1.000        2.000        0.000        0.670
   950:       63.000        3.000        1.000        0.000        0.670
   955:       63.000       32.000        0.000        0.000       14.000
   960:       64.000        1.000        3.000        0.000        2.650
   965:       64.000        3.000        1.000        0.000        2.650
   970:       64.000       21.000        0.000        0.000       17.000
   975:       65.000        1.000        1.000        0.000        1.350
   980:       65.000        3.000        1.000        0.000        1.350
   985:       65.000       36.000        0.000        0.000       16.000
   990:       66.000        1.000        2.000        0.000        1.470
   995:       66.000        3.000        1.000        0.000        1.470
  1000:       66.000       21.000        0.000        0.000       14.000
  1005:       67.000        1.000        2.000        0.000        4.070
  1010:       67.000        3.000        1.000        0.000        4.070
  1015:       67.000       28.000        0.000        0.000       13.000
  1020:       68.000        0.000        0.000        0.000       20.000
  1025:       68.000        0.000        0.000        0.000       20.000
  1030:       68.000        5.000       12.000        0.000       15.000
  1035:       69.000        1.000        2.000        0.000       11.370
  1040:       69.000        3.000        1.000        0.000       11.370
  1045:       69.000       14.000        0.000        0.000       19.000
  1050:       70.000        1.000        1.000        0.000        9.100
  1055:       70.000        3.000        1.000        0.000        9.100
  1060:       70.000       29.000        0.000        0.000       16.000
  1065:       71.000        1.000        1.000        0.000        1.920
  1070:       71.000        3.000        1.000        0.000        1.920
  1075:       71.000       23.000        0.000        0.000       13.000
  1080:       72.000        0.000        0.000        0.000       20.000
  1085:       72.000        0.000        0.000        0.000       20.000
  1090:       72.000        0.000        0.000        0.000       16.000
  1095:       73.000        1.000        2.000        0.000        1.520
  1100:       73.000        3.000        1.000        0.000        1.520
  1105:       73.000       27.000        0.000        0.000       16.000
  1110:       74.000        1.000        2.000        2.000        9.340
  1115:       74.000        3.000        1.000        0.000        9.340
  1120:       74.000       26.000        0.000        0.000       16.000
  1125:       75.000        1.000        1.000        0.000        5.470
  1130:       75.000        3.000        1.000        0.000        5.470
  1135:       75.000       15.000        0.000        0.000       12.000
  1140:       76.000        1.000        1.000        0.000        6.270
  1145:       76.000        3.000        1.000        0.000        6.270
  1150:       76.000       14.000        0.000        0.000       15.000
  1155:       77.000        1.000        3.000        0.000        0.960
  1160:       77.000        3.000        1.000        0.000        0.960
  1165:       77.000       34.000        0.000        0.000       14.000
  1170:       78.000        1.000        3.000        0.000        1.240
  1175:       78.000        3.000        1.000        0.000        1.240
  1180:       78.000       24.000        0.000        0.000       17.000
  1185:       79.000        1.000        1.000        0.000        9.330
  1190:       79.000        3.000        1.000        0.000        9.330
  1195:       79.000       18.000        0.000        0.000       12.000
  1200:       80.000        1.000        1.000        0.000        0.810
  1205:       80.000        3.000        1.000        2.000        0.810
  1210:       80.000       26.000        0.000        0.000       14.000
  1215:       81.000        1.000        2.000        0.000        2.100
  1220:       81.000        3.000        1.000        0.000        2.100
  1225:       81.000       19.000        0.000        0.000       13.000
  1230:       82.000        1.000        2.000        0.000        0.850
  1235:       82.000        3.000        1.000        0.000        0.850
  1240:       82.000       24.000        0.000        0.000       14.000
  1245:       83.000        1.000        1.000        0.000        0.570
  1250:       83.000        3.000        1.000        0.000        0.570
  1255:       83.000       35.000        0.000        0.000       17.000
  1260:       84.000        1.000        4.000        1.000        0.970
  1265:       84.000        3.000        1.000        0.000        0.970
  1270:       84.000       17.000        0.000        0.000       14.000
  1275:       85.000        1.000        2.000        0.000        2.650
  1280:       85.000        3.000        1.000        1.000        2.650
  1285:       85.000       25.000        1.000        0.000       16.000
  1290:       86.000        1.000        3.000        0.000        1.300
  1295:       86.000        3.000        1.000        1.000        1.300
  1300:       86.000       36.000        0.000        0.000       17.000
  1305:       87.000        1.000        2.000        0.000        0.430
  1310:       87.000        3.000        1.000        0.000        0.430
  1315:       87.000       35.000        0.000        0.000       18.000
  1320:       88.000        1.000        2.000        0.000        6.560
  1325:       88.000        3.000        1.000        0.000        6.560
  1330:       88.000       14.000        0.000        0.000       17.000
  1335:       89.000        1.000        1.000        0.000        5.480
  1340:       89.000        3.000        1.000        0.000        5.480
  1345:       89.000       29.000        0.000        0.000       13.000
  1350:       90.000        0.000        0.000        0.000       20.000
  1355:       90.000        0.000        0.000        0.000       20.000
  1360:       90.000        0.000        0.000        0.000       14.000
  1365:       91.000        1.000        2.000        0.000        3.380
  1370:       91.000        3.000        1.000        0.000        3.380
  1375:       91.000        5.000        0.000        0.000       18.000
  1380:       92.000        1.000        2.000        0.000        1.200
  1385:       92.000        3.000        1.000        0.000        1.200
  1390:       92.000       26.000        0.000        0.000       14.000
  1395:       93.000        1.000        1.000        0.000        1.500
  1400:       93.000        3.000        1.000        0.000        1.500
  1405:       93.000       34.000        0.000        0.000       12.000
  1410:       94.000        1.000        3.000        0.000        0.920
  1415:       94.000        3.000        1.000        0.000        0.920
  1420:       94.000       30.000        0.000        0.000       15.000
  1425:       95.000        1.000        1.000        0.000        0.670
  1430:       95.000        3.000        1.000        0.000        0.670
  1435:       95.000       29.000        0.000        0.000       16.000
  1440:       96.000        1.000        4.000        0.000        1.600
  1445:       96.000        3.000        1.000        1.000        1.600
  1450:       96.000       19.000        0.000        0.000       19.000
  1455:       97.000        1.000        2.000        0.000        1.160
  1460:       97.000        3.000        1.000        0.000        1.160
  1465:       97.000       17.000        0.000        0.000       14.000
  1470:       98.000        1.000        1.000        0.000        0.830
  1475:       98.000        3.000        1.000        0.000        0.830
  1480:       98.000       34.000        0.000        0.000       14.000
  1485:       99.000        1.000        1.000        0.000        1.330
  1490:       99.000        3.000        1.000        0.000        1.330
  1495:       99.000       36.000        1.000        0.000       15.000
  1500:      100.000        1.000        3.000        0.000        0.870
  1505:      100.000        3.000        1.000        0.000        0.870
  1510:      100.000       14.000        0.000        0.000       14.000
D:
     0:        0.000        0.000        0.000        0.000        0.000
     5:        0.000        0.000        0.000        0.000        0.000
    10:        0.000        0.000        0.000        0.000        0.000
    15:        1.000       15.000       90.000       40.000       46.670
    20:        1.000       61.670       62.670       41.670       61.670
    25:        1.000       25.000       80.000       15.000       15.150
    30:        2.000      102.000      177.000      127.000      133.570
    35:        2.000      148.570      149.570      128.570      148.570
    40:        2.000      112.000      167.000      102.000      102.150
    45:        3.000      189.000      264.000      214.000      227.080
    50:        3.000      242.080      243.080      222.080      242.080
    55:        3.000      199.000      254.000      189.000      189.150
    60:        4.000      278.000      353.000      303.000      308.800
    65:        4.000      323.800      324.800      303.800      323.800
    70:        4.000      288.000      343.000      278.000      278.150
    75:        5.000      369.000      444.000      394.000      399.960
    80:        5.000      414.960      415.960      394.960      414.960
    85:        5.000      379.000      434.000      369.000      369.150
    90:        6.000      458.000      533.000      483.000      490.600
    95:        6.000      505.600      506.600      485.600      505.600
   100:        6.000      468.000      523.000      458.000      458.150
   105:        7.000      550.000      625.000      575.000      581.250
   110:        7.000      596.250      597.250      576.250      596.250
   115:        7.000      560.000      615.000      550.000      550.150
   120:        8.000      639.000      714.000      664.000      670.060
   125:        8.000      685.060      686.060      665.060      685.060
   130:        8.000      649.000      704.000      639.000      639.150
   135:        9.000      729.000      804.000      754.000      760.170
   140:        9.000      775.170      776.170      755.170      775.170
   145:        9.000      739.000      794.000      729.000      729.150
   150:       10.000      820.000      895.000      845.000      850.660
   155:       10.000      865.660      866.660      845.660      865.660
   160:       10.000      830.000      885.000      820.000      820.150
   165:       11.000      908.000      983.000      933.000      938.410
   170:       11.000      953.410      954.410      933.410      953.410
   175:       11.000      918.000      973.000      908.000      908.150
   180:       12.000      995.000     1070.000     1020.000     1025.580
   185:       12.000     1040.580     1041.580     1020.580     1040.580
   190:       12.000     1005.000     1060.000      995.000      995.150
   195:       13.000     1084.000     1159.000     1109.000     1114.570
   200:       13.000     1129.570     1130.570     1109.570     1129.570
   205:       13.000     1094.000     1149.000     1084.000     1084.150
   210:       14.000     1177.000     1252.000     1202.000     1210.090
   215:       14.000     1225.090     1226.090     1205.090     1225.090
   220:       14.000     1187.000     1242.000     1177.000     1177.150
   225:       15.000     1267.000     1342.000     1292.000     1297.780
   230:       15.000     1312.780     1313.780     1292.780     1312.780
   235:       15.000     1277.000     1332.000     1267.000     1267.150
   240:       16.000     1357.000     1432.000     1382.000     1400.980
   245:       16.000     1415.980     1416.980     1395.980     1415.980
   250:       16.000     1367.000     1422.000     1357.000     1357.150
   255:       17.000     1444.000     1519.000     1469.000     1478.550
   260:       17.000     1493.550     1494.550     1473.550     1493.550
   265:       17.000     1454.000     1509.000     1444.000     1444.150
   270:       18.000     1535.000     1610.000     1560.000     1565.540
   275:       18.000     1580.540     1581.540     1560.540     1580.540
   280:       18.000     1545.000     1600.000     1535.000     1535.150
   285:       19.000     1626.000     1701.000     1651.000     1658.480
   290:       19.000     1673.480     1674.480     1653.480     1673.480
   295:       19.000     1636.000     1691.000     1626.000     1626.150
   300:       20.000     1717.000     1792.000     1742.000     1747.830
   305:       20.000     1762.830     1763.830     1742.830     1762.830
   310:       20.000     1727.000     1782.000     1717.000     1717.150
   315:       21.000     1805.000     1880.000     1830.000     1838.270
   320:       21.000     1853.270     1854.270     1833.270     1853.270
   325:       21.000     1815.000     1870.000     1805.000     1805.150
   330:       22.000     1895.000     1970.000     1920.000     1927.340
   335:       22.000     1942.340     1943.340     1922.340     1942.340
   340:       22.000     1905.000     1960.000     1895.000     1895.150
   345:       23.000     1988.000     2063.000     2013.000     2018.750
   350:       23.000     2033.750     2034.750     2013.750     2033.750
   355:       23.000     1998.000     2053.000     1988.000     1988.150
   360:       24.000     2078.000     2153.000     2103.000     2109.680
   365:       24.000     2124.680     2125.680     2104.680     2124.680
   370:       24.000     2088.000     2143.000     2078.000     2078.150
   375:       25.000     2169.000     2244.000     2194.000     2199.760
   380:       25.000     2214.760     2215.760     2194.760     2214.760
   385:       25.000     2179.000     2234.000     2169.000     2169.150
   390:       26.000     2260.000     2335.000     2285.000     2290.850
   395:       26.000     2305.850     2306.850     2285.850     2305.850
   400:       26.000     2270.000     2325.000     2260.000     2260.150
   405:       27.000     2349.000     2424.000     2374.000     2380.080
   410:       27.000     2395.080     2396.080     2375.080     2395.080
   415:       27.000     2359.000     2414.000     2349.000     2349.150
   420:       28.000     2439.000     2514.000     2464.000     2472.420
   425:       28.000     2487.420     2488.420     2467.420     2487.420
   430:       28.000     2449.000     2504.000     2439.000     2439.150
   435:       29.000     2531.000     2606.000     2556.000     2561.700
   440:       29.000     2576.700     2577.700     2556.700     2576.700
   445:       29.000     2541.000     2596.000     2531.000     2531.150
   450:       30.000     2618.000     2693.000     2643.000     2648.760
   455:       30.000     2663.760     2664.760     2643.760     2663.760
   460:       30.000     2628.000     2683.000     2618.000     2618.150
   465:       31.000     2703.000     2778.000     2728.000     2748.000
   470:       31.000        0.000        0.000        0.000        0.000
   475:       31.000     2713.000     2768.000     2703.000     2703.150
   480:       32.000     2793.000     2868.000     2818.000     2823.460
   485:       32.000     2838.460     2839.460     2818.460     2838.460
   490:       32.000     2803.000     2858.000     2793.000     2793.150
   495:       33.000     2884.000     2959.000     2909.000     2914.630
   500:       33.000     2929.630     2930.630     2909.630     2929.630
   505:       33.000     2894.000     2949.000     2884.000     2884.150
   510:       34.000     2973.000     3048.000     2998.000     3003.720
   515:       34.000     3018.720     3019.720     2998.720     3018.720
   520:       34.000     2983.000     3038.000     2973.000     2973.150
   525:       35.000     3062.000     3137.000     3087.000     3092.490
   530:       35.000     3107.490     3108.490     3087.490     3107.490
   535:       35.000     3072.000     3127.000     3062.000     3062.150
   540:       36.000     3152.000     3227.000     3177.000     3183.390
   545:       36.000     3198.390     3199.390     3178.390     3198.390
   550:       36.000     3162.000     3217.000     3152.000     3152.150
   555:       37.000     3245.000     3320.000     3270.000     3276.080
   560:       37.000     3291.080     3292.080     3271.080     3291.080
   565:       37.000     3255.000     3310.000     3245.000     3245.150
   570:       38.000     3339.000     3414.000     3364.000     3369.610
   575:       38.000     3384.610     3385.610     3364.610     3384.610
   580:       38.000     3349.000     3404.000     3339.000     3339.150
   585:       39.000     3431.000     3506.000     3456.000     3461.650
   590:       39.000     3476.650     3477.650     3456.650     3476.650
   595:       39.000     3441.000     3496.000     3431.000     3431.150
   600:       40.000     3522.000     3597.000     3547.000     3563.560
   605:       40.000     3578.560     3579.560     3558.560     3578.560
   610:       40.000     3532.000     3587.000     3522.000     3522.150
   615:       41.000     3612.000     3687.000     3637.000     3643.030
   620:       41.000     3658.030     3659.030     3638.030     3658.030
   625:       41.000     3622.000     3677.000     3612.000     3612.150
   630:       42.000     3702.000     3777.000     3727.000     3732.410
   635:       42.000     3747.410     3748.410     3727.410     3747.410
   640:       42.000     3712.000     3767.000     3702.000     3702.150
   645:       43.000     3791.000     3866.000     3816.000     3822.230
   650:       43.000     3837.230     3838.230     3817.230     3837.230
   655:       43.000     3801.000     3856.000     3791.000     3791.150
   660:       44.000     3882.000     3957.000     3907.000     3913.990
   665:       44.000     3928.990     3929.990     3908.990     3928.990
   670:       44.000     3892.000     3947.000     3882.000     3882.150
   675:       45.000     3972.000     4047.000     3997.000     4021.920
   680:       45.000     4036.920     4037.920     4016.920     4036.920
   685:       45.000     3982.000     4037.000     3972.000     3972.150
   690:       46.000     4066.000     4141.000     4091.000     4111.000
   695:       46.000     4126.000     4127.000     4106.000     4126.000
   700:       46.000     4076.000     4131.000     4066.000     4066.150
   705:       47.000     4154.000     4229.000     4179.000     4185.000
   710:       47.000     4200.000     4201.000     4180.000     4200.000
   715:       47.000     4164.000     4219.000     4154.000     4154.150
   720:       48.000     4244.000     4319.000     4269.000     4280.380
   725:       48.000     4295.380     4296.380     4275.380     4295.380
   730:       48.000     4254.000     4309.000     4244.000     4244.150
   735:       49.000     4333.000     4408.000     4358.000     4363.780
   740:       49.000     4378.780     4379.780     4358.780     4378.780
   745:       49.000     4343.000     4398.000     4333.000     4333.150
   750:       50.000     4425.000     4500.000     4450.000     4467.610
   755:       50.000     4482.610     4483.610     4462.610     4482.610
   760:       50.000     4435.000     4490.000     4425.000     4425.150
   765:       51.000     4513.000     4588.000     4538.000     4551.310
   770:       51.000     4566.310     4567.310     4546.310     4566.310
   775:       51.000     4523.000     4578.000     4513.000     4513.150
   780:       52.000     4599.000     4674.000     4624.000     4634.220
   785:       52.000     4649.220     4650.220     4629.220     4649.220
   790:       52.000     4609.000     4664.000     4599.000     4599.150
   795:       53.000     4694.000     4769.000     4719.000     4725.140
   800:       53.000     4740.140     4741.140     4720.140     4740.140
   805:       53.000     4704.000     4759.000     4694.000     4694.150
   810:       54.000     4782.000     4857.000     4807.000     4812.910
   815:       54.000     4827.910     4828.910     4807.910     4827.910
   820:       54.000     4792.000     4847.000     4782.000     4782.150
   825:       55.000     4873.000     4948.000     4898.000     4919.520
   830:       55.000     4934.520     4935.520     4914.520     4934.520
   835:       55.000     4883.000     4938.000     4873.000     4873.150
   840:       56.000     4966.000     5041.000     4991.000     5005.240
   845:       56.000     5020.240     5021.240     5000.240     5020.240
   850:       56.000     4976.000     5031.000     4966.000     4966.150
   855:       57.000     5052.000     5127.000     5077.000     5082.650
   860:       57.000     5097.650     5098.650     5077.650     5097.650
   865:       57.000     5062.000     5117.000     5052.000     5052.150
   870:       58.000     5140.000     5215.000     5165.000     5170.560
   875:       58.000     5185.560     5186.560     5165.560     5185.560
   880:       58.000     5150.000     5205.000     5140.000     5140.150
   885:       59.000     5232.000     5307.000     5257.000     5264.300
   890:       59.000     5279.300     5280.300     5259.300     5279.300
   895:       59.000     5242.000     5297.000     5232.000     5232.150
   900:       60.000     5324.000     5399.000     5349.000     5357.970
   905:       60.000     5372.970     5373.970     5352.970     5372.970
   910:       60.000     5334.000     5389.000     5324.000     5324.150
   915:       61.000     5409.000     5484.000     5434.000     5439.980
   920:       61.000     5454.980     5455.980     5434.980     5454.980
   925:       61.000     5419.000     5474.000     5409.000     5409.150
   930:       62.000     5497.000     5572.000     5522.000     5527.640
   935:       62.000     5542.640     5543.640     5522.640     5542.640
   940:       62.000     5507.000     5562.000     5497.000     5497.150
   945:       63.000     5591.000     5666.000     5616.000     5621.670
   950:       63.000     5636.670     5637.670     5616.670     5636.670
   955:       63.000     5601.000     5656.000     5591.000     5591.150
   960:       64.000     5680.000     5755.000     5705.000     5712.650
   965:       64.000     5727.650     5728.650     5707.650     5727.650
   970:       64.000     5690.000     5745.000     5680.000     5680.150
   975:       65.000     5772.000     5847.000     5797.000     5803.350
   980:       65.000     5818.350     5819.350     5798.350     5818.350
   985:       65.000     5782.000     5837.000     5772.000     5772.150
   990:       66.000     5863.000     5938.000     5888.000     5894.470
   995:       66.000     5909.470     5910.470     5889.470     5909.470
  1000:       66.000     5873.000     5928.000     5863.000     5863.150
  1005:       67.000     5952.000     6027.000     5977.000     5986.070
  1010:       67.000     6001.070     6002.070     5981.070     6001.070
  1015:       67.000     5962.000     6017.000     5952.000     5952.150
  1020:       68.000     6040.000     6115.000     6065.000     6085.000
  1025:       68.000        0.000        0.000        0.000        0.000
  1030:       68.000     6050.000     6105.000     6040.000     6040.150
  1035:       69.000     6130.000     6205.000     6155.000     6171.370
  1040:       69.000     6186.370     6187.370     6166.370     6186.370
  1045:       69.000     6140.000     6195.000     6130.000     6130.150
  1050:       70.000     6224.000     6299.000     6249.000     6263.100
  1055:       70.000     6278.100     6279.100     6258.100     6278.100
  1060:       70.000     6234.000     6289.000     6224.000     6224.150
  1065:       71.000     6315.000     6390.000     6340.000     6346.920
  1070:       71.000     6361.920     6362.920     6341.920     6361.920
  1075:       71.000     6325.000     6380.000     6315.000     6315.150
  1080:       72.000     6403.000     6478.000     6428.000     6448.000
  1085:       72.000        0.000        0.000        0.000        0.000
  1090:       72.000     6413.000     6468.000     6403.000     6403.150
  1095:       73.000     6494.000     6569.000     6519.000     6525.520
  1100:       73.000     6540.520     6541.520     6520.520     6540.520
  1105:       73.000     6504.000     6559.000     6494.000     6494.150
  1110:       74.000     6585.000     6660.000     6610.000     6624.340
  1115:       74.000     6639.340     6640.340     6619.340     6639.340
  1120:       74.000     6595.000     6650.000     6585.000     6585.150
  1125:       75.000     6676.000     6751.000     6701.000     6711.470
  1130:       75.000     6726.470     6727.470     6706.470     6726.470
  1135:       75.000     6686.000     6741.000     6676.000     6676.150
  1140:       76.000     6763.000     6838.000     6788.000     6799.270
  1145:       76.000     6814.270     6815.270     6794.270     6814.270
  1150:       76.000     6773.000     6828.000     6763.000     6763.150
  1155:       77.000     6853.000     6928.000     6878.000     6883.960
  1160:       77.000     6898.960     6899.960     6878.960     6898.960
  1165:       77.000     6863.000     6918.000     6853.000     6853.150
  1170:       78.000     6942.000     7017.000     6967.000     6973.240
  1175:       78.000     6988.240     6989.240     6968.240     6988.240
  1180:       78.000     6952.000     7007.000     6942.000     6942.150
  1185:       79.000     7034.000     7109.000     7059.000     7073.330
  1190:       79.000     7088.330     7089.330     7068.330     7088.330
  1195:       79.000     7044.000     7099.000     7034.000     7034.150
  1200:       80.000     7121.000     7196.000     7146.000     7151.810
  1205:       80.000     7166.810     7167.810     7146.810     7166.810
  1210:       80.000     7131.000     7186.000     7121.000     7121.150
  1215:       81.000     7210.000     7285.000     7235.000     7242.100
  1220:       81.000     7257.100     7258.100     7237.100     7257.100
  1225:       81.000     7220.000     7275.000     7210.000     7210.150
  1230:       82.000     7298.000     7373.000     7323.000     7328.850
  1235:       82.000     7343.850     7344.850     7323.850     7343.850
  1240:       82.000     7308.000     7363.000     7298.000     7298.150
  1245:       83.000     7387.000     7462.000     7412.000     7417.570
  1250:       83.000     7432.570     7433.570     7412.570     7432.570
  1255:       83.000     7397.000     7452.000     7387.000     7387.150
  1260:       84.000     7479.000     7554.000     7504.000     7509.970
  1265:       84.000     7524.970     7525.970     7504.970     7524.970
  1270:       84.000     7489.000     7544.000     7479.000     7479.150
  1275:       85.000     7568.000     7643.000     7593.000     7600.650
  1280:       85.000     7615.650     7616.650     7595.650     7615.650
  1285:       85.000     7578.000     7633.000     7568.000     7568.150
  1290:       86.000     7659.000     7734.000     7684.000     7690.300
  1295:       86.000     7705.300     7706.300     7685.300     7705.300
  1300:       86.000     7669.000     7724.000     7659.000     7659.150
  1305:       87.000     7751.000     7826.000     7776.000     7781.430
  1310:       87.000     7796.430     7797.430     7776.430     7796.430
  1315:       87.000     7761.000     7816.000     7751.000     7751.150
  1320:       88.000     7844.000     7919.000     7869.000     7880.560
  1325:       88.000     7895.560     7896.560     7875.560     7895.560
  1330:       88.000     7854.000     7909.000     7844.000     7844.150
  1335:       89.000     7936.000     8011.000     7961.000     7971.480
  1340:       89.000     7986.480     7987.480     7966.480     7986.480
  1345:       89.000     7946.000     8001.000     7936.000     7936.150
  1350:       90.000     8024.000     8099.000     8049.000     8069.000
  1355:       90.000        0.000        0.000        0.000        0.000
  1360:       90.000     8034.000     8089.000     8024.000     8024.150
  1365:       91.000     8113.000     8188.000     8138.000     8146.380
  1370:       91.000     8161.380     8162.380     8141.380     8161.380
  1375:       91.000     8123.000     8178.000     8113.000     8113.150
  1380:       92.000     8206.000     8281.000     8231.000     8237.200
  1385:       92.000     8252.200     8253.200     8232.200     8252.200
  1390:       92.000     8216.000     8271.000     8206.000     8206.150
  1395:       93.000     8295.000     8370.000     8320.000     8326.500
  1400:       93.000     8341.500     8342.500     8321.500     8341.500
  1405:       93.000     8305.000     8360.000     8295.000     8295.150
  1410:       94.000     8382.000     8457.000     8407.000     8412.920
  1415:       94.000     8427.920     8428.920     8407.920     8427.920
  1420:       94.000     8392.000     8447.000     8382.000     8382.150
  1425:       95.000     8472.000     8547.000     8497.000     8502.670
  1430:       95.000     8517.670     8518.670     8497.670     8517.670
  1435:       95.000     8482.000     8537.000     8472.000     8472.150
  1440:       96.000     8563.000     8638.000     8588.000     8594.600
  1445:       96.000     8609.600     8610.600     8589.600     8609.600
  1450:       96.000     8573.000     8628.000     8563.000     8563.150
  1455:       97.000     8657.000     8732.000     8682.000     8688.160
  1460:       97.000     8703.160     8704.160     8683.160     8703.160
  1465:       97.000     8667.000     8722.000     8657.000     8657.150
  1470:       98.000     8746.000     8821.000     8771.000     8776.830
  1475:       98.000     8791.830     8792.830     8771.830     8791.830
  1480:       98.000     8756.000     8811.000     8746.000     8746.150
  1485:       99.000     8835.000     8910.000     8860.000     8866.330
  1490:       99.000     8881.330     8882.330     8861.330     8881.330
  1495:       99.000     8845.000     8900.000     8835.000     8835.150
  1500:      100.000     8925.000     9000.000     8950.000     8955.870
  1505:      100.000     8970.870     8971.870     8950.870     8970.870
  1510:      100.000     8935.000     8990.000     8925.000     8925.150
F:
     0:       62.090      145.210      145.760      145.890      148.860
     5:      149.770      237.120      237.550      238.680      238.840
    10:      240.450      240.730      241.050      242.390      244.870
    15:      315.290      317.900      318.160      321.040      321.170
    20:      321.210      322.040      322.590      323.000      323.230
    25:      323.300      324.080      387.190      387.770      409.810
    30:      411.100      411.350      414.660      414.880      415.240
    35:      415.450      415.850      416.240      419.240      493.270
    40:      493.530      493.830      493.870      495.220      496.210
    45:      497.410      497.530      497.590      497.680      497.850
    50:      497.880      498.360      498.650      499.410      501.070
    55:      501.390      502.290      502.540      504.930      505.480
    60:      584.820      585.250      585.460      585.480      585.650
    65:      586.270      586.290      586.400      586.420      586.540
    70:      587.000      587.460      587.480      588.960      589.300
    75:      589.430      589.590      589.660      589.770      589.790
    80:      589.880      590.320      590.800      591.770      593.470
    85:      593.730      594.110      594.530      594.550      594.640
    90:      595.610      595.780      596.360      673.620      678.720
    95:      679.540      679.700      680.080      680.350      680.710
   100:      680.810      680.980      681.030      681.050      681.860
   105:      682.870      683.610      683.710      683.740      683.760
   110:      683.820      684.140      684.370      684.620      684.720
   115:      685.270      764.640      765.420      765.490      765.520
   120:      765.700      765.960      766.210      766.350      767.250
   125:      768.320      768.490      769.030      769.430      769.530
   130:      770.030      770.560      770.730      771.660      773.960
   135:      774.740      774.850      775.070      775.120      775.190
   140:      775.470      775.600      853.720      859.390      859.600
   145:      859.840      860.010      861.540      861.800      862.040
   150:      862.400      862.540      862.670      863.710      865.230
   155:      865.410      868.400      868.520      868.740      870.850
   160:      872.430      872.570      944.880      945.170      946.890
   165:      947.060      947.980      948.270      948.400      948.510
   170:      948.540      949.360      950.600      950.880      951.620
   175:      951.720      951.740      951.930      952.100      952.200
   180:      954.050      955.460     1029.490     1031.790     1037.290
   185:     1039.360     1041.330     1041.550     1042.060     1042.430
   190:     1042.540     1046.010     1126.940     1129.920     1130.220
   195:     1130.350     1130.940     1131.090     1131.220     1131.340
   200:     1133.270     1133.350     1219.110     1222.450     1223.330
   205:     1223.710     1224.520     1224.910     1225.010     1225.610
   210:     1299.250     1303.580     1304.150     1306.690     1312.410
   215:     1315.080     1315.620     1317.010     1406.080     1409.190
   220:     1409.500     1409.850     1410.210     1410.750     1410.890
   225:     1411.040     1411.260     1411.730     1411.800     1411.910
   230:     1412.250     1413.190     1413.320     1413.460     1413.510
   235:     1413.590     1413.970     1414.750     1416.020     1416.040
   240:     1416.570     1418.000     1418.360     1420.090     1481.200
   245:     1481.370     1481.390     1484.100     1484.330     1484.390
   250:     1485.600     1487.390     1487.910     1488.090     1488.280
   255:     1488.440     1488.460     1488.480     1488.630     1488.940
   260:     1489.230     1489.360     1489.370     1489.730     1489.880
   265:     1490.900     1491.270     1492.470     1493.310     1493.320
   270:     1493.460     1493.590     1494.060     1554.860     1567.700
   275:     1567.840     1567.880     1568.120     1568.150     1568.370
   280:     1568.730     1568.760     1568.870     1569.010     1569.080
   285:     1569.500     1569.780     1569.890     1569.950     1569.980
   290:     1570.260     1570.280     1571.050     1571.170     1571.370
   295:     1571.410     1571.480     1571.590     1571.800     1572.090
   300:     1572.800     1572.870     1573.070     1573.410     1573.450
   305:     1573.560     1574.460     1575.830     1575.970     1577.450
   310:     1579.690     1583.380     1585.050     1663.310     1663.950
   315:     1663.960     1664.010     1664.090     1664.200     1664.250
   320:     1664.960     1667.700     1668.130     1668.300     1668.650
   325:     1668.730     1668.790     1668.810     1669.160     1669.190
   330:     1672.210     1672.800     1677.080     1754.450     1755.660
   335:     1755.690     1755.740     1755.820     1756.220     1756.700
   340:     1757.280     1759.380     1760.520     1762.670     1762.750
   345:     1762.880     1766.210     1766.780     1840.970     1841.420
   350:     1841.720     1841.740     1842.300     1842.810     1845.370
   355:     1845.590     1845.720     1846.180     1846.190     1846.740
   360:     1848.500     1849.510     1850.280     1850.560     1851.430
   365:     1851.650     1852.300     1935.340     1936.850     1937.010
   370:     1937.150     1937.200     1937.310     1937.470     1937.880
   375:     1937.980     1938.220     1938.510     1939.250     1939.530
   380:     1939.560     1939.640     1939.760     1939.780     1940.130
   385:     1940.360     1940.390     1941.110     1944.630     1948.050
   390:     2021.770     2025.190     2025.240     2025.510     2025.660
   395:     2025.690     2025.870     2026.270     2027.930     2028.810
   400:     2031.500     2031.520     2031.950     2032.260     2032.320
   405:     2032.680     2033.100     2033.590     2033.680     2034.370
   410:     2102.260     2110.590     2111.600     2114.840     2117.220
   415:     2117.380     2117.480     2117.620     2117.680     2118.160
   420:     2118.420     2118.710     2118.740     2120.050     2120.200
   425:     2120.230     2120.440     2120.480     2120.540     2121.200
   430:     2121.250     2122.140     2122.280     2123.150     2123.360
   435:     2128.040     2128.220     2193.670     2203.850     2203.940
   440:     2203.960     2204.700     2204.900     2205.350     2205.380
   445:     2205.800     2205.830     2205.930     2205.960     2206.350
   450:     2206.570     2208.770     2209.410     2211.340     2212.120
   455:     2212.190     2212.260     2212.320     2212.520     2212.980
   460:     2214.370     2214.750     2218.300     2292.660     2295.110
   465:     2295.810     2295.920     2296.210     2297.490     2300.900
   470:     2302.730     2303.090     2303.570     2303.660     2303.870
   475:     2304.570     2304.750     2304.950     2305.630     2306.590
   480:     2382.190     2383.710     2386.580     2389.310     2389.390
   485:     2389.690     2389.780     2389.830     2389.940     2390.190
   490:     2391.070     2392.100     2392.350     2392.610     2393.360
   495:     2393.610     2393.650     2394.390     2394.490     2394.550
   500:     2395.350     2397.120     2461.000     2477.320     2477.680
   505:     2478.460     2478.570     2479.070     2479.580     2480.040
   510:     2480.260     2480.310     2480.890     2481.010     2481.080
   515:     2481.900     2482.070     2482.520     2482.770     2482.920
   520:     2483.350     2483.390     2484.500     2484.540     2484.760
   525:     2484.980     2485.370     2487.410     2489.870     2566.540
   530:     2570.800     2572.060     2572.140     2572.180     2572.260
   535:     2572.470     2572.640     2572.800     2572.960     2572.980
   540:     2573.160     2574.140     2574.610     2576.720     2578.500
   545:     2578.990     2581.370     2649.880     2654.720     2655.360
   550:     2655.670     2655.720     2656.240     2656.650     2657.200
   555:     2659.160     2659.780     2660.150     2660.310     2660.910
   560:     2660.960     2661.120     2661.170     2661.200     2661.260
   565:     2661.360     2661.400     2661.720     2662.420     2750.030
   570:     2752.810     2758.130     2760.200     2760.450     2760.640
   575:     2762.000     2763.160     2764.630     2764.660     2764.740
   580:     2765.490     2765.590     2765.680     2766.340     2832.910
   585:     2833.580     2833.740     2833.970     2834.090     2834.120
   590:     2836.210     2836.480     2837.310     2837.410     2837.750
   595:     2837.810     2837.980     2838.030     2838.470     2838.930
   600:     2840.980     2841.040     2917.280     2919.040     2920.720
   605:     2920.800     2920.860     2920.890     2921.250     2921.360
   610:     2921.510     2921.630     2921.660     2922.040     2922.860
   615:     2925.660     2925.770     2926.180     2927.060     2927.390
   620:     2927.560     2928.960     2995.000     2995.930     2997.180
   625:     2997.330     3006.340     3006.710     3007.040     3008.310
   630:     3008.390     3008.430     3008.750     3008.810     3008.870
   635:     3009.460     3009.760     3009.910     3010.120     3010.140
   640:     3010.760     3012.370     3013.300     3013.770     3013.970
   645:     3014.840     3014.890     3014.950     3016.150     3016.840
   650:     3017.700     3018.700     3018.710     3018.730     3018.830
   655:     3019.070     3019.440     3021.100     3021.190     3093.700
   660:     3099.770     3100.160     3100.220     3100.340     3100.430
   665:     3100.450     3100.710     3101.130     3101.570     3101.660
   670:     3102.200     3102.270     3102.690     3103.050     3104.120
   675:     3104.500     3104.620     3104.730     3105.060     3105.090
   680:     3105.170     3105.190     3105.900     3111.800     3112.210
   685:     3112.610     3184.780     3184.990     3185.100     3186.250
   690:     3186.350     3186.850     3187.270     3187.300     3187.690
   695:     3187.730     3187.910     3188.800     3189.090     3189.280
   700:     3190.080     3190.290     3190.390     3191.290     3191.320
   705:     3191.750     3191.770     3191.930     3191.950     3192.140
   710:     3192.870     3194.840     3195.380     3195.950     3196.130
   715:     3196.990     3197.180     3197.200     3197.420     3198.370
   720:     3198.870     3200.910     3277.000     3277.220     3283.550
   725:     3285.320     3285.370     3285.490     3286.010     3287.880
   730:     3288.120     3288.960     3289.040     3289.140     3289.580
   735:     3290.050     3290.130     3290.150     3290.280     3290.460
   740:     3291.540     3370.710     3371.100     3371.200     3371.240
   745:     3374.310     3374.420     3374.720     3375.050     3375.220
   750:     3375.320     3375.540     3375.630     3375.790     3376.090
   755:     3376.100     3376.640     3376.970     3377.260     3377.630
   760:     3377.670     3378.190     3378.270     3378.340     3378.520
   765:     3378.650     3378.790     3379.300     3381.400     3382.000
   770:     3382.090     3382.750     3383.000     3383.200     3383.230
   775:     3383.330     3383.350     3383.500     3383.530     3384.920
   780:     3385.900     3462.750     3465.240     3466.010     3466.170
   785:     3466.350     3466.380     3466.500     3466.640     3466.660
   790:     3467.960     3469.170     3471.420     3472.000     3472.010
   795:     3472.130     3472.710     3472.940     3473.940     3473.960
   800:     3474.090     3474.420     3474.670     3475.570     3475.780
   805:     3476.060     3476.350     3476.930     3561.540     3564.750
   810:     3566.720     3566.970     3567.090     3567.170     3567.590
   815:     3567.800     3567.960     3567.980     3568.230     3568.540
   820:     3569.390     3569.470     3569.560     3569.590     3569.610
   825:     3569.830     3570.360     3570.460     3570.600     3570.700
   830:     3570.800     3571.310     3574.630     3574.780     3575.880
   835:     3576.270     3576.540     3577.540     3578.400     3644.840
   840:     3645.610     3645.740     3646.050     3650.940     3652.510
   845:     3653.700     3654.230     3654.300     3654.560     3654.760
   850:     3654.870     3655.700     3655.850     3655.950     3656.070
   855:     3656.170     3656.920     3657.960     3661.790     3735.680
   860:     3736.650     3737.080     3737.260     3737.710     3737.910
   865:     3738.050     3738.170     3738.570     3739.520     3739.640
   870:     3740.280     3740.300     3740.390     3740.510     3740.750
   875:     3741.340     3743.560     3744.080     3744.100     3744.110
   880:     3744.170     3744.760     3745.020     3745.290     3745.460
   885:     3746.380     3746.510     3747.980     3748.030     3826.800
   890:     3827.010     3827.080     3827.630     3828.280     3828.320
   895:     3828.640     3828.660     3829.380     3829.560     3829.660
   900:     3830.460     3830.590     3830.920     3831.700     3832.250
   905:     3832.520     3832.730     3833.350     3833.370     3833.480
   910:     3833.700     3833.910     3834.050     3834.160     3834.950
   915:     3835.640     3836.340     3836.640     3837.180     3837.270
   920:     3837.790     3839.540     3915.220     3915.490     3915.910
   925:     3915.950     3916.800     3916.970     3917.090     3917.280
   930:     3918.320     3918.620     3918.760     3918.940     3919.330
   935:     3919.880     3922.140     3922.180     3922.370     3923.220
   940:     3923.340     3923.380     3923.470     3923.540     3923.680
   945:     3924.410     3925.150     3925.970     3926.010     3926.030
   950:     3927.250     3927.500     3927.710     3928.010     3928.440
   955:     3929.500     3929.990     4026.440     4027.600     4028.070
   960:     4028.620     4028.870     4029.030     4029.200     4029.380
   965:     4030.670     4030.740     4030.790     4030.880     4031.010
   970:     4031.150     4031.240     4031.400     4031.680     4032.200
   975:     4032.300     4032.610     4032.630     4033.720     4035.360
   980:     4036.180     4036.930     4036.940     4036.950     4112.400
   985:     4119.680     4119.740     4120.670     4120.900     4121.090
   990:     4122.600     4123.950     4124.060     4124.290     4124.350
   995:     4124.430     4124.540     4124.780     4124.800     4125.310
  1000:     4125.640     4189.320     4190.680     4192.490     4193.920
  1005:     4194.020     4194.090     4194.160     4194.240     4194.280
  1010:     4194.350     4194.400     4194.950     4195.100     4195.260
  1015:     4195.460     4196.310     4199.180     4199.290     4199.420
  1020:     4199.960     4200.740     4200.870     4203.020     4203.090
  1025:     4203.180     4284.230     4288.710     4290.000     4290.100
  1030:     4290.250     4291.020     4291.580     4292.140     4292.270
  1035:     4292.920     4293.050     4293.140     4293.170     4293.360
  1040:     4293.390     4293.800     4293.900     4294.020     4294.880
  1045:     4298.250     4298.710     4368.170     4370.410     4371.670
  1050:     4372.040     4372.970     4373.350     4373.600     4373.650
  1055:     4373.890     4374.040     4374.250     4374.400     4375.700
  1060:     4376.390     4377.070     4377.380     4377.620     4378.470
  1065:     4378.780     4378.880     4379.660     4381.260     4473.840
  1070:     4474.120     4476.640     4478.740     4479.300     4481.720
  1075:     4482.040     4483.250     4555.230     4557.760     4558.970
  1080:     4559.520     4561.240     4561.580     4563.020     4563.440
  1085:     4563.750     4564.310     4564.330     4564.380     4564.540
  1090:     4565.120     4565.310     4566.190     4566.320     4566.600
  1095:     4569.620     4631.960     4635.210     4635.770     4635.790
  1100:     4635.860     4635.990     4636.020     4636.150     4636.490
  1105:     4636.720     4636.850     4636.920     4638.400     4639.290
  1110:     4640.810     4640.840     4640.950     4641.010     4641.100
  1115:     4641.180     4641.250     4641.520     4641.570     4641.670
  1120:     4641.740     4641.910     4641.990     4642.030     4642.130
  1125:     4642.150     4642.520     4643.590     4644.380     4645.310
  1130:     4646.200     4646.310     4647.140     4647.180     4648.380
  1135:     4648.550     4648.590     4648.730     4648.790     4649.540
  1140:     4651.500     4716.270     4718.050     4726.500     4727.070
  1145:     4727.680     4727.760     4727.790     4727.880     4727.920
  1150:     4728.430     4728.650     4728.910     4729.180     4729.430
  1155:     4729.680     4729.830     4729.860     4730.090     4730.790
  1160:     4730.890     4730.980     4731.370     4731.430     4731.700
  1165:     4732.430     4732.440     4732.910     4733.410     4735.560
  1170:     4735.630     4735.750     4736.930     4737.390     4737.610
  1175:     4737.740     4737.750     4738.190     4738.350     4738.410
  1180:     4739.240     4739.680     4739.940     4740.200     4814.540
  1185:     4816.300     4817.070     4817.160     4817.330     4817.350
  1190:     4817.510     4817.620     4819.970     4820.890     4821.200
  1195:     4823.220     4823.300     4823.320     4823.380     4825.210
  1200:     4825.390     4825.460     4826.360     4827.040     4830.470
  1205:     4830.810     4923.120     4923.200     4924.560     4925.340
  1210:     4926.560     4927.290     4928.740     4928.950     4929.530
  1215:     4929.550     4929.660     4929.790     4929.800     4929.910
  1220:     4929.980     4930.140     4930.330     4930.350     4930.940
  1225:     4932.110     4932.920     4933.020     4933.060     4933.090
  1230:     4933.410     4934.520     4935.170     4936.750     5008.330
  1235:     5008.350     5010.450     5010.710     5010.750     5011.220
  1240:     5011.250     5012.160     5012.300     5012.590     5012.640
  1245:     5012.700     5013.410     5013.620     5014.290     5015.520
  1250:     5016.240     5016.860     5016.870     5016.880     5016.940
  1255:     5017.370     5017.760     5017.780     5018.180     5018.800
  1260:     5019.920     5022.590     5086.840     5088.750     5089.090
  1265:     5089.120     5089.240     5089.300     5089.940     5090.210
  1270:     5090.670     5091.060     5093.190     5093.220     5093.340
  1275:     5093.360     5093.620     5093.650     5093.750     5093.990
  1280:     5094.480     5094.510     5094.720     5094.860     5094.930
  1285:     5095.000     5095.030     5095.420     5095.580     5095.640
  1290:     5097.710     5098.190     5098.830     5184.180     5184.430
  1295:     5184.510     5184.540     5184.650     5184.670     5184.790
  1300:     5184.810     5184.940     5185.040     5185.070     5185.190
  1305:     5185.370     5186.000     5186.490     5249.790     5255.040
  1310:     5255.350     5256.260     5256.280     5257.110     5257.270
  1315:     5257.770     5265.700     5266.000     5266.430     5266.750
  1320:     5266.920     5267.070     5267.130     5267.300     5268.000
  1325:     5268.320     5268.440     5268.620     5269.020     5269.080
  1330:     5269.850     5269.980     5270.010     5270.510     5271.880
  1335:     5272.090     5272.700     5272.960     5273.010     5273.480
  1340:     5273.700     5273.770     5273.820     5273.880     5273.910
  1345:     5274.300     5274.540     5274.690     5274.700     5274.860
  1350:     5276.170     5277.780     5278.430     5278.650     5279.120
  1355:     5279.940     5280.060     5357.210     5360.590     5360.660
  1360:     5360.750     5361.630     5362.040     5363.240     5363.360
  1365:     5363.460     5363.490     5363.660     5363.700     5363.720
  1370:     5364.340     5364.510     5364.570     5364.670     5364.820
  1375:     5364.960     5365.100     5365.120     5365.750     5368.990
  1380:     5369.060     5369.190     5369.330     5370.960     5371.090
  1385:     5371.110     5371.570     5372.540     5373.170     5374.920
  1390:     5436.620     5436.630     5441.650     5442.280     5442.870
  1395:     5443.190     5443.230     5443.270     5443.690     5444.610
  1400:     5444.780     5445.010     5445.040     5445.380     5445.410
  1405:     5445.690     5445.700     5445.850     5445.940     5445.980
  1410:     5446.090     5446.190     5446.890     5448.780     5448.790
  1415:     5448.850     5449.010     5449.570     5449.580     5449.620
  1420:     5449.650     5449.870     5449.920     5450.120     5450.210
  1425:     5450.340     5450.510     5450.540     5451.410     5452.380
  1430:     5453.920     5454.020     5454.030     5454.040     5454.080
  1435:     5455.700     5455.810     5458.050     5531.540     5532.180
  1440:     5533.830     5534.480     5534.730     5534.760     5534.920
  1445:     5534.950     5535.720     5535.800     5535.960     5536.060
  1450:     5536.090     5536.500     5536.810     5537.060     5537.220
  1455:     5537.340     5537.360     5537.490     5537.510     5537.980
  1460:     5540.410     5540.540     5542.230     5542.310     5542.330
  1465:     5543.350     5617.890     5623.800     5624.100     5626.110
  1470:     5627.140     5627.420     5627.820     5627.850     5628.130
  1475:     5628.970     5629.130     5629.200     5629.560     5630.490
  1480:     5631.110     5631.220     5631.380     5631.520     5631.720
  1485:     5632.050     5632.510     5634.770     5635.480     5635.570
  1490:     5635.910     5637.240     5637.340     5639.060     5639.390
  1495:     5639.510     5639.610     5639.720     5715.690     5716.400
  1500:     5716.480     5716.700     5716.740     5716.900     5717.200
  1505:     5717.260     5717.400     5719.460     5721.460     5723.580
  1510:     5723.910     5724.270     5726.160     5726.250     5726.290
  1515:     5726.420     5726.570     5727.370     5728.360     5808.700
  1520:     5810.000     5810.240     5810.270     5810.330     5810.430
  1525:     5810.450     5810.510     5810.810     5810.840     5810.960
  1530:     5810.990     5811.810     5812.060     5812.300     5812.350
  1535:     5812.660     5813.240     5813.260     5814.810     5814.910
  1540:     5814.980     5815.250     5815.740     5815.760     5816.000
  1545:     5816.030     5816.260     5816.520     5816.530     5816.730
  1550:     5816.750     5816.840     5817.830     5817.850     5818.910
  1555:     5897.530     5900.380     5902.360     5902.460     5902.940
  1560:     5904.210     5904.300     5904.460     5904.710     5905.270
  1565:     5905.320     5905.450     5905.830     5905.920     5905.950
  1570:     5906.020     5907.170     5907.340     5908.310     5908.350
  1575:     5910.190     5989.300     5989.360     5989.390     5991.580
  1580:     5992.770     5992.850     5992.860     5992.920     5992.940
  1585:     5993.040     5993.080     5993.620     5993.680     5994.060
  1590:     5995.330     5996.080     5996.260     5996.380     5996.640
  1595:     5997.820     5997.860     5998.220     5998.360     5998.420
  1600:     5998.500     5999.010     6000.390     6001.190     6097.370
  1605:     6097.540     6097.620     6097.730     6100.660     6176.700
  1610:     6177.350     6178.360     6181.620     6181.870     6181.890
  1615:     6182.700     6183.830     6184.000     6184.200     6185.550
  1620:     6185.690     6186.070     6186.660     6267.850     6268.140
  1625:     6268.310     6269.030     6269.050     6269.640     6269.700
  1630:     6269.720     6269.940     6270.610     6270.750     6271.700
  1635:     6271.880     6272.170     6272.230     6272.760     6273.030
  1640:     6273.240     6273.380     6273.420     6273.480     6274.280
  1645:     6276.730     6276.750     6276.960     6277.450     6278.130
  1650:     6278.690     6278.820     6350.410     6351.370     6351.660
  1655:     6351.670     6351.740     6351.780     6351.910     6352.640
  1660:     6352.690     6352.760     6353.230     6353.320     6353.340
  1665:     6353.490     6354.270     6357.040     6359.130     6359.250
  1670:     6361.090     6361.210     6361.240     6362.000     6362.150
  1675:     6530.090     6530.350     6531.670     6532.150     6532.230
  1680:     6532.380     6532.480     6533.300     6533.450     6533.580
  1685:     6533.770     6534.510     6534.880     6535.100     6535.620
  1690:     6536.340     6536.760     6537.060     6537.090     6537.210
  1695:     6537.950     6538.260     6538.890     6539.050     6539.100
  1700:     6539.520     6540.060     6628.450     6630.810     6630.870
  1705:     6630.920     6631.180     6633.130     6634.650     6635.060
  1710:     6635.180     6635.440     6635.480     6636.090     6636.100
  1715:     6636.200     6636.320     6636.500     6636.640     6636.840
  1720:     6636.960     6637.130     6637.180     6637.290     6637.960
  1725:     6639.330     6639.410     6642.550     6719.540     6720.220
  1730:     6720.310     6720.410     6720.560     6720.670     6720.770
  1735:     6720.920     6721.020     6721.220     6721.250     6721.350
  1740:     6721.380     6723.560     6726.890     6800.720     6802.780
  1745:     6803.820     6804.840     6807.410     6809.180     6809.820
  1750:     6810.010     6812.000     6812.120     6812.280     6812.570
  1755:     6813.710     6814.450     6885.330     6885.390     6885.420
  1760:     6886.980     6887.790     6887.810     6888.040     6888.160
  1765:     6888.450     6888.660     6888.920     6889.060     6889.390
  1770:     6889.770     6891.730     6892.280     6892.320     6893.690
  1775:     6894.530     6894.630     6894.940     6895.840     6896.320
  1780:     6896.680     6897.270     6897.280     6897.290     6897.530
  1785:     6899.590     6899.700     6902.390     6902.480     6902.560
  1790:     6902.730     6962.710     6975.750     6976.680     6976.860
  1795:     6976.930     6978.030     6978.560     6978.720     6978.820
  1800:     6978.860     6978.880     6981.520     6983.350     6983.760
  1805:     6983.880     6983.960     6984.030     6984.070     6985.910
  1810:     6986.590     6986.910     6987.130     6987.580     6988.420
  1815:     7078.150     7079.780     7080.460     7081.530     7083.460
  1820:     7083.700     7084.870     7085.040     7085.070     7086.020
  1825:     7086.110     7087.010     7087.830     7088.100     7088.540
  1830:     7088.550     7088.580     7088.950     7154.440     7155.030
  1835:     7155.260     7155.290     7155.440     7155.810     7156.340
  1840:     7157.490     7158.190     7160.020     7160.030     7160.100
  1845:     7160.240     7161.220     7161.780     7162.080     7162.290
  1850:     7162.310     7164.170     7165.250     7165.960     7166.040
  1855:     7166.170     7167.290     7167.390     7169.610     7243.540
  1860:     7245.560     7245.830     7246.690     7247.170     7247.460
  1865:     7247.480     7249.160     7250.220     7251.750     7252.180
  1870:     7253.850     7254.140     7254.890     7255.770     7256.210
  1875:     7256.730     7256.950     7260.500     7330.070     7331.310
  1880:     7331.850     7332.160     7332.210     7333.000     7333.880
  1885:     7334.470     7335.660     7337.190     7337.390     7338.900
  1890:     7339.220     7339.260     7339.540     7339.710     7339.790
  1895:     7339.920     7339.970     7341.400     7342.790     7343.190
  1900:     7343.810     7344.110     7420.890     7421.130     7421.280
  1905:     7421.300     7421.910     7421.940     7422.480     7422.510
  1910:     7422.650     7422.700     7422.720     7423.390     7423.580
  1915:     7423.750     7423.870     7423.900     7424.870     7425.060
  1920:     7425.400     7425.850     7425.910     7425.960     7426.540
  1925:     7426.780     7426.910     7427.030     7427.350     7427.530
  1930:     7428.930     7431.310     7431.820     7431.830     7431.870
  1935:     7432.090     7433.230     7511.650     7511.680     7512.500
  1940:     7515.040     7515.580     7516.330     7517.100     7519.800
  1945:     7519.980     7520.250     7521.550     7521.680     7521.710
  1950:     7522.090     7522.640     7523.750     7524.710     7599.650
  1955:     7599.750     7602.880     7603.240     7603.290     7604.490
  1960:     7605.060     7605.320     7605.460     7606.300     7609.010
  1965:     7609.090     7609.220     7609.890     7610.780     7610.950
  1970:     7611.460     7611.630     7612.470     7613.570     7613.850
  1975:     7615.620     7615.670     7616.160     7616.260     7691.200
  1980:     7692.450     7692.670     7692.910     7692.940     7693.450
  1985:     7693.780     7693.910     7694.120     7694.360     7694.530
  1990:     7694.670     7695.200     7695.590     7695.880     7696.130
  1995:     7696.530     7697.080     7697.230     7697.320     7697.370
  2000:     7697.560     7697.590     7698.590     7700.500     7701.570
  2005:     7702.310     7702.330     7702.390     7702.540     7704.560
  2010:     7704.690     7704.820     7704.850     7705.880     7708.940
  2015:     7778.130     7782.450     7783.410     7783.610     7783.650
  2020:     7784.950     7785.410     7785.650     7786.480     7786.930
  2025:     7787.090     7788.220     7788.470     7788.490     7788.610
  2030:     7788.700     7789.670     7791.530     7791.650     7791.710
  2035:     7791.860     7793.120     7793.150     7793.330     7793.450
  2040:     7793.790     7793.810     7793.920     7794.010     7794.630
  2045:     7794.810     7796.110     7799.360     7799.440     7799.460
  2050:     7886.360     7889.650     7890.230     7890.260     7890.870
  2055:     7891.100     7893.850     7894.110     7894.730     7894.780
  2060:     7895.060     7895.620     7896.030     7899.380     7977.560
  2065:     7977.670     7978.080     7978.310     7978.640     7978.670
  2070:     7978.970     7979.990     7981.550     7982.160     7982.330
  2075:     7982.400     7983.800     7983.900     7984.080     7984.110
  2080:     7984.220     7984.290     7984.360     7985.130     7985.440
  2085:     7985.460     7985.760     7986.190     7986.230     7987.170
  2090:     7989.340     7989.580     7990.470     8155.690     8159.050
  2095:     8159.550     8159.780     8161.900     8241.250     8242.020
  2100:     8242.130     8242.170     8244.540     8244.750     8245.780
  2105:     8246.000     8246.170     8246.290     8246.410     8246.430
  2110:     8246.530     8246.560     8246.660     8246.680     8246.820
  2115:     8246.940     8247.020     8248.900     8249.980     8251.490
  2120:     8251.990     8252.030     8252.110     8252.450     8328.510
  2125:     8328.990     8329.130     8330.610     8331.260     8331.280
  2130:     8333.130     8333.330     8333.690     8333.720     8334.310
  2135:     8334.530     8334.560     8334.690     8334.880     8334.900
  2140:     8335.080     8335.140     8335.210     8335.720     8336.380
  2145:     8338.030     8338.360     8338.740     8338.760     8338.810
  2150:     8339.030     8339.550     8340.050     8340.740     8342.220
  2155:     8345.430     8346.490     8346.600     8413.840     8416.250
  2160:     8417.850     8418.990     8419.250     8419.380     8419.400
  2165:     8419.690     8419.710     8420.010     8420.590     8420.810
  2170:     8421.090     8421.200     8421.240     8422.350     8422.480
  2175:     8422.580     8422.670     8422.860     8423.250     8423.430
  2180:     8424.110     8424.140     8424.230     8424.260     8424.430
  2185:     8425.330     8427.840     8428.000     8499.360     8500.130
  2190:     8503.850     8505.350     8506.820     8506.940     8507.120
  2195:     8507.790     8507.950     8508.100     8508.730     8510.420
  2200:     8511.260     8511.400     8511.460     8511.520     8511.550
  2205:     8511.800     8511.850     8513.460     8513.950     8515.010
  2210:     8515.420     8515.910     8517.040     8517.160     8517.380
  2215:     8517.580     8518.440     8595.820     8599.700     8600.190
  2220:     8600.420     8600.480     8600.880     8600.940     8601.450
  2225:     8604.710     8604.860     8606.000     8606.490     8606.680
  2230:     8607.640     8607.660     8608.640     8609.680     8612.080
  2235:     8613.300     8692.010     8693.300     8694.270     8694.390
  2240:     8694.500     8695.610     8695.630     8696.720     8698.230
  2245:     8699.010     8699.090     8699.210     8699.920     8700.380
  2250:     8700.490     8700.510     8703.730     8777.940     8778.590
  2255:     8778.740     8778.800     8779.360     8779.480     8779.570
  2260:     8780.080     8782.450     8782.550     8782.790     8782.930
  2265:     8783.040     8783.550     8784.980     8785.410     8785.760
  2270:     8786.070     8786.170     8786.280     8786.340     8786.430
  2275:     8787.260     8787.750     8787.810     8788.230     8789.220
  2280:     8789.380     8790.070     8791.100     8791.700     8791.890
  2285:     8792.340     8793.730     8868.720     8870.020     8870.230
  2290:     8870.400     8871.670     8871.810     8871.840     8872.670
  2295:     8873.350     8873.570     8874.270     8874.300     8874.680
  2300:     8875.140     8875.570     8875.660     8875.680     8875.950
  2305:     8875.990     8876.660     8877.560     8878.370     8878.550
  2310:     8879.180     8879.190     8879.560     8880.460     8881.230
  2315:     8881.270     8881.870     8881.940     8881.970     8883.700
  2320:     8885.560     8885.930     8886.060     8957.370     8958.180
  2325:     8958.810     8963.010     8963.490     8964.380     8967.420
  2330:     8967.480     8967.620     8967.960     8969.200     8971.100
  2335:     8973.870     8974.140
G:
     0:      443.720      467.020      528.220     1811.720     1973.990
     5:     1974.070     1974.730     2768.550     2769.080     2769.810
    10:     2773.410     2773.500     3143.940     3691.840     3691.920
    15:     4037.050     4037.300     4038.550     4039.160     6106.720
    20:     6106.950     6106.970     6107.060     6107.320     6107.330
    25:     6107.370     6107.400     6109.010     6113.040     6113.780
    30:     6114.350     7564.800     8840.280
H:
     0:      455.810      885.840      888.120      889.490     1989.070
     5:     1989.640     3143.110     3143.940     4772.090     4772.360
    10:     4772.580     4776.460     7124.920     7125.210     7569.460
    15:     7664.340     8569.300
I:
     0:     2988.760     6609.360     6610.090     7499.860
K:
L:
     0:       41.670       43.560      128.570      131.470      222.080
     5:      225.320      303.800      304.820      394.960      396.290
    10:      397.120      398.850      485.600      486.540      486.840
    15:      576.250      576.820      665.060      665.440      665.700
    20:      666.530      755.170      845.660      846.410      847.190
    25:      848.170      849.730      850.400      933.410      934.800
    30:      935.760     1020.580     1022.920     1024.000     1024.800
    35:     1109.570     1205.090     1292.780     1395.980     1396.260
    40:     1396.470     1397.850     1398.460     1473.550     1476.340
    45:     1477.160     1560.540     1562.350     1563.050     1653.480
    50:     1742.830     1745.750     1833.270     1837.360     1922.340
    55:     1924.750     2013.750     2017.680     2104.680     2106.350
    60:     2194.760     2197.660     2285.850     2375.080     2467.420
    65:     2469.810     2556.700     2559.030     2643.760     2646.850
    70:     2648.430     2818.460     2819.860     2909.630     2998.720
    75:     3002.730     3087.490     3178.390     3179.190     3271.080
    80:     3273.100     3364.610     3456.650     3460.270     3558.560
    85:     3560.470     3638.030     3638.950     3640.460     3727.410
    90:     3727.990     3817.230     3908.990     3913.940     4016.920
    95:     4020.200     4106.000     4107.180     4107.710     4108.000
   100:     4180.000     4275.380     4276.060     4358.780     4462.610
   105:     4464.870     4466.430     4546.310     4550.260     4629.220
   110:     4632.510     4720.140     4722.050     4807.910     4812.910
   115:     4914.520     4919.130     5000.240     5003.240     5004.340
   120:     5077.650     5082.600     5165.560     5259.300     5352.970
   125:     5354.680     5434.980     5439.130     5522.640     5524.280
   130:     5616.670     5619.510     5707.650     5710.100     5711.490
   135:     5798.350     5889.470     5892.980     5981.070     5983.110
   140:     6166.370     6169.730     6258.100     6341.920     6520.520
   145:     6524.820     6619.340     6623.930     6706.470     6794.270
   150:     6878.960     6882.190     6883.810     6968.240     6969.010
   155:     6971.450     7068.330     7146.810     7237.100     7240.420
   160:     7323.850     7324.880     7412.570     7504.970     7506.170
   165:     7507.210     7508.540     7595.650     7598.730     7685.300
   170:     7685.610     7689.150     7776.430     7779.720     7875.560
   175:     7880.050     7966.480     8141.380     8142.350     8232.200
   180:     8234.590     8321.500     8407.920     8410.470     8412.860
   185:     8497.670     8589.600     8590.920     8593.430     8594.470
   190:     8683.160     8686.990     8771.830     8861.330     8950.870
   195:     8951.380     8953.590
M:
     0:       10.000       12.000       12.000       13.000       14.000
     5:       17.000       12.000       15.000       16.000       14.000
    10:       12.000       15.000       14.000       14.000       12.000
    15:       14.000       15.000       14.000       16.000       10.000
    20:       15.000       14.000       16.000       17.000       15.000
    25:       14.000       18.000       12.000       14.000       16.000
    30:       11.000       13.000       13.000       14.000       15.000
    35:       18.000       13.000       16.000       17.000       15.000
    40:       13.000       16.000       15.000       15.000       13.000
    45:       15.000       16.000       15.000       17.000       11.000
    50:       16.000       15.000       17.000       18.000       16.000
    55:       15.000       19.000       13.000       15.000       17.000
    60:       12.000       14.000       14.000       15.000       16.000
    65:       19.000       14.000       17.000       18.000       16.000
    70:       14.000       17.000       16.000       16.000       14.000
    75:       16.000       17.000       16.000       18.000       12.000
    80:       17.000       16.000       18.000       19.000       17.000
    85:       16.000       20.000       14.000       16.000       19.000
    90:       13.000       14.000       13.000       19.000       13.000
    95:       15.000       14.000       13.000       14.000
P:
     0:       61.670       62.170       62.670      148.570      149.070
     5:      149.570      242.080      242.580      243.080      323.800
    10:      324.300      324.800      414.960      415.460      415.960
    15:      505.600      506.100      506.600      596.250      596.750
    20:      597.250      685.060      685.560      686.060      775.170
    25:      775.670      776.170      865.660      866.160      866.660
    30:      953.410      953.910      954.410     1040.580     1041.080
    35:     1041.580     1129.570     1130.070     1130.570     1225.090
    40:     1225.590     1226.090     1312.780     1313.280     1313.780
    45:     1415.980     1416.480     1416.980     1493.550     1494.050
    50:     1494.550     1580.540     1581.040     1581.540     1673.480
    55:     1673.980     1674.480     1762.830     1763.330     1763.830
    60:     1853.270     1853.770     1854.270     1942.340     1942.840
    65:     1943.340     2033.750     2034.250     2034.750     2124.680
    70:     2125.180     2125.680     2214.760     2215.260     2215.760
    75:     2305.850     2306.350     2306.850     2395.080     2395.580
    80:     2396.080     2487.420     2487.920     2488.420     2576.700
    85:     2577.200     2577.700     2663.760     2664.260     2664.760
    90:     2838.460     2838.960     2839.460     2929.630     2930.130
    95:     2930.630     3018.720     3019.220     3019.720     3107.490
   100:     3107.990     3108.490     3198.390     3198.890     3199.390
   105:     3291.080     3291.580     3292.080     3384.610     3385.110
   110:     3385.610     3476.650     3477.150     3477.650     3578.560
   115:     3579.060     3579.560     3658.030     3658.530     3659.030
   120:     3747.410     3747.910     3748.410     3837.230     3837.730
   125:     3838.230     3928.990     3929.490     3929.990     4036.920
   130:     4037.420     4037.920     4126.000     4126.500     4127.000
   135:     4200.000     4200.500     4201.000     4295.380     4295.880
   140:     4296.380     4378.780     4379.280     4379.780     4482.610
   145:     4483.110     4483.610     4566.310     4566.810     4567.310
   150:     4649.220     4649.720     4650.220     4740.140     4740.640
   155:     4741.140     4827.910     4828.410     4828.910     4934.520
   160:     4935.020     4935.520     5020.240     5020.740     5021.240
   165:     5097.650     5098.150     5098.650     5185.560     5186.060
   170:     5186.560     5279.300     5279.800     5280.300     5372.970
   175:     5373.470     5373.970     5454.980     5455.480     5455.980
   180:     5542.640     5543.140     5543.640     5636.670     5637.170
   185:     5637.670     5727.650     5728.150     5728.650     5818.350
   190:     5818.850     5819.350     5909.470     5909.970     5910.470
   195:     6001.070     6001.570     6002.070     6186.370     6186.870
   200:     6187.370     6278.100     6278.600     6279.100     6361.920
   205:     6362.420     6362.920     6540.520     6541.020     6541.520
   210:     6639.340     6639.840     6640.340     6726.470     6726.970
   215:     6727.470     6814.270     6814.770     6815.270     6898.960
   220:     6899.460     6899.960     6988.240     6988.740     6989.240
   225:     7088.330     7088.830     7089.330     7166.810     7167.310
   230:     7167.810     7257.100     7257.600     7258.100     7343.850
   235:     7344.350     7344.850     7432.570     7433.070     7433.570
   240:     7524.970     7525.470     7525.970     7615.650     7616.150
   245:     7616.650     7705.300     7705.800     7706.300     7796.430
   250:     7796.930     7797.430     7895.560     7896.060     7896.560
   255:     7986.480     7986.980     7987.480     8161.380     8161.880
   260:     8162.380     8252.200     8252.700     8253.200     8341.500
   265:     8342.000     8342.500     8427.920     8428.420     8428.920
   270:     8517.670     8518.170     8518.670     8609.600     8610.100
   275:     8610.600     8703.160     8703.660     8704.160     8791.830
   280:     8792.330     8792.830     8881.330     8881.830     8882.330
   285:     8970.870     8971.370     8971.870
R:
     0:       41.670      128.570      222.080      303.800      394.960
     5:      485.600      576.250      665.060      755.170      845.660
    10:      933.410     1020.580     1109.570     1205.090     1292.780
    15:     1395.980     1473.550     1560.540     1653.480     1742.830
    20:     1833.270     1922.340     2013.750     2104.680     2194.760
    25:     2285.850     2375.080     2467.420     2556.700     2643.760
    30:     2818.460     2909.630     2998.720     3087.490     3178.390
    35:     3271.080     3364.610     3456.650     3558.560     3638.030
    40:     3727.410     3817.230     3908.990     4016.920     4106.000
    45:     4180.000     4275.380     4358.780     4462.610     4546.310
    50:     4629.220     4720.140     4807.910     4914.520     5000.240
    55:     5077.650     5165.560     5259.300     5352.970     5434.980
    60:     5522.640     5616.670     5707.650     5798.350     5889.470
    65:     5981.070     6166.370     6258.100     6341.920     6520.520
    70:     6619.340     6706.470     6794.270     6878.960     6968.240
    75:     7068.330     7146.810     7237.100     7323.850     7412.570
    80:     7504.970     7595.650     7685.300     7776.430     7875.560
    85:     7966.480     8141.380     8232.200     8321.500     8407.920
    90:     8497.670     8589.600     8683.160     8771.830     8861.330
    95:     8950.870
V:
W:
     0:        1.000        1.000        1.000        1.000        1.000
     5:        1.000        1.000        1.000        1.000        1.000
    10:        1.000        1.000        1.000        1.000        1.000
    15:        1.000        1.000        1.000        1.000        1.000
    20:        1.000        1.000        1.000        1.000        1.000
    25:        1.000        1.000        1.000        1.000        1.000
    30:        1.000        1.000        1.000        1.000        1.000
    35:        1.000
X:
     0:       15.000       15.150      102.000      102.150      189.000
     5:      189.150      278.000      278.150      369.000      369.150
    10:      458.000      458.150      550.000      550.150      639.000
    15:      639.150      729.000      729.150      820.000      820.150
    20:      908.000      908.150      995.000      995.150     1084.000
    25:     1084.150     1177.000     1177.150     1267.000     1267.150
    30:     1357.000     1357.150     1444.000     1444.150     1535.000
    35:     1535.150     1626.000     1626.150     1717.000     1717.150
    40:     1805.000     1805.150     1895.000     1895.150     1988.000
    45:     1988.150     2078.000     2078.150     2169.000     2169.150
    50:     2260.000     2260.150     2349.000     2349.150     2439.000
    55:     2439.150     2531.000     2531.150     2618.000     2618.150
    60:     2703.000     2703.150     2793.000     2793.150     2884.000
    65:     2884.150     2973.000     2973.150     3062.000     3062.150
    70:     3152.000     3152.150     3245.000     3245.150     3339.000
    75:     3339.150     3431.000     3431.150     3522.000     3522.150
    80:     3612.000     3612.150     3702.000     3702.150     3791.000
    85:     3791.150     3882.000     3882.150     3972.000     3972.150
    90:     4066.000     4066.150     4154.000     4154.150     4244.000
    95:     4244.150     4333.000     4333.150     4425.000     4425.150
   100:     4513.000     4513.150     4599.000     4599.150     4694.000
   105:     4694.150     4782.000     4782.150     4873.000     4873.150
   110:     4966.000     4966.150     5052.000     5052.150     5140.000
   115:     5140.150     5232.000     5232.150     5324.000     5324.150
   120:     5409.000     5409.150     5497.000     5497.150     5591.000
   125:     5591.150     5680.000     5680.150     5772.000     5772.150
   130:     5863.000     5863.150     5952.000     5952.150     6040.000
   135:     6040.150     6130.000     6130.150     6224.000     6224.150
   140:     6315.000     6315.150     6403.000     6403.150     6494.000
   145:     6494.150     6585.000     6585.150     6676.000     6676.150
   150:     6763.000     6763.150     6853.000     6853.150     6942.000
   155:     6942.150     7034.000     7034.150     7121.000     7121.150
   160:     7210.000     7210.150     7298.000     7298.150     7387.000
   165:     7387.150     7479.000     7479.150     7568.000     7568.150
   170:     7659.000     7659.150     7751.000     7751.150     7844.000
   175:     7844.150     7936.000     7936.150     8024.000     8024.150
   180:     8113.000     8113.150     8206.000     8206.150     8295.000
   185:     8295.150     8382.000     8382.150     8472.000     8472.150
   190:     8563.000     8563.150     8657.000     8657.150     8746.000
   195:     8746.150     8835.000     8835.150     8925.000     8925.150
Y:
Z:
     0:        0.000       96.000      197.000        4.000       17.000
     5:        0.000      288.000      200.000        0.000        0.000
    10:        0.000     2337.000       33.000        0.000        0.000
    15:        0.000
