File: C:\MED-PC IV\Data\Tarun\RM-B12_RM036\postBaseplate\R24\S03_R24_FR1_20s_100trials


Start Date: 05/22/17
End Date: 05/22/17
Subject: 24
Experiment: 0
Group: 0
Box: 4
Start Time: 13:22:25
End Time: 15:52:57
MSN: MiniScope_FR1-3p_100trials_01182017
A:       0.000
E:       0.000
J:     101.000
N:       0.000
O:       0.000
Q:       0.000
S:       0.000
T:    9016.000
U:       0.000
B:
     0:        0.000       10.000       10.000       15.000       20.000
     5:       20.000       20.000       10.000       16.000      100.000
    10:        1.000        3.000       15.000        0.010        1.000
    15:        0.000        0.000        5.000       20.000        5.000
C:
     0:      100.000       85.000      174.000        0.000        4.243
     5:        0.000      255.000       85.000        0.000        4.243
    10:        0.000     1594.000       85.000        0.000       15.020
    15:        1.000        1.000        3.000        0.000        2.850
    20:        1.000        3.000        1.000        0.000        2.850
    25:        1.000       13.000        0.000        0.000       16.000
    30:        2.000        1.000        2.000        0.000        6.150
    35:        2.000        3.000        1.000        0.000        6.150
    40:        2.000       26.000        2.000        0.000       15.000
    45:        3.000        1.000        3.000        0.000        0.680
    50:        3.000        3.000        1.000        0.000        0.680
    55:        3.000       29.000        0.000        0.000       16.000
    60:        4.000        1.000        3.000        0.000        1.140
    65:        4.000        3.000        1.000        0.000        1.140
    70:        4.000       31.000        0.000        0.000       16.000
    75:        5.000        1.000        1.000        0.000        0.880
    80:        5.000        3.000        1.000        0.000        0.880
    85:        5.000        2.000        0.000        0.000       15.000
    90:        6.000        1.000        2.000        0.000        0.870
    95:        6.000        3.000        1.000        0.000        0.870
   100:        6.000       25.000        2.000        0.000       16.000
   105:        7.000        1.000        4.000        0.000        1.000
   110:        7.000        3.000        1.000        0.000        1.000
   115:        7.000       29.000        0.000        0.000       20.000
   120:        8.000        1.000        2.000        0.000        1.370
   125:        8.000        3.000        1.000        0.000        1.370
   130:        8.000       13.000        0.000        0.000       12.000
   135:        9.000        1.000        1.000        0.000        0.690
   140:        9.000        3.000        1.000        0.000        0.690
   145:        9.000       34.000        0.000        0.000       13.000
   150:       10.000        1.000        3.000        0.000        1.450
   155:       10.000        3.000        1.000        0.000        1.450
   160:       10.000       21.000        0.000        0.000       13.000
   165:       11.000        1.000        3.000        0.000        1.020
   170:       11.000        3.000        1.000        0.000        1.020
   175:       11.000       23.000        0.000        0.000       16.000
   180:       12.000        1.000        2.000        0.000        1.390
   185:       12.000        3.000        1.000        0.000        1.390
   190:       12.000       18.000        0.000        0.000       14.000
   195:       13.000        1.000        1.000        0.000        0.940
   200:       13.000        3.000        1.000        0.000        0.940
   205:       13.000       37.000        0.000        0.000       10.000
   210:       14.000        1.000        4.000        0.000        0.490
   215:       14.000        3.000        1.000        0.000        0.490
   220:       14.000       23.000        1.000        0.000       11.000
   225:       15.000        1.000        1.000        0.000        0.740
   230:       15.000        3.000        1.000        0.000        0.740
   235:       15.000       23.000        0.000        0.000       14.000
   240:       16.000        1.000        2.000        0.000        0.740
   245:       16.000        3.000        1.000        0.000        0.740
   250:       16.000       15.000        0.000        0.000       16.000
   255:       17.000        1.000        1.000        0.000        1.040
   260:       17.000        3.000        1.000        0.000        1.040
   265:       17.000       27.000        0.000        0.000       17.000
   270:       18.000        1.000        4.000        0.000        0.920
   275:       18.000        3.000        1.000        0.000        0.920
   280:       18.000       30.000        0.000        0.000       17.000
   285:       19.000        1.000        1.000        0.000        0.850
   290:       19.000        3.000        1.000        0.000        0.850
   295:       19.000       32.000        0.000        0.000       13.000
   300:       20.000        1.000        3.000        0.000        3.820
   305:       20.000        3.000        1.000        0.000        3.820
   310:       20.000       34.000        0.000        0.000       14.000
   315:       21.000        1.000        3.000        0.000        2.110
   320:       21.000        3.000        1.000        0.000        2.110
   325:       21.000       27.000        0.000        0.000       12.000
   330:       22.000        1.000        2.000        0.000        0.810
   335:       22.000        3.000        1.000        0.000        0.810
   340:       22.000       23.000        0.000        0.000       15.000
   345:       23.000        1.000        1.000        0.000        1.380
   350:       23.000        3.000        1.000        0.000        1.380
   355:       23.000       16.000        0.000        0.000       12.000
   360:       24.000        1.000        1.000        0.000        4.750
   365:       24.000        3.000        1.000        0.000        4.750
   370:       24.000       24.000        0.000        0.000       15.000
   375:       25.000        1.000        4.000        0.000        1.510
   380:       25.000        3.000        1.000        0.000        1.510
   385:       25.000       27.000        0.000        0.000       14.000
   390:       26.000        1.000        1.000        0.000        4.610
   395:       26.000        3.000        1.000        0.000        4.610
   400:       26.000        2.000        0.000        0.000       15.000
   405:       27.000        1.000        1.000        0.000        1.050
   410:       27.000        3.000        1.000        0.000        1.050
   415:       27.000        7.000        0.000        0.000       14.000
   420:       28.000        1.000        1.000        0.000        0.780
   425:       28.000        3.000        1.000        0.000        0.780
   430:       28.000        7.000        0.000        0.000       12.000
   435:       29.000        1.000        2.000        0.000        2.210
   440:       29.000        3.000        1.000        0.000        2.210
   445:       29.000       37.000        0.000        0.000       16.000
   450:       30.000        1.000        2.000        0.000        0.940
   455:       30.000        3.000        1.000        0.000        0.940
   460:       30.000       37.000        0.000        0.000       15.000
   465:       31.000        1.000        2.000        0.000        0.940
   470:       31.000        3.000        1.000        0.000        0.940
   475:       31.000       31.000        0.000        0.000       14.000
   480:       32.000        1.000        1.000        0.000        2.970
   485:       32.000        3.000        1.000        0.000        2.970
   490:       32.000       12.000        0.000        0.000       12.000
   495:       33.000        1.000        1.000        0.000        1.030
   500:       33.000        3.000        1.000        0.000        1.030
   505:       33.000       10.000        0.000        0.000       13.000
   510:       34.000        1.000        1.000        0.000        0.780
   515:       34.000        3.000        1.000        0.000        0.780
   520:       34.000       14.000        1.000        0.000       14.000
   525:       35.000        1.000        2.000        0.000        3.730
   530:       35.000        3.000        1.000        0.000        3.730
   535:       35.000        9.000        0.000        0.000       14.000
   540:       36.000        1.000        3.000        0.000        1.190
   545:       36.000        3.000        1.000        0.000        1.190
   550:       36.000        4.000        0.000        0.000       15.000
   555:       37.000        1.000        2.000        0.000        8.670
   560:       37.000        3.000        1.000        0.000        8.670
   565:       37.000       14.000        0.000        0.000       16.000
   570:       38.000        1.000        3.000        0.000       12.300
   575:       38.000        3.000        1.000        0.000       12.300
   580:       38.000       16.000        0.000        0.000       15.000
   585:       39.000        1.000        3.000        0.000        9.560
   590:       39.000        3.000        1.000        0.000        9.560
   595:       39.000        7.000        0.000        0.000       17.000
   600:       40.000        1.000        2.000        0.000        0.990
   605:       40.000        3.000        1.000        0.000        0.990
   610:       40.000       19.000        0.000        0.000       14.000
   615:       41.000        0.000        0.000        0.000       20.000
   620:       41.000        0.000        0.000        0.000       20.000
   625:       41.000       14.000       10.000        0.000       17.000
   630:       42.000        0.000        0.000        0.000       20.000
   635:       42.000        0.000        0.000        0.000       20.000
   640:       42.000        0.000        4.000        0.000       15.000
   645:       43.000        1.000        1.000        0.000        1.210
   650:       43.000        3.000        1.000        0.000        1.210
   655:       43.000        7.000        0.000        0.000       14.000
   660:       44.000        1.000        2.000        0.000       12.780
   665:       44.000        3.000        1.000        0.000       12.780
   670:       44.000       18.000        0.000        0.000       13.000
   675:       45.000        1.000        4.000        0.000       10.100
   680:       45.000        3.000        1.000        0.000       10.100
   685:       45.000        9.000        0.000        0.000       17.000
   690:       46.000        0.000        0.000        0.000       20.000
   695:       46.000        0.000        0.000        0.000       20.000
   700:       46.000        3.000       20.000        0.000       17.000
   705:       47.000        1.000        4.000        0.000        4.510
   710:       47.000        3.000        1.000        0.000        4.510
   715:       47.000       27.000        3.000        0.000       16.000
   720:       48.000        1.000        5.000        0.000        6.280
   725:       48.000        3.000        1.000        0.000        6.280
   730:       48.000       13.000        0.000        0.000       18.000
   735:       49.000        1.000        1.000        0.000        1.540
   740:       49.000        3.000        1.000        0.000        1.540
   745:       49.000       18.000        0.000        0.000       18.000
   750:       50.000        1.000        1.000        0.000       15.210
   755:       50.000        3.000        1.000        0.000       15.210
   760:       50.000       26.000        0.000        0.000       16.000
   765:       51.000        1.000        1.000        0.000        6.580
   770:       51.000        3.000        1.000        0.000        6.580
   775:       51.000        6.000        0.000        0.000       18.000
   780:       52.000        1.000        1.000        0.000       12.110
   785:       52.000        3.000        1.000        0.000       12.110
   790:       52.000       17.000        0.000        0.000       19.000
   795:       53.000        0.000        0.000        0.000       20.000
   800:       53.000        0.000        0.000        0.000       20.000
   805:       53.000        2.000        1.000        0.000       17.000
   810:       54.000        1.000        2.000        0.000        0.650
   815:       54.000        3.000        1.000        0.000        0.650
   820:       54.000       13.000        0.000        0.000       14.000
   825:       55.000        1.000        2.000        0.000        1.620
   830:       55.000        3.000        1.000        0.000        1.620
   835:       55.000       11.000        0.000        0.000       15.000
   840:       56.000        1.000        3.000        0.000        2.450
   845:       56.000        3.000        1.000        0.000        2.450
   850:       56.000       27.000        0.000        0.000       12.000
   855:       57.000        0.000        0.000        0.000       20.000
   860:       57.000        0.000        0.000        0.000       20.000
   865:       57.000        0.000        0.000        0.000       17.000
   870:       58.000        1.000        1.000        0.000        7.800
   875:       58.000        3.000        1.000        0.000        7.800
   880:       58.000        7.000        0.000        0.000       14.000
   885:       59.000        1.000        3.000        0.000        6.050
   890:       59.000        3.000        1.000        0.000        6.050
   895:       59.000       13.000        0.000        0.000       12.000
   900:       60.000        1.000        3.000        0.000        2.870
   905:       60.000        3.000        1.000        0.000        2.870
   910:       60.000        5.000        0.000        0.000       16.000
   915:       61.000        1.000        1.000        0.000        7.690
   920:       61.000        3.000        1.000        0.000        7.690
   925:       61.000       13.000        0.000        0.000       14.000
   930:       62.000        1.000        2.000        0.000        6.380
   935:       62.000        3.000        1.000        0.000        6.380
   940:       62.000       17.000        0.000        0.000       15.000
   945:       63.000        1.000        2.000        0.000        6.680
   950:       63.000        3.000        1.000        0.000        6.680
   955:       63.000       14.000        0.000        0.000       11.000
   960:       64.000        0.000        0.000        0.000       20.000
   965:       64.000        0.000        0.000        0.000       20.000
   970:       64.000        0.000        0.000        0.000       13.000
   975:       65.000        1.000        1.000        0.000        2.750
   980:       65.000        3.000        1.000        0.000        2.750
   985:       65.000       25.000        0.000        0.000       12.000
   990:       66.000        1.000        2.000        0.000        2.510
   995:       66.000        3.000        1.000        0.000        2.510
  1000:       66.000       17.000        0.000        0.000       16.000
  1005:       67.000        1.000        1.000        0.000        1.160
  1010:       67.000        3.000        1.000        0.000        1.160
  1015:       67.000       19.000        0.000        0.000       14.000
  1020:       68.000        1.000        1.000        0.000        4.730
  1025:       68.000        3.000        1.000        0.000        4.730
  1030:       68.000       19.000        0.000        0.000       16.000
  1035:       69.000        1.000        2.000        0.000       10.420
  1040:       69.000        3.000        1.000        0.000       10.420
  1045:       69.000       16.000        0.000        0.000       17.000
  1050:       70.000        0.000        0.000        0.000       20.000
  1055:       70.000        0.000        0.000        0.000       20.000
  1060:       70.000        1.000        1.000        0.000       10.000
  1065:       71.000        1.000        2.000        0.000       19.470
  1070:       71.000        3.000        1.000        0.000       19.470
  1075:       71.000       27.000        3.000        0.000       13.000
  1080:       72.000        1.000        1.000        0.000        2.430
  1085:       72.000        3.000        1.000        0.000        2.430
  1090:       72.000        5.000        0.000        0.000       13.000
  1095:       73.000        0.000        0.000        0.000       20.000
  1100:       73.000        0.000        0.000        0.000       20.000
  1105:       73.000        0.000        3.000        0.000       13.000
  1110:       74.000        1.000        2.000        0.000        1.360
  1115:       74.000        3.000        1.000        0.000        1.360
  1120:       74.000       34.000        0.000        0.000       16.000
  1125:       75.000        1.000        2.000        0.000        0.880
  1130:       75.000        3.000        1.000        0.000        0.880
  1135:       75.000       19.000        0.000        0.000       17.000
  1140:       76.000        1.000        3.000        0.000        6.900
  1145:       76.000        3.000        1.000        0.000        6.900
  1150:       76.000       23.000        0.000        0.000       16.000
  1155:       77.000        1.000        3.000        0.000        4.520
  1160:       77.000        3.000        1.000        0.000        4.520
  1165:       77.000       20.000        0.000        0.000       16.000
  1170:       78.000        0.000        0.000        0.000       20.000
  1175:       78.000        0.000        0.000        0.000       20.000
  1180:       78.000        1.000       10.000        0.000       19.000
  1185:       79.000        0.000        0.000        0.000       20.000
  1190:       79.000        0.000        0.000        0.000       20.000
  1195:       79.000       23.000       16.000        0.000       13.000
  1200:       80.000        1.000        2.000        0.000        2.180
  1205:       80.000        3.000        1.000        0.000        2.180
  1210:       80.000        6.000        0.000        0.000       18.000
  1215:       81.000        0.000        0.000        0.000       20.000
  1220:       81.000        0.000        0.000        0.000       20.000
  1225:       81.000        0.000        0.000        0.000       15.000
  1230:       82.000        1.000        1.000        0.000        5.580
  1235:       82.000        3.000        1.000        0.000        5.580
  1240:       82.000       10.000        0.000        0.000       19.000
  1245:       83.000        0.000        0.000        0.000       20.000
  1250:       83.000        0.000        0.000        0.000       20.000
  1255:       83.000        0.000        0.000        0.000       17.000
  1260:       84.000        1.000        1.000        0.000        2.990
  1265:       84.000        3.000        1.000        0.000        2.990
  1270:       84.000       15.000        0.000        0.000       14.000
  1275:       85.000        1.000        4.000        0.000        9.390
  1280:       85.000        3.000        1.000        0.000        9.390
  1285:       85.000       18.000        0.000        0.000       19.000
  1290:       86.000        1.000        2.000        0.000        6.290
  1295:       86.000        3.000        1.000        0.000        6.290
  1300:       86.000        9.000        0.000        0.000       13.000
  1305:       87.000        1.000        3.000        0.000        7.370
  1310:       87.000        3.000        1.000        0.000        7.370
  1315:       87.000       13.000        0.000        0.000       14.000
  1320:       88.000        1.000        1.000        0.000        7.080
  1325:       88.000        3.000        1.000        0.000        7.080
  1330:       88.000       12.000        0.000        0.000       14.000
  1335:       89.000        1.000        1.000        0.000       18.080
  1340:       89.000        3.000        1.000        0.000       18.080
  1345:       89.000       18.000        3.000        0.000       15.000
  1350:       90.000        1.000        1.000        0.000        0.820
  1355:       90.000        3.000        1.000        0.000        0.820
  1360:       90.000       28.000        0.000        0.000       18.000
  1365:       91.000        0.000        0.000        0.000       20.000
  1370:       91.000        0.000        0.000        0.000       20.000
  1375:       91.000        1.000        0.000        0.000       18.000
  1380:       92.000        0.000        0.000        0.000       20.000
  1385:       92.000        0.000        0.000        0.000       20.000
  1390:       92.000       13.000        5.000        0.000       15.000
  1395:       93.000        1.000        3.000        0.000       11.880
  1400:       93.000        3.000        1.000        0.000       11.880
  1405:       93.000       23.000        0.000        0.000       16.000
  1410:       94.000        1.000        2.000        0.000        8.620
  1415:       94.000        3.000        1.000        0.000        8.620
  1420:       94.000       15.000        0.000        0.000       16.000
  1425:       95.000        1.000        2.000        0.000        1.600
  1430:       95.000        3.000        1.000        0.000        1.600
  1435:       95.000        7.000        0.000        0.000       14.000
  1440:       96.000        1.000        1.000        0.000        5.590
  1445:       96.000        3.000        1.000        0.000        5.590
  1450:       96.000        9.000        0.000        0.000       14.000
  1455:       97.000        0.000        0.000        0.000       20.000
  1460:       97.000        0.000        0.000        0.000       20.000
  1465:       97.000        0.000        0.000        0.000       15.000
  1470:       98.000        1.000        5.000        0.000        9.910
  1475:       98.000        3.000        1.000        0.000        9.910
  1480:       98.000       16.000        0.000        0.000       19.000
  1485:       99.000        1.000        1.000        0.000        1.410
  1490:       99.000        3.000        1.000        0.000        1.410
  1495:       99.000        6.000        0.000        0.000       15.000
  1500:      100.000        1.000        1.000        0.000        0.920
  1505:      100.000        3.000        1.000        0.000        0.920
  1510:      100.000       18.000        0.000        0.000       16.000
D:
     0:        0.000        0.000        0.000        0.000        0.000
     5:        0.000        0.000        0.000        0.000        0.000
    10:        0.000        0.000        0.000        0.000        0.000
    15:        1.000       15.000       90.000       40.000       47.850
    20:        1.000       62.850       63.850       42.850       62.850
    25:        1.000       25.000       80.000       15.000       15.150
    30:        2.000      106.000      181.000      131.000      142.150
    35:        2.000      157.150      158.150      137.150      157.150
    40:        2.000      116.000      171.000      106.000      106.150
    45:        3.000      196.000      271.000      221.000      226.680
    50:        3.000      241.680      242.680      221.680      241.680
    55:        3.000      206.000      261.000      196.000      196.150
    60:        4.000      287.000      362.000      312.000      318.140
    65:        4.000      333.140      334.140      313.140      333.140
    70:        4.000      297.000      352.000      287.000      287.150
    75:        5.000      378.000      453.000      403.000      408.880
    80:        5.000      423.880      424.880      403.880      423.880
    85:        5.000      388.000      443.000      378.000      378.150
    90:        6.000      468.000      543.000      493.000      498.870
    95:        6.000      513.870      514.870      493.870      513.870
   100:        6.000      478.000      533.000      468.000      468.150
   105:        7.000      559.000      634.000      584.000      590.000
   110:        7.000      605.000      606.000      585.000      605.000
   115:        7.000      569.000      624.000      559.000      559.150
   120:        8.000      654.000      729.000      679.000      685.370
   125:        8.000      700.370      701.370      680.370      700.370
   130:        8.000      664.000      719.000      654.000      654.150
   135:        9.000      741.000      816.000      766.000      771.690
   140:        9.000      786.690      787.690      766.690      786.690
   145:        9.000      751.000      806.000      741.000      741.150
   150:       10.000      829.000      904.000      854.000      860.450
   155:       10.000      875.450      876.450      855.450      875.450
   160:       10.000      839.000      894.000      829.000      829.150
   165:       11.000      917.000      992.000      942.000      948.020
   170:       11.000      963.020      964.020      943.020      963.020
   175:       11.000      927.000      982.000      917.000      917.150
   180:       12.000     1008.000     1083.000     1033.000     1039.390
   185:       12.000     1054.390     1055.390     1034.390     1054.390
   190:       12.000     1018.000     1073.000     1008.000     1008.150
   195:       13.000     1097.000     1172.000     1122.000     1127.940
   200:       13.000     1142.940     1143.940     1122.940     1142.940
   205:       13.000     1107.000     1162.000     1097.000     1097.150
   210:       14.000     1182.000     1257.000     1207.000     1212.490
   215:       14.000     1227.490     1228.490     1207.490     1227.490
   220:       14.000     1192.000     1247.000     1182.000     1182.150
   225:       15.000     1268.000     1343.000     1293.000     1298.740
   230:       15.000     1313.740     1314.740     1293.740     1313.740
   235:       15.000     1278.000     1333.000     1268.000     1268.150
   240:       16.000     1357.000     1432.000     1382.000     1387.740
   245:       16.000     1402.740     1403.740     1382.740     1402.740
   250:       16.000     1367.000     1422.000     1357.000     1357.150
   255:       17.000     1448.000     1523.000     1473.000     1479.040
   260:       17.000     1494.040     1495.040     1474.040     1494.040
   265:       17.000     1458.000     1513.000     1448.000     1448.150
   270:       18.000     1540.000     1615.000     1565.000     1570.920
   275:       18.000     1585.920     1586.920     1565.920     1585.920
   280:       18.000     1550.000     1605.000     1540.000     1540.150
   285:       19.000     1632.000     1707.000     1657.000     1662.850
   290:       19.000     1677.850     1678.850     1657.850     1677.850
   295:       19.000     1642.000     1697.000     1632.000     1632.150
   300:       20.000     1720.000     1795.000     1745.000     1753.820
   305:       20.000     1768.820     1769.820     1748.820     1768.820
   310:       20.000     1730.000     1785.000     1720.000     1720.150
   315:       21.000     1809.000     1884.000     1834.000     1841.110
   320:       21.000     1856.110     1857.110     1836.110     1856.110
   325:       21.000     1819.000     1874.000     1809.000     1809.150
   330:       22.000     1896.000     1971.000     1921.000     1926.810
   335:       22.000     1941.810     1942.810     1921.810     1941.810
   340:       22.000     1906.000     1961.000     1896.000     1896.150
   345:       23.000     1986.000     2061.000     2011.000     2017.380
   350:       23.000     2032.380     2033.380     2012.380     2032.380
   355:       23.000     1996.000     2051.000     1986.000     1986.150
   360:       24.000     2073.000     2148.000     2098.000     2107.750
   365:       24.000     2122.750     2123.750     2102.750     2122.750
   370:       24.000     2083.000     2138.000     2073.000     2073.150
   375:       25.000     2163.000     2238.000     2188.000     2194.510
   380:       25.000     2209.510     2210.510     2189.510     2209.510
   385:       25.000     2173.000     2228.000     2163.000     2163.150
   390:       26.000     2252.000     2327.000     2277.000     2286.610
   395:       26.000     2301.610     2302.610     2281.610     2301.610
   400:       26.000     2262.000     2317.000     2252.000     2252.150
   405:       27.000     2342.000     2417.000     2367.000     2373.050
   410:       27.000     2388.050     2389.050     2368.050     2388.050
   415:       27.000     2352.000     2407.000     2342.000     2342.150
   420:       28.000     2431.000     2506.000     2456.000     2461.780
   425:       28.000     2476.780     2477.780     2456.780     2476.780
   430:       28.000     2441.000     2496.000     2431.000     2431.150
   435:       29.000     2518.000     2593.000     2543.000     2550.210
   440:       29.000     2565.210     2566.210     2545.210     2565.210
   445:       29.000     2528.000     2583.000     2518.000     2518.150
   450:       30.000     2609.000     2684.000     2634.000     2639.940
   455:       30.000     2654.940     2655.940     2634.940     2654.940
   460:       30.000     2619.000     2674.000     2609.000     2609.150
   465:       31.000     2699.000     2774.000     2724.000     2729.940
   470:       31.000     2744.940     2745.940     2724.940     2744.940
   475:       31.000     2709.000     2764.000     2699.000     2699.150
   480:       32.000     2788.000     2863.000     2813.000     2820.970
   485:       32.000     2835.970     2836.970     2815.970     2835.970
   490:       32.000     2798.000     2853.000     2788.000     2788.150
   495:       33.000     2875.000     2950.000     2900.000     2906.030
   500:       33.000     2921.030     2922.030     2901.030     2921.030
   505:       33.000     2885.000     2940.000     2875.000     2875.150
   510:       34.000     2963.000     3038.000     2988.000     2993.780
   515:       34.000     3008.780     3009.780     2988.780     3008.780
   520:       34.000     2973.000     3028.000     2963.000     2963.150
   525:       35.000     3052.000     3127.000     3077.000     3085.730
   530:       35.000     3100.730     3101.730     3080.730     3100.730
   535:       35.000     3062.000     3117.000     3052.000     3052.150
   540:       36.000     3141.000     3216.000     3166.000     3172.190
   545:       36.000     3187.190     3188.190     3167.190     3187.190
   550:       36.000     3151.000     3206.000     3141.000     3141.150
   555:       37.000     3231.000     3306.000     3256.000     3269.670
   560:       37.000     3284.670     3285.670     3264.670     3284.670
   565:       37.000     3241.000     3296.000     3231.000     3231.150
   570:       38.000     3322.000     3397.000     3347.000     3364.300
   575:       38.000     3379.300     3380.300     3359.300     3379.300
   580:       38.000     3332.000     3387.000     3322.000     3322.150
   585:       39.000     3412.000     3487.000     3437.000     3451.560
   590:       39.000     3466.560     3467.560     3446.560     3466.560
   595:       39.000     3422.000     3477.000     3412.000     3412.150
   600:       40.000     3504.000     3579.000     3529.000     3534.990
   605:       40.000     3549.990     3550.990     3529.990     3549.990
   610:       40.000     3514.000     3569.000     3504.000     3504.150
   615:       41.000     3593.000     3668.000     3618.000     3638.000
   620:       41.000        0.000        0.000        0.000        0.000
   625:       41.000     3603.000     3658.000     3593.000     3593.150
   630:       42.000     3685.000     3760.000     3710.000     3730.000
   635:       42.000        0.000        0.000        0.000        0.000
   640:       42.000     3695.000     3750.000     3685.000     3685.150
   645:       43.000     3775.000     3850.000     3800.000     3806.210
   650:       43.000     3821.210     3822.210     3801.210     3821.210
   655:       43.000     3785.000     3840.000     3775.000     3775.150
   660:       44.000     3864.000     3939.000     3889.000     3906.780
   665:       44.000     3921.780     3922.780     3901.780     3921.780
   670:       44.000     3874.000     3929.000     3864.000     3864.150
   675:       45.000     3952.000     4027.000     3977.000     3992.100
   680:       45.000     4007.100     4008.100     3987.100     4007.100
   685:       45.000     3962.000     4017.000     3952.000     3952.150
   690:       46.000     4044.000     4119.000     4069.000     4089.000
   695:       46.000        0.000        0.000        0.000        0.000
   700:       46.000     4054.000     4109.000     4044.000     4044.150
   705:       47.000     4136.000     4211.000     4161.000     4170.510
   710:       47.000     4185.510     4186.510     4165.510     4185.510
   715:       47.000     4146.000     4201.000     4136.000     4136.150
   720:       48.000     4227.000     4302.000     4252.000     4263.280
   725:       48.000     4278.280     4279.280     4258.280     4278.280
   730:       48.000     4237.000     4292.000     4227.000     4227.150
   735:       49.000     4320.000     4395.000     4345.000     4351.540
   740:       49.000     4366.540     4367.540     4346.540     4366.540
   745:       49.000     4330.000     4385.000     4320.000     4320.150
   750:       50.000     4413.000     4488.000     4438.000     4458.210
   755:       50.000     4473.210     4474.210     4453.210     4473.210
   760:       50.000     4423.000     4478.000     4413.000     4413.150
   765:       51.000     4504.000     4579.000     4529.000     4540.580
   770:       51.000     4555.580     4556.580     4535.580     4555.580
   775:       51.000     4514.000     4569.000     4504.000     4504.150
   780:       52.000     4597.000     4672.000     4622.000     4639.110
   785:       52.000     4654.110     4655.110     4634.110     4654.110
   790:       52.000     4607.000     4662.000     4597.000     4597.150
   795:       53.000     4691.000     4766.000     4716.000     4736.000
   800:       53.000        0.000        0.000        0.000        0.000
   805:       53.000     4701.000     4756.000     4691.000     4691.150
   810:       54.000     4783.000     4858.000     4808.000     4813.650
   815:       54.000     4828.650     4829.650     4808.650     4828.650
   820:       54.000     4793.000     4848.000     4783.000     4783.150
   825:       55.000     4872.000     4947.000     4897.000     4903.620
   830:       55.000     4918.620     4919.620     4898.620     4918.620
   835:       55.000     4882.000     4937.000     4872.000     4872.150
   840:       56.000     4962.000     5037.000     4987.000     4994.450
   845:       56.000     5009.450     5010.450     4989.450     5009.450
   850:       56.000     4972.000     5027.000     4962.000     4962.150
   855:       57.000     5049.000     5124.000     5074.000     5094.000
   860:       57.000        0.000        0.000        0.000        0.000
   865:       57.000     5059.000     5114.000     5049.000     5049.150
   870:       58.000     5141.000     5216.000     5166.000     5178.800
   875:       58.000     5193.800     5194.800     5173.800     5193.800
   880:       58.000     5151.000     5206.000     5141.000     5141.150
   885:       59.000     5230.000     5305.000     5255.000     5266.050
   890:       59.000     5281.050     5282.050     5261.050     5281.050
   895:       59.000     5240.000     5295.000     5230.000     5230.150
   900:       60.000     5317.000     5392.000     5342.000     5349.870
   905:       60.000     5364.870     5365.870     5344.870     5364.870
   910:       60.000     5327.000     5382.000     5317.000     5317.150
   915:       61.000     5408.000     5483.000     5433.000     5445.690
   920:       61.000     5460.690     5461.690     5440.690     5460.690
   925:       61.000     5418.000     5473.000     5408.000     5408.150
   930:       62.000     5497.000     5572.000     5522.000     5533.380
   935:       62.000     5548.380     5549.380     5528.380     5548.380
   940:       62.000     5507.000     5562.000     5497.000     5497.150
   945:       63.000     5587.000     5662.000     5612.000     5623.680
   950:       63.000     5638.680     5639.680     5618.680     5638.680
   955:       63.000     5597.000     5652.000     5587.000     5587.150
   960:       64.000     5673.000     5748.000     5698.000     5718.000
   965:       64.000        0.000        0.000        0.000        0.000
   970:       64.000     5683.000     5738.000     5673.000     5673.150
   975:       65.000     5761.000     5836.000     5786.000     5793.750
   980:       65.000     5808.750     5809.750     5788.750     5808.750
   985:       65.000     5771.000     5826.000     5761.000     5761.150
   990:       66.000     5848.000     5923.000     5873.000     5880.510
   995:       66.000     5895.510     5896.510     5875.510     5895.510
  1000:       66.000     5858.000     5913.000     5848.000     5848.150
  1005:       67.000     5939.000     6014.000     5964.000     5970.160
  1010:       67.000     5985.160     5986.160     5965.160     5985.160
  1015:       67.000     5949.000     6004.000     5939.000     5939.150
  1020:       68.000     6028.000     6103.000     6053.000     6062.730
  1025:       68.000     6077.730     6078.730     6057.730     6077.730
  1030:       68.000     6038.000     6093.000     6028.000     6028.150
  1035:       69.000     6119.000     6194.000     6144.000     6159.420
  1040:       69.000     6174.420     6175.420     6154.420     6174.420
  1045:       69.000     6129.000     6184.000     6119.000     6119.150
  1050:       70.000     6211.000     6286.000     6236.000     6256.000
  1055:       70.000        0.000        0.000        0.000        0.000
  1060:       70.000     6221.000     6276.000     6211.000     6211.150
  1065:       71.000     6296.000     6371.000     6321.000     6345.470
  1070:       71.000     6360.470     6361.470     6340.470     6360.470
  1075:       71.000     6306.000     6361.000     6296.000     6296.150
  1080:       72.000     6384.000     6459.000     6409.000     6416.430
  1085:       72.000     6431.430     6432.430     6411.430     6431.430
  1090:       72.000     6394.000     6449.000     6384.000     6384.150
  1095:       73.000     6472.000     6547.000     6497.000     6517.000
  1100:       73.000        0.000        0.000        0.000        0.000
  1105:       73.000     6482.000     6537.000     6472.000     6472.150
  1110:       74.000     6560.000     6635.000     6585.000     6591.360
  1115:       74.000     6606.360     6607.360     6586.360     6606.360
  1120:       74.000     6570.000     6625.000     6560.000     6560.150
  1125:       75.000     6651.000     6726.000     6676.000     6681.880
  1130:       75.000     6696.880     6697.880     6676.880     6696.880
  1135:       75.000     6661.000     6716.000     6651.000     6651.150
  1140:       76.000     6743.000     6818.000     6768.000     6779.900
  1145:       76.000     6794.900     6795.900     6774.900     6794.900
  1150:       76.000     6753.000     6808.000     6743.000     6743.150
  1155:       77.000     6834.000     6909.000     6859.000     6868.520
  1160:       77.000     6883.520     6884.520     6863.520     6883.520
  1165:       77.000     6844.000     6899.000     6834.000     6834.150
  1170:       78.000     6925.000     7000.000     6950.000     6970.000
  1175:       78.000        0.000        0.000        0.000        0.000
  1180:       78.000     6935.000     6990.000     6925.000     6925.150
  1185:       79.000     7019.000     7094.000     7044.000     7064.000
  1190:       79.000        0.000        0.000        0.000        0.000
  1195:       79.000     7029.000     7084.000     7019.000     7019.150
  1200:       80.000     7107.000     7182.000     7132.000     7139.180
  1205:       80.000     7154.180     7155.180     7134.180     7154.180
  1210:       80.000     7117.000     7172.000     7107.000     7107.150
  1215:       81.000     7200.000     7275.000     7225.000     7245.000
  1220:       81.000        0.000        0.000        0.000        0.000
  1225:       81.000     7210.000     7265.000     7200.000     7200.150
  1230:       82.000     7290.000     7365.000     7315.000     7325.580
  1235:       82.000     7340.580     7341.580     7320.580     7340.580
  1240:       82.000     7300.000     7355.000     7290.000     7290.150
  1245:       83.000     7384.000     7459.000     7409.000     7429.000
  1250:       83.000        0.000        0.000        0.000        0.000
  1255:       83.000     7394.000     7449.000     7384.000     7384.150
  1260:       84.000     7476.000     7551.000     7501.000     7508.990
  1265:       84.000     7523.990     7524.990     7503.990     7523.990
  1270:       84.000     7486.000     7541.000     7476.000     7476.150
  1275:       85.000     7565.000     7640.000     7590.000     7604.390
  1280:       85.000     7619.390     7620.390     7599.390     7619.390
  1285:       85.000     7575.000     7630.000     7565.000     7565.150
  1290:       86.000     7659.000     7734.000     7684.000     7695.290
  1295:       86.000     7710.290     7711.290     7690.290     7710.290
  1300:       86.000     7669.000     7724.000     7659.000     7659.150
  1305:       87.000     7747.000     7822.000     7772.000     7784.370
  1310:       87.000     7799.370     7800.370     7779.370     7799.370
  1315:       87.000     7757.000     7812.000     7747.000     7747.150
  1320:       88.000     7836.000     7911.000     7861.000     7873.080
  1325:       88.000     7888.080     7889.080     7868.080     7888.080
  1330:       88.000     7846.000     7901.000     7836.000     7836.150
  1335:       89.000     7925.000     8000.000     7950.000     7973.080
  1340:       89.000     7988.080     7989.080     7968.080     7988.080
  1345:       89.000     7935.000     7990.000     7925.000     7925.150
  1350:       90.000     8015.000     8090.000     8040.000     8045.820
  1355:       90.000     8060.820     8061.820     8040.820     8060.820
  1360:       90.000     8025.000     8080.000     8015.000     8015.150
  1365:       91.000     8108.000     8183.000     8133.000     8153.000
  1370:       91.000        0.000        0.000        0.000        0.000
  1375:       91.000     8118.000     8173.000     8108.000     8108.150
  1380:       92.000     8201.000     8276.000     8226.000     8246.000
  1385:       92.000        0.000        0.000        0.000        0.000
  1390:       92.000     8211.000     8266.000     8201.000     8201.150
  1395:       93.000     8291.000     8366.000     8316.000     8332.880
  1400:       93.000     8347.880     8348.880     8327.880     8347.880
  1405:       93.000     8301.000     8356.000     8291.000     8291.150
  1410:       94.000     8382.000     8457.000     8407.000     8420.620
  1415:       94.000     8435.620     8436.620     8415.620     8435.620
  1420:       94.000     8392.000     8447.000     8382.000     8382.150
  1425:       95.000     8473.000     8548.000     8498.000     8504.600
  1430:       95.000     8519.600     8520.600     8499.600     8519.600
  1435:       95.000     8483.000     8538.000     8473.000     8473.150
  1440:       96.000     8562.000     8637.000     8587.000     8597.590
  1445:       96.000     8612.590     8613.590     8592.590     8612.590
  1450:       96.000     8572.000     8627.000     8562.000     8562.150
  1455:       97.000     8651.000     8726.000     8676.000     8696.000
  1460:       97.000        0.000        0.000        0.000        0.000
  1465:       97.000     8661.000     8716.000     8651.000     8651.150
  1470:       98.000     8741.000     8816.000     8766.000     8780.910
  1475:       98.000     8795.910     8796.910     8775.910     8795.910
  1480:       98.000     8751.000     8806.000     8741.000     8741.150
  1485:       99.000     8835.000     8910.000     8860.000     8866.410
  1490:       99.000     8881.410     8882.410     8861.410     8881.410
  1495:       99.000     8845.000     8900.000     8835.000     8835.150
  1500:      100.000     8925.000     9000.000     8950.000     8955.920
  1505:      100.000     8970.920     8971.920     8950.920     8970.920
  1510:      100.000     8935.000     8990.000     8925.000     8925.150
F:
     0:       48.920       51.680       57.520       57.780       59.560
     5:       61.830       61.950       62.300       62.530       63.240
    10:       64.940       65.170       65.330      135.050      135.680
    15:      146.400      149.360      149.500      150.180      150.330
    20:      150.830      151.030      151.390      151.540      151.650
    25:      151.840      152.000      152.330      153.160      153.890
    30:      154.150      158.250      159.670      161.990      164.400
    35:      164.890      169.060      169.380      169.440      208.420
    40:      228.370      229.730      230.060      230.350      230.740
    45:      231.670      231.790      231.800      231.810      232.370
    50:      233.120      233.430      233.680      234.350      234.380
    55:      234.550      235.010      235.870      242.290      243.930
    60:      244.070      245.060      245.240      245.340      245.410
    65:      245.510      245.580      258.360      314.230      320.130
    70:      321.410      321.940      322.110      323.630      323.960
    75:      324.100      324.140      324.830      324.950      324.960
    80:      325.090      325.740      325.760      325.970      326.440
    85:      327.400      327.620      328.300      328.440      328.590
    90:      328.810      329.750      330.830      330.990      331.140
    95:      332.980      333.480      334.120      336.020      424.310
   100:      426.290      478.940      488.770      501.240      501.540
   105:      504.000      504.220      504.490      504.520      505.180
   110:      505.400      505.420      507.270      507.630      507.740
   115:      507.930      508.760      509.160      509.780      510.150
   120:      510.180      510.460      511.130      513.870      516.670
   125:      517.280      574.360      574.480      574.860      574.930
   130:      591.520      592.650      593.280      595.940      596.470
   135:      596.970      597.050      597.150      597.170      597.430
   140:      598.190      598.200      598.940      599.140      599.390
   145:      599.460      599.570      599.920      601.720      601.890
   150:      603.440      603.800      603.910      605.480      607.680
   155:      690.310      690.760      692.220      693.490      694.040
   160:      695.410      697.530      699.880      700.060      700.430
   165:      700.450      700.600      700.670      769.430      769.970
   170:      772.520      773.520      774.900      775.010      775.030
   175:      775.460      776.660      778.050      778.390      778.440
   180:      778.490      778.650      778.990      779.420      779.940
   185:      780.140      780.450      781.990      782.090      782.100
   190:      782.490      782.940      784.030      784.150      784.220
   195:      784.250      784.380      784.940      785.570      787.510
   200:      790.460      805.030      864.950      865.710      867.520
   205:      867.900      867.930      868.380      868.390      868.680
   210:      869.690      869.870      869.960      870.100      872.050
   215:      872.360      872.690      872.940      875.120      875.860
   220:      875.960      877.550      878.140      949.550      950.240
   225:      951.450      953.750      954.530      955.400      955.600
   230:      957.240      957.480      959.500      959.590      959.690
   235:      959.900      960.630      960.740      961.010      961.650
   240:      961.780      961.970      962.640      962.860      963.170
   245:      963.330     1040.900     1040.910     1045.880     1047.300
   250:     1047.930     1048.170     1048.960     1051.560     1051.690
   255:     1051.930     1051.960     1052.280     1052.670     1052.810
   260:     1053.290     1053.400     1053.830     1055.180     1131.570
   265:     1133.430     1134.420     1134.820     1134.860     1134.980
   270:     1135.020     1135.300     1135.450     1135.480     1135.630
   275:     1135.990     1136.090     1136.320     1136.640     1136.670
   280:     1137.450     1137.550     1137.680     1138.140     1138.150
   285:     1138.860     1139.080     1140.670     1141.210     1141.310
   290:     1141.460     1141.590     1141.680     1141.790     1142.160
   295:     1142.200     1142.260     1142.300     1143.350     1145.250
   300:     1146.700     1217.990     1218.260     1218.920     1219.200
   305:     1219.290     1219.320     1219.920     1220.290     1221.080
   310:     1221.270     1221.490     1221.720     1222.710     1223.440
   315:     1223.760     1223.940     1226.070     1226.980     1227.290
   320:     1227.520     1227.530     1227.850     1228.480     1304.360
   325:     1305.080     1307.320     1308.860     1309.010     1309.040
   330:     1309.580     1309.610     1309.820     1310.020     1310.540
   335:     1310.920     1310.940     1311.590     1311.610     1311.840
   340:     1312.700     1312.770     1313.250     1313.630     1313.760
   345:     1314.150     1316.320     1399.770     1400.180     1400.370
   350:     1400.570     1400.730     1400.870     1400.890     1401.180
   355:     1401.530     1401.770     1402.010     1402.080     1403.500
   360:     1406.930     1407.690     1480.140     1481.120     1484.320
   365:     1484.520     1485.100     1485.700     1485.780     1485.820
   370:     1485.940     1486.070     1486.090     1487.070     1487.280
   375:     1488.360     1488.660     1488.730     1488.830     1488.920
   380:     1488.930     1489.040     1489.240     1489.250     1490.600
   385:     1490.840     1493.000     1494.460     1496.230     1571.990
   390:     1573.700     1574.040     1575.680     1575.820     1576.250
   395:     1576.500     1576.520     1576.640     1576.870     1577.190
   400:     1577.370     1577.600     1578.680     1578.860     1578.940
   405:     1579.870     1580.530     1580.760     1580.770     1581.220
   410:     1582.580     1582.800     1584.060     1584.250     1585.350
   415:     1585.770     1586.440     1586.920     1591.770     1654.440
   420:     1661.700     1664.980     1665.670     1667.370     1667.830
   425:     1667.930     1667.950     1668.110     1668.430     1668.850
   430:     1668.920     1668.960     1669.400     1669.900     1670.220
   435:     1670.250     1670.450     1670.470     1671.270     1671.280
   440:     1671.560     1671.770     1672.280     1672.400     1672.470
   445:     1673.700     1674.230     1675.800     1676.580     1677.950
   450:     1678.190     1731.020     1754.690     1759.940     1761.130
   455:     1761.380     1761.570     1761.750     1762.190     1762.350
   460:     1763.360     1763.710     1763.730     1764.430     1764.620
   465:     1764.680     1764.710     1765.000     1765.410     1765.450
   470:     1765.660     1765.740     1765.770     1766.090     1766.870
   475:     1766.900     1767.020     1767.120     1767.710     1767.730
   480:     1768.080     1768.100     1768.310     1768.520     1769.580
   485:     1848.230     1848.560     1848.850     1849.020     1849.060
   490:     1849.290     1849.320     1849.680     1849.780     1849.870
   495:     1850.770     1850.890     1851.350     1851.640     1851.780
   500:     1852.030     1853.030     1853.260     1853.980     1855.060
   505:     1855.320     1855.770     1856.000     1856.390     1856.400
   510:     1857.250     1859.270     1924.350     1930.740     1930.890
   515:     1932.480     1933.230     1934.110     1934.290     1934.680
   520:     1934.880     1935.100     1935.340     1935.480     1935.690
   525:     1935.960     1936.030     1936.750     1937.050     1939.200
   530:     1939.320     1939.390     1942.780     1943.300     1943.710
   535:     2023.820     2024.210     2024.980     2026.660     2028.300
   540:     2028.580     2029.020     2029.230     2029.310     2029.320
   545:     2029.950     2029.970     2029.990     2030.200     2030.420
   550:     2032.860     2112.630     2113.830     2114.130     2115.000
   555:     2116.310     2116.510     2116.660     2116.850     2117.200
   560:     2117.560     2117.620     2117.670     2118.330     2118.340
   565:     2119.170     2119.460     2121.370     2121.910     2123.100
   570:     2123.140     2129.950     2130.030     2131.020     2131.340
   575:     2201.820     2202.110     2202.340     2202.490     2202.720
   580:     2202.860     2203.050     2203.350     2203.430     2203.830
   585:     2204.640     2204.750     2204.770     2204.990     2205.020
   590:     2205.380     2205.400     2205.420     2205.580     2205.600
   595:     2205.790     2207.260     2207.520     2207.670     2208.680
   600:     2209.590     2210.810     2301.940     2303.610     2379.990
   605:     2383.720     2383.990     2384.940     2386.530     2387.940
   610:     2388.340     2464.020     2476.470     2477.020     2478.250
   615:     2479.130     2491.220     2491.370     2540.620     2551.440
   620:     2552.540     2552.960     2553.380     2555.230     2555.360
   625:     2555.490     2555.770     2555.930     2556.130     2556.230
   630:     2556.720     2556.780     2557.230     2557.400     2557.580
   635:     2559.550     2559.800     2559.990     2560.240     2560.270
   640:     2561.850     2561.940     2562.130     2562.330     2562.470
   645:     2562.890     2562.900     2563.070     2563.520     2564.780
   650:     2565.030     2565.410     2565.570     2568.600     2568.750
   655:     2628.670     2628.950     2640.920     2641.190     2643.820
   660:     2644.190     2644.420     2644.450     2646.200     2646.430
   665:     2646.640     2646.730     2647.020     2648.490     2648.600
   670:     2648.710     2649.040     2649.270     2649.440     2649.670
   675:     2649.900     2649.990     2652.780     2652.910     2652.930
   680:     2653.070     2653.220     2653.270     2653.380     2653.720
   685:     2654.080     2654.100     2654.620     2655.260     2657.360
   690:     2657.450     2657.490     2731.330     2735.110     2735.130
   695:     2735.150     2736.070     2736.230     2737.040     2738.430
   700:     2738.440     2738.520     2738.590     2738.950     2739.060
   705:     2739.230     2739.340     2741.220     2741.560     2741.760
   710:     2742.090     2742.280     2742.310     2742.770     2742.780
   715:     2743.690     2743.700     2743.870     2744.100     2745.480
   720:     2747.760     2747.930     2748.130     2826.860     2829.070
   725:     2833.380     2835.580     2836.350     2838.330     2838.450
   730:     2839.010     2839.420     2839.620     2839.870     2840.000
   735:     2918.490     2918.890     2919.420     2921.420     2924.090
   740:     2924.170     2926.460     2930.120     2930.200     2930.280
   745:     2998.170     3000.260     3001.920     3002.090     3003.740
   750:     3004.280     3004.290     3004.730     3004.800     3004.840
   755:     3005.830     3006.030     3009.290     3013.050     3094.660
   760:     3094.870     3095.390     3097.690     3099.120     3099.290
   765:     3099.770     3101.380     3101.450     3183.350     3187.810
   770:     3191.930     3192.080     3276.430     3278.630     3281.320
   775:     3281.330     3281.430     3281.820     3283.970     3284.110
   780:     3284.260     3284.500     3284.680     3285.150     3285.360
   785:     3288.310     3370.550     3373.800     3374.160     3374.300
   790:     3375.560     3376.450     3376.550     3376.690     3376.720
   795:     3377.040     3377.110     3377.930     3378.190     3379.360
   800:     3379.640     3381.280     3459.930     3460.920     3461.090
   805:     3463.000     3464.680     3466.630     3466.860     3525.740
   810:     3540.390     3543.060     3543.200     3545.460     3546.430
   815:     3546.440     3549.540     3549.840     3549.860     3550.050
   820:     3550.360     3550.370     3550.910     3550.950     3551.130
   825:     3552.040     3553.070     3553.380     3609.330     3649.570
   830:     3651.460     3653.050     3653.160     3653.280     3655.300
   835:     3655.530     3655.660     3655.770     3655.830     3655.840
   840:     3656.110     3657.120     3814.680     3814.790     3817.290
   845:     3818.240     3821.400     3823.310     3823.400     3912.450
   850:     3916.440     3916.730     3916.880     3918.000     3918.270
   855:     3918.990     3919.360     3919.480     3919.730     3919.990
   860:     3921.350     3921.510     3921.610     3921.790     3921.850
   865:     3922.060     3924.540     4000.270     4001.840     4002.020
   870:     4003.080     4004.270     4007.060     4007.380     4009.440
   875:     4009.550     4104.650     4105.800     4106.220     4181.390
   880:     4181.630     4181.720     4181.790     4181.890     4182.630
   885:     4182.820     4182.980     4183.190     4183.220     4183.450
   890:     4183.680     4183.810     4184.970     4184.990     4185.190
   895:     4185.200     4185.400     4185.510     4185.550     4186.020
   900:     4187.340     4187.430     4187.540     4188.130     4188.460
   905:     4188.780     4269.750     4271.850     4274.480     4275.070
   910:     4275.540     4275.690     4278.110     4278.300     4278.590
   915:     4280.650     4284.010     4284.730     4285.320     4358.050
   920:     4359.710     4361.310     4362.320     4362.490     4362.900
   925:     4362.920     4363.830     4363.980     4364.200     4364.330
   930:     4364.590     4364.720     4364.780     4366.800     4369.050
   935:     4369.150     4371.490     4460.100     4463.760     4464.140
   940:     4464.850     4466.370     4466.440     4466.630     4467.170
   945:     4467.350     4467.510     4469.130     4469.350     4469.580
   950:     4469.720     4469.740     4470.290     4470.370     4470.440
   955:     4470.630     4470.770     4472.570     4472.730     4472.960
   960:     4473.890     4473.910     4475.100     4547.940     4551.410
   965:     4554.350     4554.450     4556.120     4559.290     4647.550
   970:     4650.830     4651.030     4651.130     4651.300     4651.410
   975:     4651.420     4651.990     4652.980     4653.140     4653.280
   980:     4653.540     4653.780     4654.500     4654.620     4656.630
   985:     4657.940     4754.840     4755.770     4820.320     4820.410
   990:     4824.770     4824.870     4825.030     4825.290     4826.620
   995:     4826.880     4826.990     4828.320     4828.600     4829.110
  1000:     4831.110     4911.820     4915.480     4917.490     4917.770
  1005:     4917.920     4918.150     4918.470     4918.610     4919.490
  1010:     4923.210     4924.230     5001.450     5003.900     5005.700
  1015:     5005.870     5005.910     5006.410     5006.890     5007.150
  1020:     5007.240     5007.650     5007.990     5008.560     5008.720
  1025:     5008.850     5008.970     5009.130     5009.230     5009.280
  1030:     5009.440     5009.890     5009.930     5011.030     5011.130
  1035:     5012.580     5012.740     5012.860     5013.350     5192.850
  1040:     5194.240     5198.280     5198.420     5199.620     5200.000
  1045:     5202.490     5271.830     5271.840     5271.950     5271.980
  1050:     5274.130     5276.420     5278.120     5280.190     5280.210
  1055:     5281.490     5283.110     5283.210     5283.400     5364.230
  1060:     5364.360     5364.590     5365.350     5368.830     5451.520
  1065:     5451.570     5453.710     5456.760     5456.890     5459.230
  1070:     5459.450     5460.110     5460.290     5460.520     5461.120
  1075:     5462.780     5463.480     5540.000     5543.540     5543.840
  1080:     5545.100     5545.250     5545.260     5545.350     5545.510
  1085:     5546.460     5546.590     5546.990     5547.440     5547.810
  1090:     5547.820     5548.100     5548.940     5551.850     5632.390
  1095:     5632.690     5633.020     5633.500     5633.720     5634.660
  1100:     5636.770     5636.900     5637.040     5637.310     5637.540
  1105:     5638.350     5638.590     5639.250     5792.630     5796.520
  1110:     5799.430     5802.160     5802.320     5803.090     5803.370
  1115:     5803.470     5803.520     5803.630     5805.210     5805.390
  1120:     5805.540     5805.630     5805.680     5805.970     5805.990
  1125:     5806.260     5806.630     5807.780     5807.970     5809.980
  1130:     5810.040     5811.860     5812.160     5887.660     5887.840
  1135:     5889.730     5889.750     5890.720     5890.940     5891.470
  1140:     5892.490     5892.630     5892.810     5893.000     5893.290
  1145:     5893.880     5893.900     5895.080     5895.270     5896.680
  1150:     5977.130     5977.240     5977.640     5978.320     5978.620
  1155:     5981.230     5982.510     5982.620     5982.820     5983.160
  1160:     5983.260     5984.130     5984.390     5985.670     5988.540
  1165:     5988.970     5989.250     5990.420     5990.780     6064.060
  1170:     6068.590     6071.190     6071.760     6072.600     6074.530
  1175:     6074.660     6075.380     6075.410     6076.130     6076.830
  1180:     6076.950     6076.960     6077.180     6077.560     6077.830
  1185:     6078.030     6079.120     6080.420     6163.090     6165.870
  1190:     6166.060     6166.210     6167.430     6167.900     6168.280
  1195:     6170.970     6171.740     6172.000     6173.190     6174.110
  1200:     6174.300     6174.670     6176.960     6178.680     6258.550
  1205:     6350.310     6350.530     6353.240     6353.250     6353.530
  1210:     6353.610     6354.670     6354.780     6354.870     6355.090
  1215:     6355.420     6355.540     6355.580     6355.610     6355.840
  1220:     6355.870     6356.340     6356.360     6356.500     6356.510
  1225:     6357.480     6357.810     6358.270     6358.420     6358.430
  1230:     6359.760     6359.920     6430.990     6431.080     6431.350
  1235:     6431.820     6433.660     6579.870     6580.280     6584.530
  1240:     6584.690     6595.370     6595.640     6595.680     6596.660
  1245:     6596.950     6600.770     6600.930     6601.090     6601.220
  1250:     6601.470     6601.530     6601.550     6601.950     6602.040
  1255:     6602.220     6602.240     6602.250     6602.490     6602.570
  1260:     6602.770     6604.130     6604.810     6604.960     6605.060
  1265:     6605.160     6605.860     6606.330     6610.860     6610.940
  1270:     6611.300     6689.590     6689.660     6690.180     6690.400
  1275:     6690.890     6691.100     6691.810     6691.980     6692.020
  1280:     6693.330     6693.450     6693.620     6695.160     6695.330
  1285:     6695.510     6695.530     6696.050     6697.940     6703.280
  1290:     6783.320     6785.840     6786.090     6788.350     6788.720
  1295:     6790.990     6791.560     6791.730     6792.050     6792.230
  1300:     6792.950     6793.120     6793.340     6793.370     6793.390
  1305:     6793.430     6793.540     6793.620     6794.320     6794.480
  1310:     6795.550     6797.500     6797.580     6878.700     6878.810
  1315:     6878.920     6879.150     6879.360     6879.660     6880.660
  1320:     6880.820     6882.200     6882.270     6882.500     6882.770
  1325:     6882.900     6883.070     6883.790     6885.700     6885.980
  1330:     6886.050     6886.230     6886.570     6978.740     7069.690
  1335:     7070.080     7070.480     7070.610     7074.740     7075.000
  1340:     7075.370     7078.630     7078.810     7080.060     7080.300
  1345:     7080.700     7081.770     7082.640     7082.810     7082.900
  1350:     7083.010     7083.220     7083.330     7083.510     7083.620
  1355:     7083.650     7083.760     7152.980     7153.030     7154.640
  1360:     7156.460     7156.910     7157.220     7334.150     7334.670
  1365:     7335.060     7335.320     7337.490     7338.900     7339.050
  1370:     7340.660     7340.920     7342.770     7516.130     7516.460
  1375:     7517.020     7521.010     7521.150     7521.390     7521.730
  1380:     7522.080     7522.180     7522.310     7522.330     7522.460
  1385:     7523.540     7524.290     7526.300     7610.220     7610.530
  1390:     7613.130     7615.340     7615.580     7615.750     7616.160
  1395:     7616.390     7616.600     7617.430     7617.670     7617.750
  1400:     7617.770     7618.160     7618.310     7618.560     7619.910
  1405:     7621.780     7702.070     7702.260     7702.940     7709.530
  1410:     7709.830     7710.090     7710.110     7710.710     7712.890
  1415:     7786.310     7795.540     7795.650     7795.950     7796.360
  1420:     7796.840     7798.240     7798.380     7798.720     7799.210
  1425:     7799.990     7801.540     7801.900     7851.640     7876.560
  1430:     7876.870     7877.580     7879.060     7879.360     7879.800
  1435:     7881.960     7882.630     7887.330     7887.620     7888.320
  1440:     7981.880     7982.070     7982.440     7982.760     7982.940
  1445:     7983.360     7984.080     7984.460     7984.750     7985.020
  1450:     7985.040     7985.310     7986.060     7987.160     7987.250
  1455:     7987.410     7987.610     7988.720     8048.670     8052.440
  1460:     8052.640     8052.820     8052.830     8052.840     8052.940
  1465:     8053.340     8053.850     8053.970     8054.430     8054.590
  1470:     8054.730     8054.900     8056.530     8056.740     8056.980
  1475:     8057.110     8057.890     8058.150     8058.400     8058.530
  1480:     8059.830     8059.980     8061.270     8063.010     8063.340
  1485:     8063.710     8120.110     8254.260     8254.840     8257.690
  1490:     8257.900     8260.590     8260.820     8260.970     8261.630
  1495:     8262.380     8262.390     8264.200     8265.720     8265.840
  1500:     8338.060     8342.060     8342.360     8342.630     8342.650
  1505:     8344.020     8344.130     8344.150     8344.310     8344.400
  1510:     8344.550     8344.680     8344.970     8345.060     8345.200
  1515:     8345.390     8346.590     8346.600     8346.730     8346.970
  1520:     8348.350     8350.140     8351.790     8426.860     8428.570
  1525:     8429.880     8431.980     8432.350     8432.470     8432.540
  1530:     8432.820     8433.100     8433.450     8434.700     8435.160
  1535:     8435.440     8435.460     8436.100     8515.680     8515.970
  1540:     8516.210     8516.870     8518.880     8519.370     8520.150
  1545:     8609.560     8610.340     8610.430     8612.050     8612.240
  1550:     8612.380     8612.850     8614.950     8617.020     8792.790
  1555:     8793.100     8793.400     8793.740     8793.760     8794.390
  1560:     8794.430     8795.190     8795.390     8796.340     8798.790
  1565:     8798.890     8799.360     8799.570     8800.140     8801.130
  1570:     8880.820     8881.240     8881.780     8883.810     8883.980
  1575:     8887.130     8963.130     8963.270     8963.590     8966.100
  1580:     8967.480     8967.570     8967.740     8968.530     8970.240
  1585:     8970.260     8971.550     8975.520     8975.700     8975.800
  1590:     8975.990     8976.560     8979.030     8979.860
G:
     0:      100.230      180.330      460.930      461.000     1190.110
     5:     2971.260     3658.100     3658.350     3659.340     3659.510
    10:     3659.830     3661.020     3661.450     3665.500     3667.050
    15:     3667.390     3668.640     3668.940     3669.180     3672.930
    20:     4049.190     4049.270     4049.380     4109.430     4109.530
    25:     4109.660     4109.950     4110.260     4110.530     4110.550
    30:     4110.700     4110.880     4110.890     4111.390     4111.420
    35:     4111.740     4112.020     4114.670     4115.790     4118.820
    40:     4122.730     4123.890     4124.520     4756.270     6283.000
    45:     6288.470     6361.010     6362.790     6544.960     6545.140
    50:     6545.650     6993.330     6993.480     6993.750     6994.250
    55:     6994.460     6994.780     6994.840     6995.190     6997.800
    60:     6999.930     7000.090     7000.900     7005.720     7085.170
    65:     7085.870     7085.980     7086.150     7086.170     7086.440
    70:     7086.920     7087.770     7087.860     7088.030     7088.580
    75:     7090.460     7090.920     7990.960     7991.700     7992.780
    80:     8268.760     8269.220     8272.040     8272.140     8272.570
H:
I:
K:
L:
     0:       42.850       43.790       43.970      137.150      139.230
     5:      221.680      224.240      224.560      313.140      315.580
    10:      317.080      403.880      493.870      496.540      585.000
    15:      585.460      586.440      588.470      680.370      684.490
    20:      766.690      855.450      858.850      859.370      943.020
    25:      943.520      947.210     1034.390     1035.040     1122.940
    30:     1207.490     1207.800     1209.310     1210.960     1293.740
    35:     1382.740     1387.300     1474.040     1565.920     1567.140
    40:     1567.810     1569.430     1657.850     1748.820     1749.610
    45:     1753.240     1836.110     1840.000     1840.870     1921.810
    50:     1925.970     2012.380     2102.750     2189.510     2190.310
    55:     2193.330     2194.130     2281.610     2368.050     2456.780
    60:     2545.210     2545.810     2634.940     2637.710     2724.940
    65:     2729.620     2815.970     2901.030     2988.780     3080.730
    70:     3085.170     3167.190     3168.170     3170.620     3264.670
    75:     3265.320     3359.300     3359.970     3364.250     3446.560
    80:     3447.250     3451.420     3529.990     3530.420     3801.210
    85:     3901.780     3904.440     3987.100     3987.900     3989.480
    90:     3991.590     4165.510     4168.380     4168.680     4169.650
    95:     4258.280     4258.570     4258.970     4259.670     4263.020
   100:     4346.540     4453.210     4535.580     4634.110     4808.650
   105:     4812.690     4898.620     4900.370     4989.450     4990.710
   110:     4991.680     5173.800     5261.050     5264.510     5266.010
   115:     5344.870     5346.800     5347.090     5440.690     5528.380
   120:     5528.730     5618.680     5623.050     5788.750     5875.510
   125:     5877.620     5965.160     6057.730     6154.420     6155.140
   130:     6340.470     6345.050     6411.430     6586.360     6588.840
   135:     6676.880     6680.670     6774.900     6776.620     6778.180
   140:     6863.520     6864.190     6867.940     7134.180     7138.230
   145:     7320.580     7503.990     7599.390     7603.070     7603.940
   150:     7604.250     7690.290     7693.150     7779.370     7780.500
   155:     7781.850     7868.080     7968.080     8040.820     8327.880
   160:     8329.260     8329.660     8415.620     8416.480     8499.600
   165:     8504.560     8592.590     8775.910     8776.640     8778.310
   170:     8778.820     8779.300     8861.410     8950.920
M:
     0:       10.000       12.000       12.000       13.000       14.000
     5:       17.000       12.000       15.000       16.000       14.000
    10:       12.000       15.000       14.000       14.000       12.000
    15:       14.000       15.000       14.000       16.000       10.000
    20:       15.000       14.000       16.000       17.000       15.000
    25:       14.000       18.000       12.000       14.000       16.000
    30:       11.000       13.000       13.000       14.000       15.000
    35:       18.000       13.000       16.000       17.000       15.000
    40:       13.000       16.000       15.000       15.000       13.000
    45:       15.000       16.000       15.000       17.000       11.000
    50:       16.000       15.000       17.000       18.000       16.000
    55:       15.000       19.000       13.000       15.000       17.000
    60:       12.000       14.000       14.000       15.000       16.000
    65:       19.000       14.000       17.000       18.000       16.000
    70:       14.000       17.000       16.000       16.000       14.000
    75:       16.000       17.000       16.000       18.000       12.000
    80:       17.000       16.000       18.000       19.000       17.000
    85:       16.000       20.000       14.000       16.000       19.000
    90:       13.000       14.000       13.000       19.000       13.000
    95:       15.000       14.000       13.000       14.000
P:
     0:       62.850       63.350       63.850      157.150      157.650
     5:      158.150      241.680      242.180      242.680      333.140
    10:      333.640      334.140      423.880      424.380      424.880
    15:      513.870      514.370      514.870      605.000      605.500
    20:      606.000      700.370      700.870      701.370      786.690
    25:      787.190      787.690      875.450      875.950      876.450
    30:      963.020      963.520      964.020     1054.390     1054.890
    35:     1055.390     1142.940     1143.440     1143.940     1227.490
    40:     1227.990     1228.490     1313.740     1314.240     1314.740
    45:     1402.740     1403.240     1403.740     1494.040     1494.540
    50:     1495.040     1585.920     1586.420     1586.920     1677.850
    55:     1678.350     1678.850     1768.820     1769.320     1769.820
    60:     1856.110     1856.610     1857.110     1941.810     1942.310
    65:     1942.810     2032.380     2032.880     2033.380     2122.750
    70:     2123.250     2123.750     2209.510     2210.010     2210.510
    75:     2301.610     2302.110     2302.610     2388.050     2388.550
    80:     2389.050     2476.780     2477.280     2477.780     2565.210
    85:     2565.710     2566.210     2654.940     2655.440     2655.940
    90:     2744.940     2745.440     2745.940     2835.970     2836.470
    95:     2836.970     2921.030     2921.530     2922.030     3008.780
   100:     3009.280     3009.780     3100.730     3101.230     3101.730
   105:     3187.190     3187.690     3188.190     3284.670     3285.170
   110:     3285.670     3379.300     3379.800     3380.300     3466.560
   115:     3467.060     3467.560     3549.990     3550.490     3550.990
   120:     3821.210     3821.710     3822.210     3921.780     3922.280
   125:     3922.780     4007.100     4007.600     4008.100     4185.510
   130:     4186.010     4186.510     4278.280     4278.780     4279.280
   135:     4366.540     4367.040     4367.540     4473.210     4473.710
   140:     4474.210     4555.580     4556.080     4556.580     4654.110
   145:     4654.610     4655.110     4828.650     4829.150     4829.650
   150:     4918.620     4919.120     4919.620     5009.450     5009.950
   155:     5010.450     5193.800     5194.300     5194.800     5281.050
   160:     5281.550     5282.050     5364.870     5365.370     5365.870
   165:     5460.690     5461.190     5461.690     5548.380     5548.880
   170:     5549.380     5638.680     5639.180     5639.680     5808.750
   175:     5809.250     5809.750     5895.510     5896.010     5896.510
   180:     5985.160     5985.660     5986.160     6077.730     6078.230
   185:     6078.730     6174.420     6174.920     6175.420     6360.470
   190:     6360.970     6361.470     6431.430     6431.930     6432.430
   195:     6606.360     6606.860     6607.360     6696.880     6697.380
   200:     6697.880     6794.900     6795.400     6795.900     6883.520
   205:     6884.020     6884.520     7154.180     7154.680     7155.180
   210:     7340.580     7341.080     7341.580     7523.990     7524.490
   215:     7524.990     7619.390     7619.890     7620.390     7710.290
   220:     7710.790     7711.290     7799.370     7799.870     7800.370
   225:     7888.080     7888.580     7889.080     7988.080     7988.580
   230:     7989.080     8060.820     8061.320     8061.820     8347.880
   235:     8348.380     8348.880     8435.620     8436.120     8436.620
   240:     8519.600     8520.100     8520.600     8612.590     8613.090
   245:     8613.590     8795.910     8796.410     8796.910     8881.410
   250:     8881.910     8882.410     8970.920     8971.420     8971.920
R:
     0:       42.850      137.150      221.680      313.140      403.880
     5:      493.870      585.000      680.370      766.690      855.450
    10:      943.020     1034.390     1122.940     1207.490     1293.740
    15:     1382.740     1474.040     1565.920     1657.850     1748.820
    20:     1836.110     1921.810     2012.380     2102.750     2189.510
    25:     2281.610     2368.050     2456.780     2545.210     2634.940
    30:     2724.940     2815.970     2901.030     2988.780     3080.730
    35:     3167.190     3264.670     3359.300     3446.560     3529.990
    40:     3801.210     3901.780     3987.100     4165.510     4258.280
    45:     4346.540     4453.210     4535.580     4634.110     4808.650
    50:     4898.620     4989.450     5173.800     5261.050     5344.870
    55:     5440.690     5528.380     5618.680     5788.750     5875.510
    60:     5965.160     6057.730     6154.420     6340.470     6411.430
    65:     6586.360     6676.880     6774.900     6863.520     7134.180
    70:     7320.580     7503.990     7599.390     7690.290     7779.370
    75:     7868.080     7968.080     8040.820     8327.880     8415.620
    80:     8499.600     8592.590     8775.910     8861.410     8950.920
V:
W:
     0:        1.000        1.000        1.000        1.000        1.000
     5:        1.000        1.000        1.000        1.000        1.000
    10:        1.000        1.000        1.000        1.000        1.000
    15:        1.000        1.000        1.000        1.000        1.000
    20:        1.000        1.000        1.000        1.000        1.000
    25:        1.000        1.000        1.000        1.000        1.000
    30:        1.000        1.000        1.000        1.000        1.000
    35:        1.000
X:
     0:       15.000       15.150      106.000      106.150      196.000
     5:      196.150      287.000      287.150      378.000      378.150
    10:      468.000      468.150      559.000      559.150      654.000
    15:      654.150      741.000      741.150      829.000      829.150
    20:      917.000      917.150     1008.000     1008.150     1097.000
    25:     1097.150     1182.000     1182.150     1268.000     1268.150
    30:     1357.000     1357.150     1448.000     1448.150     1540.000
    35:     1540.150     1632.000     1632.150     1720.000     1720.150
    40:     1809.000     1809.150     1896.000     1896.150     1986.000
    45:     1986.150     2073.000     2073.150     2163.000     2163.150
    50:     2252.000     2252.150     2342.000     2342.150     2431.000
    55:     2431.150     2518.000     2518.150     2609.000     2609.150
    60:     2699.000     2699.150     2788.000     2788.150     2875.000
    65:     2875.150     2963.000     2963.150     3052.000     3052.150
    70:     3141.000     3141.150     3231.000     3231.150     3322.000
    75:     3322.150     3412.000     3412.150     3504.000     3504.150
    80:     3593.000     3593.150     3685.000     3685.150     3775.000
    85:     3775.150     3864.000     3864.150     3952.000     3952.150
    90:     4044.000     4044.150     4136.000     4136.150     4227.000
    95:     4227.150     4320.000     4320.150     4413.000     4413.150
   100:     4504.000     4504.150     4597.000     4597.150     4691.000
   105:     4691.150     4783.000     4783.150     4872.000     4872.150
   110:     4962.000     4962.150     5049.000     5049.150     5141.000
   115:     5141.150     5230.000     5230.150     5317.000     5317.150
   120:     5408.000     5408.150     5497.000     5497.150     5587.000
   125:     5587.150     5673.000     5673.150     5761.000     5761.150
   130:     5848.000     5848.150     5939.000     5939.150     6028.000
   135:     6028.150     6119.000     6119.150     6211.000     6211.150
   140:     6296.000     6296.150     6384.000     6384.150     6472.000
   145:     6472.150     6560.000     6560.150     6651.000     6651.150
   150:     6743.000     6743.150     6834.000     6834.150     6925.000
   155:     6925.150     7019.000     7019.150     7107.000     7107.150
   160:     7200.000     7200.150     7290.000     7290.150     7384.000
   165:     7384.150     7476.000     7476.150     7565.000     7565.150
   170:     7659.000     7659.150     7747.000     7747.150     7836.000
   175:     7836.150     7925.000     7925.150     8015.000     8015.150
   180:     8108.000     8108.150     8201.000     8201.150     8291.000
   185:     8291.150     8382.000     8382.150     8473.000     8473.150
   190:     8562.000     8562.150     8651.000     8651.150     8741.000
   195:     8741.150     8835.000     8835.150     8925.000     8925.150
Y:
Z:
     0:        0.000       85.000      174.000        0.000        0.000
     5:        0.000      255.000      200.000        0.000        0.000
    10:        0.000     1594.000       85.000        0.000        0.000
    15:        0.000
