File: C:\MED-PC IV\Data\Tarun\RM-B12_RM036\postBaseplate\R24\S04_R24_SA1-5extratrials


Start Date: 05/26/17
End Date: 05/26/17
Subject: 24
Experiment: 0
Group: 0
Box: 4
Start Time: 13:52:12
End Time: 14:00:18
MSN: TEST-MiniScope_FR1-3p_3trials_05222017
A:       0.000
E:       0.000
J:       6.000
N:       0.000
O:       0.000
Q:       0.000
S:       0.000
T:     468.000
U:       0.000
B:
     0:        0.000       10.000       10.000       15.000       20.000
     5:       20.000       20.000       10.000       19.000        5.000
    10:        1.000        3.000       15.000        0.010        1.000
    15:        0.000        0.000        5.000       20.000        5.000
C:
     0:        5.000        5.000       14.000        0.000        5.834
     5:        0.000       15.000        5.000        0.000        5.834
    10:        0.000      109.000        0.000     2886.000     1129.020
    15:        1.000        1.000        1.000        0.000       10.130
    20:        1.000        3.000        1.000        0.000       10.130
    25:        1.000        7.000        0.000      577.000       17.000
    30:        2.000        1.000        3.000        0.000        2.250
    35:        2.000        3.000        1.000        0.000        2.250
    40:        2.000       25.000        0.000      577.000       13.000
    45:        3.000        1.000        5.000        0.000        0.560
    50:        3.000        3.000        1.000        0.000        0.560
    55:        3.000       25.000        0.000      577.000       15.000
    60:        4.000        1.000        3.000        0.000       14.960
    65:        4.000        3.000        1.000        0.000       14.960
    70:        4.000       23.000        0.000      578.000       15.000
    75:        5.000        1.000        2.000        0.000        1.270
    80:        5.000        3.000        1.000        0.000        1.270
    85:        5.000       29.000        0.000      577.000       19.000
D:
     0:        0.000        0.000        0.000        0.000        0.000
     5:        0.000        0.000        0.000        0.000        0.000
    10:        0.000        0.000        0.000        0.000        0.000
    15:        1.000       15.000       90.000       40.000       55.130
    20:        1.000       70.130       71.130       50.130       70.130
    25:        1.000       25.000       80.000       15.000       15.150
    30:        2.000      107.000      182.000      132.000      139.250
    35:        2.000      154.250      155.250      134.250      154.250
    40:        2.000      117.000      172.000      107.000      107.150
    45:        3.000      195.000      270.000      220.000      225.560
    50:        3.000      240.560      241.560      220.560      240.560
    55:        3.000      205.000      260.000      195.000      195.150
    60:        4.000      285.000      360.000      310.000      329.960
    65:        4.000      344.960      345.960      324.960      344.960
    70:        4.000      295.000      350.000      285.000      285.150
    75:        5.000      374.000      449.000      399.000      405.270
    80:        5.000      420.270      421.270      400.270      420.270
    85:        5.000      384.000      439.000      374.000      374.150
F:
     0:       67.270       70.630       71.060       71.240       73.450
     5:       74.070       74.170      143.950      144.250      148.180
    10:      148.410      149.100      149.120      150.800      150.930
    15:      151.080      151.710      152.020      152.210      152.270
    20:      152.660      152.720      152.840      154.180      154.880
    25:      156.310      156.790      156.870      157.240      157.300
    30:      157.960      157.980      227.470      227.970      228.590
    35:      229.010      229.060      231.860      232.050      234.160
    40:      234.380      234.530      235.210      235.440      235.730
    45:      236.030      238.000      238.130      239.400      239.460
    50:      239.610      239.660      240.440      241.360      241.440
    55:      243.530      245.700      334.200      334.520      334.530
    60:      334.700      334.850      337.090      337.730      337.910
    65:      337.930      339.830      339.950      342.160      342.530
    70:      342.720      342.760      343.380      343.560      343.670
    75:      345.640      345.760      345.990      348.360      348.480
    80:      409.800      410.030      410.230      413.700      413.810
    85:      413.850      413.870      414.070      416.290      416.590
    90:      416.720      416.800      417.250      417.270      417.670
    95:      417.680      417.740      417.860      418.260      419.230
   100:      421.090      421.210      421.340      421.450      421.620
   105:      421.700      422.280      423.580      423.840
G:
H:
I:
K:
     0:       15.280       15.380       15.470       15.570       15.660
     5:       15.760       15.850       15.950       16.040       16.140
    10:       16.230       16.330       16.420       16.520       16.610
    15:       16.710       16.810       16.900       17.000       17.090
    20:       17.190       17.280       17.380       17.470       17.570
    25:       17.660       17.760       17.850       17.950       18.040
    30:       18.140       18.230       18.330       18.430       18.520
    35:       18.620       18.710       18.810       18.900       19.000
    40:       19.090       19.190       19.280       19.380       19.470
    45:       19.570       19.660       19.760       19.850       19.950
    50:       20.050       20.140       20.240       20.330       20.430
    55:       20.520       20.620       20.710       20.810       20.900
    60:       21.000       21.090       21.190       21.280       21.380
    65:       21.470       21.570       21.670       21.760       21.860
    70:       21.950       22.050       22.140       22.240       22.330
    75:       22.430       22.520       22.620       22.710       22.810
    80:       22.900       23.000       23.090       23.190       23.290
    85:       23.380       23.480       23.570       23.670       23.760
    90:       23.860       23.950       24.050       24.140       24.240
    95:       24.330       24.430       24.520       24.620       24.720
   100:       24.810       24.910       25.000       80.080       80.180
   105:       80.270       80.370       80.460       80.560       80.660
   110:       80.750       80.850       80.940       81.040       81.130
   115:       81.230       81.320       81.420       81.510       81.610
   120:       81.700       81.800       81.890       81.990       82.080
   125:       82.180       82.280       82.370       82.470       82.560
   130:       82.660       82.750       82.850       82.940       83.040
   135:       83.130       83.230       83.320       83.420       83.510
   140:       83.610       83.700       83.800       83.900       83.990
   145:       84.090       84.180       84.280       84.370       84.470
   150:       84.560       84.660       84.750       84.850       84.940
   155:       85.040       85.130       85.230       85.320       85.420
   160:       85.520       85.610       85.710       85.800       85.900
   165:       85.990       86.090       86.180       86.280       86.370
   170:       86.470       86.560       86.660       86.750       86.850
   175:       86.950       87.040       87.140       87.230       87.330
   180:       87.420       87.520       87.610       87.710       87.800
   185:       87.900       87.990       88.090       88.180       88.280
   190:       88.370       88.470       88.570       88.660       88.760
   195:       88.850       88.950       89.040       89.140       89.230
   200:       89.330       89.420       89.520       89.610       89.710
   205:       89.800       89.900       89.990       90.090       90.190
   210:       90.280       90.380       90.470       90.570       90.660
   215:       90.760       90.850       90.950       91.040       91.140
   220:       91.230       91.330       91.420      107.250      107.350
   225:      107.440      107.540      107.630      107.730      107.820
   230:      107.920      108.010      108.110      108.200      108.300
   235:      108.390      108.490      108.590      108.680      108.780
   240:      108.870      108.970      109.060      109.160      109.250
   245:      109.350      109.440      109.540      109.630      109.730
   250:      109.820      109.920      110.010      110.110      110.210
   255:      110.300      110.400      110.490      110.590      110.680
   260:      110.780      110.870      110.970      111.060      111.160
   265:      111.250      111.350      111.440      111.540      111.630
   270:      111.730      111.830      111.920      112.020      112.110
   275:      112.210      112.300      112.400      112.490      112.590
   280:      112.680      112.780      112.870      112.970      113.060
   285:      113.160      113.250      113.350      113.450      113.540
   290:      113.640      113.730      113.830      113.920      114.020
   295:      114.110      114.210      114.300      114.400      114.490
   300:      114.590      114.680      114.780      114.870      114.970
   305:      115.070      115.160      115.260      115.350      115.450
   310:      115.540      115.640      115.730      115.830      115.920
   315:      116.020      116.110      116.210      116.300      116.400
   320:      116.490      116.590      116.690      116.780      116.880
   325:      116.970      172.050      172.150      172.240      172.340
   330:      172.440      172.530      172.630      172.720      172.820
   335:      172.910      173.010      173.100      173.200      173.290
   340:      173.390      173.480      173.580      173.670      173.770
   345:      173.860      173.960      174.060      174.150      174.250
   350:      174.340      174.440      174.530      174.630      174.720
   355:      174.820      174.910      175.010      175.100      175.200
   360:      175.290      175.390      175.480      175.580      175.680
   365:      175.770      175.870      175.960      176.060      176.150
   370:      176.250      176.340      176.440      176.530      176.630
   375:      176.720      176.820      176.910      177.010      177.100
   380:      177.200      177.300      177.390      177.490      177.580
   385:      177.680      177.770      177.870      177.960      178.060
   390:      178.150      178.250      178.340      178.440      178.530
   395:      178.630      178.720      178.820      178.920      179.010
   400:      179.110      179.200      179.300      179.390      179.490
   405:      179.580      179.680      179.770      179.870      179.960
   410:      180.060      180.150      180.250      180.350      180.440
   415:      180.540      180.630      180.730      180.820      180.920
   420:      181.010      181.110      181.200      181.300      181.390
   425:      181.490      181.580      181.680      181.770      181.870
   430:      181.970      182.060      182.160      182.250      182.350
   435:      182.440      182.540      182.630      182.730      182.820
   440:      182.920      183.010      183.110      183.200      183.300
   445:      183.390      195.260      195.350      195.450      195.540
   450:      195.640      195.730      195.830      195.920      196.020
   455:      196.110      196.210      196.300      196.400      196.490
   460:      196.590      196.690      196.780      196.880      196.970
   465:      197.070      197.160      197.260      197.350      197.450
   470:      197.540      197.640      197.730      197.830      197.920
   475:      198.020      198.110      198.210      198.310      198.400
   480:      198.500      198.590      198.690      198.780      198.880
   485:      198.970      199.070      199.160      199.260      199.350
   490:      199.450      199.540      199.640      199.730      199.830
   495:      199.930      200.020      200.120      200.210      200.310
   500:      200.400      200.500      200.590      200.690      200.780
   505:      200.880      200.970      201.070      201.160      201.260
   510:      201.360      201.450      201.550      201.640      201.740
   515:      201.830      201.930      202.020      202.120      202.210
   520:      202.310      202.400      202.500      202.590      202.690
   525:      202.780      202.880      202.980      203.070      203.170
   530:      203.260      203.360      203.450      203.550      203.640
   535:      203.740      203.830      203.930      204.020      204.120
   540:      204.210      204.310      204.400      204.500      204.600
   545:      204.690      204.790      204.880      204.980      260.060
   550:      260.150      260.250      260.340      260.440      260.540
   555:      260.630      260.730      260.820      260.920      261.010
   560:      261.110      261.200      261.300      261.390      261.490
   565:      261.580      261.680      261.770      261.870      261.960
   570:      262.060      262.160      262.250      262.350      262.440
   575:      262.540      262.630      262.730      262.820      262.920
   580:      263.010      263.110      263.200      263.300      263.390
   585:      263.490      263.580      263.680      263.780      263.870
   590:      263.970      264.060      264.160      264.250      264.350
   595:      264.440      264.540      264.630      264.730      264.820
   600:      264.920      265.010      265.110      265.210      265.300
   605:      265.400      265.490      265.590      265.680      265.780
   610:      265.870      265.970      266.060      266.160      266.250
   615:      266.350      266.440      266.540      266.630      266.730
   620:      266.830      266.920      267.020      267.110      267.210
   625:      267.300      267.400      267.490      267.590      267.680
   630:      267.780      267.870      267.970      268.060      268.160
   635:      268.250      268.350      268.450      268.540      268.640
   640:      268.730      268.830      268.920      269.020      269.110
   645:      269.210      269.300      269.400      269.490      269.590
   650:      269.680      269.780      269.870      269.970      270.070
   655:      270.160      270.260      270.350      270.450      270.540
   660:      270.640      270.730      270.830      270.920      271.020
   665:      271.110      271.210      271.300      271.400      285.290
   670:      285.380      285.480      285.570      285.670      285.760
   675:      285.860      285.950      286.050      286.150      286.240
   680:      286.340      286.430      286.530      286.620      286.720
   685:      286.810      286.910      287.000      287.100      287.190
   690:      287.290      287.380      287.480      287.570      287.670
   695:      287.770      287.860      287.960      288.050      288.150
   700:      288.240      288.340      288.430      288.530      288.620
   705:      288.720      288.810      288.910      289.000      289.100
   710:      289.190      289.290      289.390      289.480      289.580
   715:      289.670      289.770      289.860      289.960      290.050
   720:      290.150      290.240      290.340      290.430      290.530
   725:      290.620      290.720      290.810      290.910      291.010
   730:      291.100      291.200      291.290      291.390      291.480
   735:      291.580      291.670      291.770      291.860      291.960
   740:      292.050      292.150      292.240      292.340      292.430
   745:      292.530      292.630      292.720      292.820      292.910
   750:      293.010      293.100      293.200      293.290      293.390
   755:      293.480      293.580      293.670      293.770      293.860
   760:      293.960      294.050      294.150      294.250      294.340
   765:      294.440      294.530      294.630      294.720      294.820
   770:      294.910      350.090      350.190      350.280      350.380
   775:      350.470      350.570      350.660      350.760      350.850
   780:      350.950      351.040      351.140      351.230      351.330
   785:      351.420      351.520      351.620      351.710      351.810
   790:      351.900      352.000      352.090      352.190      352.280
   795:      352.380      352.470      352.570      352.660      352.760
   800:      352.850      352.950      353.040      353.140      353.240
   805:      353.330      353.430      353.520      353.620      353.710
   810:      353.810      353.900      354.000      354.090      354.190
   815:      354.280      354.380      354.470      354.570      354.660
   820:      354.760      354.860      354.950      355.050      355.140
   825:      355.240      355.330      355.430      355.520      355.620
   830:      355.710      355.810      355.900      356.000      356.090
   835:      356.190      356.280      356.380      356.480      356.570
   840:      356.670      356.760      356.860      356.950      357.050
   845:      357.140      357.240      357.330      357.430      357.520
   850:      357.620      357.710      357.810      357.900      358.000
   855:      358.100      358.190      358.290      358.380      358.480
   860:      358.570      358.670      358.760      358.860      358.950
   865:      359.050      359.140      359.240      359.330      359.430
   870:      359.520      359.620      359.720      359.810      359.910
   875:      360.000      360.100      360.190      360.290      360.380
   880:      360.480      360.570      360.670      360.760      360.860
   885:      360.950      361.050      361.150      361.240      361.340
   890:      361.430      374.250      374.350      374.440      374.540
   895:      374.630      374.730      374.820      374.920      375.010
   900:      375.110      375.200      375.300      375.390      375.490
   905:      375.580      375.680      375.780      375.870      375.970
   910:      376.060      376.160      376.250      376.350      376.440
   915:      376.540      376.630      376.730      376.820      376.920
   920:      377.010      377.110      377.200      377.300      377.400
   925:      377.490      377.590      377.680      377.780      377.870
   930:      377.970      378.060      378.160      378.250      378.350
   935:      378.440      378.540      378.630      378.730      378.820
   940:      378.920      379.020      379.110      379.210      379.300
   945:      379.400      379.490      379.590      379.680      379.780
   950:      379.870      379.970      380.060      380.160      380.250
   955:      380.350      380.440      380.540      380.640      380.730
   960:      380.830      380.920      381.020      381.110      381.210
   965:      381.300      381.400      381.490      381.590      381.680
   970:      381.780      381.870      381.970      382.070      382.160
   975:      382.260      382.350      382.450      382.540      382.640
   980:      382.730      382.830      382.920      383.020      383.110
   985:      383.210      383.300      383.400      383.490      383.590
   990:      383.690      383.780      383.880      383.970      439.050
   995:      439.150      439.240      439.340      439.430      439.530
  1000:      439.630      439.720      439.820      439.910      440.010
  1005:      440.100      440.200      440.290      440.390      440.480
  1010:      440.580      440.670      440.770      440.860      440.960
  1015:      441.050      441.150      441.250      441.340      441.440
  1020:      441.530      441.630      441.720      441.820      441.910
  1025:      442.010      442.100      442.200      442.290      442.390
  1030:      442.480      442.580      442.670      442.770      442.870
  1035:      442.960      443.060      443.150      443.250      443.340
  1040:      443.440      443.530      443.630      443.720      443.820
  1045:      443.910      444.010      444.100      444.200      444.300
  1050:      444.390      444.490      444.580      444.680      444.770
  1055:      444.870      444.960      445.060      445.150      445.250
  1060:      445.340      445.440      445.530      445.630      445.720
  1065:      445.820      445.920      446.010      446.110      446.200
  1070:      446.300      446.390      446.490      446.580      446.680
  1075:      446.770      446.870      446.960      447.060      447.150
  1080:      447.250      447.340      447.440      447.540      447.630
  1085:      447.730      447.820      447.920      448.010      448.110
  1090:      448.200      448.300      448.390      448.490      448.580
  1095:      448.680      448.770      448.870      448.960      449.060
  1100:      449.160      449.250      449.350      449.440      449.540
  1105:      449.630      449.730      449.820      449.920      450.010
  1110:      450.110      450.200      450.300      450.390
L:
     0:       50.130      134.250      136.470      137.630      220.560
     5:      220.870      221.210      223.660      224.150      324.960
    10:      326.860      328.180      400.270      403.680
M:
     0:       10.000       12.000       12.000       13.000       14.000
     5:       17.000       12.000       15.000       16.000       14.000
    10:       12.000       15.000       14.000       14.000       12.000
    15:       14.000       15.000       14.000       16.000       10.000
    20:       15.000       14.000       16.000       17.000       15.000
    25:       14.000       18.000       12.000       14.000       16.000
    30:       11.000       13.000       13.000       14.000       15.000
    35:       18.000       13.000       16.000       17.000       15.000
    40:       13.000       16.000       15.000       15.000       13.000
    45:       15.000       16.000       15.000       17.000       11.000
    50:       16.000       15.000       17.000       18.000       16.000
    55:       15.000       19.000       13.000       15.000       17.000
    60:       12.000       14.000       14.000       15.000       16.000
    65:       19.000       14.000       17.000       18.000       16.000
    70:       14.000       17.000       16.000       16.000       14.000
    75:       16.000       17.000       16.000       18.000       12.000
    80:       17.000       16.000       18.000       19.000       17.000
    85:       16.000       20.000       14.000       16.000       19.000
    90:       13.000       14.000       13.000       19.000       13.000
    95:       15.000       14.000       13.000       14.000
P:
     0:       70.130       70.630       71.130      154.250      154.750
     5:      155.250      240.560      241.060      241.560      344.960
    10:      345.460      345.960      420.270      420.770      421.270
R:
     0:       50.130      134.250      220.560      324.960      400.270
V:
W:
     0:        1.000        1.000        1.000        1.000        1.000
     5:        1.000        1.000        1.000        1.000        1.000
    10:        1.000        1.000        1.000        1.000        1.000
    15:        1.000        1.000        1.000        1.000        1.000
    20:        1.000        1.000        1.000        1.000        1.000
    25:        1.000        1.000        1.000        1.000        1.000
    30:        1.000        1.000        1.000        1.000        1.000
    35:        1.000
X:
     0:       15.000       15.150      107.000      107.150      195.000
     5:      195.150      285.000      285.150      374.000      374.150
Y:
     0:       25.100       25.190       25.290       25.380       25.480
     5:       25.570       25.670       25.760       25.860       25.950
    10:       26.050       26.140       26.240       26.340       26.430
    15:       26.530       26.620       26.720       26.810       26.910
    20:       27.000       27.100       27.190       27.290       27.380
    25:       27.480       27.570       27.670       27.760       27.860
    30:       27.960       28.050       28.150       28.240       28.340
    35:       28.430       28.530       28.620       28.720       28.810
    40:       28.910       29.000       29.100       29.190       29.290
    45:       29.380       29.480       29.580       29.670       29.770
    50:       29.860       29.960       30.050       30.150       30.240
    55:       30.340       30.430       30.530       30.620       30.720
    60:       30.810       30.910       31.000       31.100       31.200
    65:       31.290       31.390       31.480       31.580       31.670
    70:       31.770       31.860       31.960       32.050       32.150
    75:       32.240       32.340       32.430       32.530       32.620
    80:       32.720       32.820       32.910       33.010       33.100
    85:       33.200       33.290       33.390       33.480       33.580
    90:       33.670       33.770       33.860       33.960       34.050
    95:       34.150       34.240       34.340       34.440       34.530
   100:       34.630       34.720       34.820       34.910       35.010
   105:       35.100       35.200       35.290       35.390       35.480
   110:       35.580       35.670       35.770       35.860       35.960
   115:       36.060       36.150       36.250       36.340       36.440
   120:       36.530       36.630       36.720       36.820       36.910
   125:       37.010       37.100       37.200       37.290       37.390
   130:       37.490       37.580       37.680       37.770       37.870
   135:       37.960       38.060       38.150       38.250       38.340
   140:       38.440       38.530       38.630       38.720       38.820
   145:       38.910       39.010       39.110       39.200       39.300
   150:       39.390       39.490       39.580       39.680       39.770
   155:       39.870       39.960       40.060       40.150       40.250
   160:       40.340       40.440       40.530       40.630       40.730
   165:       40.820       40.920       41.010       41.110       41.200
   170:       41.300       41.390       41.490       41.580       41.680
   175:       41.770       41.870       41.960       42.060       42.150
   180:       42.250       42.350       42.440       42.540       42.630
   185:       42.730       42.820       42.920       43.010       43.110
   190:       43.200       43.300       43.390       43.490       43.580
   195:       43.680       43.770       43.870       43.970       44.060
   200:       44.160       44.250       44.350       44.440       44.540
   205:       44.630       44.730       44.820       44.920       45.010
   210:       45.110       45.200       45.300       45.390       45.490
   215:       45.590       45.680       45.780       45.870       45.970
   220:       46.060       46.160       46.250       46.350       46.440
   225:       46.540       46.630       46.730       46.820       46.920
   230:       47.010       47.110       47.210       47.300       47.400
   235:       47.490       47.590       47.680       47.780       47.870
   240:       47.970       48.060       48.160       48.250       48.350
   245:       48.440       48.540       48.630       48.730       48.830
   250:       48.920       49.020       49.110       49.210       49.300
   255:       49.400       49.490       49.590       49.680       49.780
   260:       49.870       49.970       50.060       50.160       50.260
   265:       50.350       50.450       50.540       50.640       50.730
   270:       50.830       50.920       51.020       51.110       51.210
   275:       51.300       51.400       51.490       51.590       51.680
   280:       51.780       51.880       51.970       52.070       52.160
   285:       52.260       52.350       52.450       52.540       52.640
   290:       52.730       52.830       52.920       53.020       53.110
   295:       53.210       53.300       53.400       53.500       53.590
   300:       53.690       53.780       53.880       53.970       54.070
   305:       54.160       54.260       54.350       54.450       54.540
   310:       54.640       54.730       54.830       54.920       55.020
   315:       55.120       55.210       55.310       55.400       55.500
   320:       55.590       55.690       55.780       55.880       55.970
   325:       56.070       56.160       56.260       56.350       56.450
   330:       56.540       56.640       56.740       56.830       56.930
   335:       57.020       57.120       57.210       57.310       57.400
   340:       57.500       57.590       57.690       57.780       57.880
   345:       57.970       58.070       58.160       58.260       58.360
   350:       58.450       58.550       58.640       58.740       58.830
   355:       58.930       59.020       59.120       59.210       59.310
   360:       59.400       59.500       59.590       59.690       59.780
   365:       59.880       59.980       60.070       60.170       60.260
   370:       60.360       60.450       60.550       60.640       60.740
   375:       60.830       60.930       61.020       61.120       61.210
   380:       61.310       61.410       61.500       61.600       61.690
   385:       61.790       61.880       61.980       62.070       62.170
   390:       62.260       62.360       62.450       62.550       62.640
   395:       62.740       62.830       62.930       63.030       63.120
   400:       63.220       63.310       63.410       63.500       63.600
   405:       63.690       63.790       63.880       63.980       64.070
   410:       64.170       64.260       64.360       64.450       64.550
   415:       64.650       64.740       64.840       64.930       65.030
   420:       65.120       65.220       65.310       65.410       65.500
   425:       65.600       65.690       65.790       65.880       65.980
   430:       66.070       66.170       66.270       66.360       66.460
   435:       66.550       66.650       66.740       66.840       66.930
   440:       67.030       67.120       67.220       67.310       67.410
   445:       67.500       67.600       67.690       67.790       67.890
   450:       67.980       68.080       68.170       68.270       68.360
   455:       68.460       68.550       68.650       68.740       68.840
   460:       68.930       69.030       69.120       69.220       69.310
   465:       69.410       69.510       69.600       69.700       69.790
   470:       69.890       69.980       70.080       70.170       70.270
   475:       70.360       70.460       70.550       70.650       70.740
   480:       70.840       70.930       71.030       71.130       71.220
   485:       71.320       71.410       71.510       71.600       71.700
   490:       71.790       71.890       71.980       72.080       72.170
   495:       72.270       72.360       72.460       72.550       72.650
   500:       72.750       72.840       72.940       73.030       73.130
   505:       73.220       73.320       73.410       73.510       73.600
   510:       73.700       73.790       73.890       73.980       74.080
   515:       74.180       74.270       74.370       74.460       74.560
   520:       74.650       74.750       74.840       74.940       75.030
   525:       75.130       75.220       75.320       75.410       75.510
   530:       75.600       75.700       75.800       75.890       75.990
   535:       76.080       76.180       76.270       76.370       76.460
   540:       76.560       76.650       76.750       76.840       76.940
   545:       77.030       77.130       77.220       77.320       77.420
   550:       77.510       77.610       77.700       77.800       77.890
   555:       77.990       78.080       78.180       78.270       78.370
   560:       78.460       78.560       78.650       78.750       78.840
   565:       78.940       79.040       79.130       79.230       79.320
   570:       79.420       79.510       79.610       79.700       79.800
   575:       79.890       79.990      117.070      117.160      117.260
   580:      117.350      117.450      117.540      117.640      117.730
   585:      117.830      117.920      118.020      118.120      118.210
   590:      118.310      118.400      118.500      118.590      118.690
   595:      118.780      118.880      118.970      119.070      119.160
   600:      119.260      119.350      119.450      119.540      119.640
   605:      119.740      119.830      119.930      120.020      120.120
   610:      120.210      120.310      120.400      120.500      120.590
   615:      120.690      120.780      120.880      120.970      121.070
   620:      121.160      121.260      121.360      121.450      121.550
   625:      121.640      121.740      121.830      121.930      122.020
   630:      122.120      122.210      122.310      122.400      122.500
   635:      122.590      122.690      122.780      122.880      122.980
   640:      123.070      123.170      123.260      123.360      123.450
   645:      123.550      123.640      123.740      123.830      123.930
   650:      124.020      124.120      124.210      124.310      124.400
   655:      124.500      124.600      124.690      124.790      124.880
   660:      124.980      125.070      125.170      125.260      125.360
   665:      125.450      125.550      125.640      125.740      125.830
   670:      125.930      126.020      126.120      126.220      126.310
   675:      126.410      126.500      126.600      126.690      126.790
   680:      126.880      126.980      127.070      127.170      127.260
   685:      127.360      127.450      127.550      127.640      127.740
   690:      127.840      127.930      128.030      128.120      128.220
   695:      128.310      128.410      128.500      128.600      128.690
   700:      128.790      128.880      128.980      129.070      129.170
   705:      129.260      129.360      129.460      129.550      129.650
   710:      129.740      129.840      129.930      130.030      130.120
   715:      130.220      130.310      130.410      130.500      130.600
   720:      130.690      130.790      130.890      130.980      131.080
   725:      131.170      131.270      131.360      131.460      131.550
   730:      131.650      131.740      131.840      131.930      132.030
   735:      132.120      132.220      132.310      132.410      132.510
   740:      132.600      132.700      132.790      132.890      132.980
   745:      133.080      133.170      133.270      133.360      133.460
   750:      133.550      133.650      133.740      133.840      133.930
   755:      134.030      134.130      134.220      134.320      134.410
   760:      134.510      134.600      134.700      134.790      134.890
   765:      134.980      135.080      135.170      135.270      135.360
   770:      135.460      135.550      135.650      135.750      135.840
   775:      135.940      136.030      136.130      136.220      136.320
   780:      136.410      136.510      136.600      136.700      136.790
   785:      136.890      136.980      137.080      137.170      137.270
   790:      137.370      137.460      137.560      137.650      137.750
   795:      137.840      137.940      138.030      138.130      138.220
   800:      138.320      138.410      138.510      138.600      138.700
   805:      138.790      138.890      138.990      139.080      139.180
   810:      139.270      139.370      139.460      139.560      139.650
   815:      139.750      139.840      139.940      140.030      140.130
   820:      140.220      140.320      140.410      140.510      140.610
   825:      140.700      140.800      140.890      140.990      141.080
   830:      141.180      141.270      141.370      141.460      141.560
   835:      141.650      141.750      141.840      141.940      142.030
   840:      142.130      142.230      142.320      142.420      142.510
   845:      142.610      142.700      142.800      142.890      142.990
   850:      143.080      143.180      143.270      143.370      143.460
   855:      143.560      143.660      143.750      143.850      143.940
   860:      144.040      144.130      144.230      144.320      144.420
   865:      144.510      144.610      144.700      144.800      144.890
   870:      144.990      145.080      145.180      145.280      145.370
   875:      145.470      145.560      145.660      145.750      145.850
   880:      145.940      146.040      146.130      146.230      146.320
   885:      146.420      146.510      146.610      146.700      146.800
   890:      146.900      146.990      147.090      147.180      147.280
   895:      147.370      147.470      147.560      147.660      147.750
   900:      147.850      147.940      148.040      148.130      148.230
   905:      148.320      148.420      148.520      148.610      148.710
   910:      148.800      148.900      148.990      149.090      149.180
   915:      149.280      149.370      149.470      149.560      149.660
   920:      149.750      149.850      149.940      150.040      150.140
   925:      150.230      150.330      150.420      150.520      150.610
   930:      150.710      150.800      150.900      150.990      151.090
   935:      151.180      151.280      151.370      151.470      151.560
   940:      151.660      151.760      151.850      151.950      152.040
   945:      152.140      152.230      152.330      152.420      152.520
   950:      152.610      152.710      152.800      152.900      152.990
   955:      153.090      153.180      153.280      153.380      153.470
   960:      153.570      153.660      153.760      153.850      153.950
   965:      154.040      154.140      154.230      154.330      154.420
   970:      154.520      154.610      154.710      154.810      154.900
   975:      155.000      155.090      155.190      155.280      155.380
   980:      155.470      155.570      155.660      155.760      155.850
   985:      155.950      156.040      156.140      156.230      156.330
   990:      156.430      156.520      156.620      156.710      156.810
   995:      156.900      157.000      157.090      157.190      157.280
  1000:      157.380      157.470      157.570      157.660      157.760
  1005:      157.850      157.950      158.050      158.140      158.240
  1010:      158.330      158.430      158.520      158.620      158.710
  1015:      158.810      158.900      159.000      159.090      159.190
  1020:      159.280      159.380      159.470      159.570      159.670
  1025:      159.760      159.860      159.950      160.050      160.140
  1030:      160.240      160.330      160.430      160.520      160.620
  1035:      160.710      160.810      160.900      161.000      161.090
  1040:      161.190      161.290      161.380      161.480      161.570
  1045:      161.670      161.760      161.860      161.950      162.050
  1050:      162.140      162.240      162.330      162.430      162.520
  1055:      162.620      162.710      162.810      162.910      163.000
  1060:      163.100      163.190      163.290      163.380      163.480
  1065:      163.570      163.670      163.760      163.860      163.950
  1070:      164.050      164.140      164.240      164.330      164.430
  1075:      164.530      164.620      164.720      164.810      164.910
  1080:      165.000      165.100      165.190      165.290      165.380
  1085:      165.480      165.570      165.670      165.760      165.860
  1090:      165.950      166.050      166.150      166.240      166.340
  1095:      166.430      166.530      166.620      166.720      166.810
  1100:      166.910      167.000      167.100      167.190      167.290
  1105:      167.380      167.480      167.580      167.670      167.770
  1110:      167.860      167.960      168.050      168.150      168.240
  1115:      168.340      168.430      168.530      168.620      168.720
  1120:      168.810      168.910      169.000      169.100      169.200
  1125:      169.290      169.390      169.480      169.580      169.670
  1130:      169.770      169.860      169.960      170.050      170.150
  1135:      170.240      170.340      170.430      170.530      170.620
  1140:      170.720      170.820      170.910      171.010      171.100
  1145:      171.200      171.290      171.390      171.480      171.580
  1150:      171.670      171.770      171.860      171.960      205.070
  1155:      205.170      205.260      205.360      205.450      205.550
  1160:      205.640      205.740      205.830      205.930      206.020
  1165:      206.120      206.220      206.310      206.410      206.500
  1170:      206.600      206.690      206.790      206.880      206.980
  1175:      207.070      207.170      207.260      207.360      207.450
  1180:      207.550      207.640      207.740      207.840      207.930
  1185:      208.030      208.120      208.220      208.310      208.410
  1190:      208.500      208.600      208.690      208.790      208.880
  1195:      208.980      209.070      209.170      209.260      209.360
  1200:      209.460      209.550      209.650      209.740      209.840
  1205:      209.930      210.030      210.120      210.220      210.310
  1210:      210.410      210.500      210.600      210.690      210.790
  1215:      210.880      210.980      211.080      211.170      211.270
  1220:      211.360      211.460      211.550      211.650      211.740
  1225:      211.840      211.930      212.030      212.120      212.220
  1230:      212.310      212.410      212.500      212.600      212.700
  1235:      212.790      212.890      212.980      213.080      213.170
  1240:      213.270      213.360      213.460      213.550      213.650
  1245:      213.740      213.840      213.930      214.030      214.130
  1250:      214.220      214.320      214.410      214.510      214.600
  1255:      214.700      214.790      214.890      214.980      215.080
  1260:      215.170      215.270      215.360      215.460      215.550
  1265:      215.650      215.750      215.840      215.940      216.030
  1270:      216.130      216.220      216.320      216.410      216.510
  1275:      216.600      216.700      216.790      216.890      216.980
  1280:      217.080      217.170      217.270      217.370      217.460
  1285:      217.560      217.650      217.750      217.840      217.940
  1290:      218.030      218.130      218.220      218.320      218.410
  1295:      218.510      218.600      218.700      218.790      218.890
  1300:      218.990      219.080      219.180      219.270      219.370
  1305:      219.460      219.560      219.650      219.750      219.840
  1310:      219.940      220.030      220.130      220.220      220.320
  1315:      220.410      220.510      220.610      220.700      220.800
  1320:      220.890      220.990      221.080      221.180      221.270
  1325:      221.370      221.460      221.560      221.650      221.750
  1330:      221.840      221.940      222.030      222.130      222.230
  1335:      222.320      222.420      222.510      222.610      222.700
  1340:      222.800      222.890      222.990      223.080      223.180
  1345:      223.270      223.370      223.460      223.560      223.650
  1350:      223.750      223.850      223.940      224.040      224.130
  1355:      224.230      224.320      224.420      224.510      224.610
  1360:      224.700      224.800      224.890      224.990      225.080
  1365:      225.180      225.270      225.370      225.470      225.560
  1370:      225.660      225.750      225.850      225.940      226.040
  1375:      226.130      226.230      226.320      226.420      226.510
  1380:      226.610      226.700      226.800      226.890      226.990
  1385:      227.090      227.180      227.280      227.370      227.470
  1390:      227.560      227.660      227.750      227.850      227.940
  1395:      228.040      228.130      228.230      228.320      228.420
  1400:      228.520      228.610      228.710      228.800      228.900
  1405:      228.990      229.090      229.180      229.280      229.370
  1410:      229.470      229.560      229.660      229.750      229.850
  1415:      229.940      230.040      230.140      230.230      230.330
  1420:      230.420      230.520      230.610      230.710      230.800
  1425:      230.900      230.990      231.090      231.180      231.280
  1430:      231.370      231.470      231.560      231.660      231.760
  1435:      231.850      231.950      232.040      232.140      232.230
  1440:      232.330      232.420      232.520      232.610      232.710
  1445:      232.800      232.900      232.990      233.090      233.180
  1450:      233.280      233.380      233.470      233.570      233.660
  1455:      233.760      233.850      233.950      234.040      234.140
  1460:      234.230      234.330      234.420      234.520      234.610
  1465:      234.710      234.800      234.900      235.000      235.090
  1470:      235.190      235.280      235.380      235.470      235.570
  1475:      235.660      235.760      235.850      235.950      236.040
  1480:      236.140      236.230      236.330      236.420      236.520
  1485:      236.620      236.710      236.810      236.900      237.000
  1490:      237.090      237.190      237.280      237.380      237.470
  1495:      237.570      237.660      237.760      237.850      237.950
  1500:      238.040      238.140      238.240      238.330      238.430
  1505:      238.520      238.620      238.710      238.810      238.900
  1510:      239.000      239.090      239.190      239.280      239.380
  1515:      239.470      239.570      239.670      239.760      239.860
  1520:      239.950      240.050      240.140      240.240      240.330
  1525:      240.430      240.520      240.620      240.710      240.810
  1530:      240.900      241.000      241.090      241.190      241.290
  1535:      241.380      241.480      241.570      241.670      241.760
  1540:      241.860      241.950      242.050      242.140      242.240
  1545:      242.330      242.430      242.520      242.620      242.710
  1550:      242.810      242.910      243.000      243.100      243.190
  1555:      243.290      243.380      243.480      243.570      243.670
  1560:      243.760      243.860      243.950      244.050      244.140
  1565:      244.240      244.330      244.430      244.530      244.620
  1570:      244.720      244.810      244.910      245.000      245.100
  1575:      245.190      245.290      245.380      245.480      245.570
  1580:      245.670      245.760      245.860      245.950      246.050
  1585:      246.150      246.240      246.340      246.430      246.530
  1590:      246.620      246.720      246.810      246.910      247.000
  1595:      247.100      247.190      247.290      247.380      247.480
  1600:      247.570      247.670      247.770      247.860      247.960
  1605:      248.050      248.150      248.240      248.340      248.430
  1610:      248.530      248.620      248.720      248.810      248.910
  1615:      249.000      249.100      249.190      249.290      249.390
  1620:      249.480      249.580      249.670      249.770      249.860
  1625:      249.960      250.050      250.150      250.240      250.340
  1630:      250.430      250.530      250.620      250.720      250.810
  1635:      250.910      251.010      251.100      251.200      251.290
  1640:      251.390      251.480      251.580      251.670      251.770
  1645:      251.860      251.960      252.050      252.150      252.240
  1650:      252.340      252.440      252.530      252.630      252.720
  1655:      252.820      252.910      253.010      253.100      253.200
  1660:      253.290      253.390      253.480      253.580      253.670
  1665:      253.770      253.860      253.960      254.060      254.150
  1670:      254.250      254.340      254.440      254.530      254.630
  1675:      254.720      254.820      254.910      255.010      255.100
  1680:      255.200      255.290      255.390      255.480      255.580
  1685:      255.680      255.770      255.870      255.960      256.060
  1690:      256.150      256.250      256.340      256.440      256.530
  1695:      256.630      256.720      256.820      256.910      257.010
  1700:      257.100      257.200      257.300      257.390      257.490
  1705:      257.580      257.680      257.770      257.870      257.960
  1710:      258.060      258.150      258.250      258.340      258.440
  1715:      258.530      258.630      258.720      258.820      258.920
  1720:      259.010      259.110      259.200      259.300      259.390
  1725:      259.490      259.580      259.680      259.770      259.870
  1730:      259.960      295.010      295.100      295.200      295.290
  1735:      295.390      295.480      295.580      295.670      295.770
  1740:      295.870      295.960      296.060      296.150      296.250
  1745:      296.340      296.440      296.530      296.630      296.720
  1750:      296.820      296.910      297.010      297.100      297.200
  1755:      297.300      297.390      297.490      297.580      297.680
  1760:      297.770      297.870      297.960      298.060      298.150
  1765:      298.250      298.340      298.440      298.530      298.630
  1770:      298.720      298.820      298.920      299.010      299.110
  1775:      299.200      299.300      299.390      299.490      299.580
  1780:      299.680      299.770      299.870      299.960      300.060
  1785:      300.150      300.250      300.340      300.440      300.540
  1790:      300.630      300.730      300.820      300.920      301.010
  1795:      301.110      301.200      301.300      301.390      301.490
  1800:      301.580      301.680      301.770      301.870      301.960
  1805:      302.060      302.160      302.250      302.350      302.440
  1810:      302.540      302.630      302.730      302.820      302.920
  1815:      303.010      303.110      303.200      303.300      303.390
  1820:      303.490      303.580      303.680      303.780      303.870
  1825:      303.970      304.060      304.160      304.250      304.350
  1830:      304.440      304.540      304.630      304.730      304.820
  1835:      304.920      305.010      305.110      305.200      305.300
  1840:      305.400      305.490      305.590      305.680      305.780
  1845:      305.870      305.970      306.060      306.160      306.250
  1850:      306.350      306.440      306.540      306.630      306.730
  1855:      306.820      306.920      307.020      307.110      307.210
  1860:      307.300      307.400      307.490      307.590      307.680
  1865:      307.780      307.870      307.970      308.060      308.160
  1870:      308.250      308.350      308.440      308.540      308.640
  1875:      308.730      308.830      308.920      309.020      309.110
  1880:      309.210      309.300      309.400      309.490      309.590
  1885:      309.680      309.780      309.870      309.970      310.070
  1890:      310.160      310.260      310.350      310.450      310.540
  1895:      310.640      310.730      310.830      310.920      311.020
  1900:      311.110      311.210      311.300      311.400      311.490
  1905:      311.590      311.690      311.780      311.880      311.970
  1910:      312.070      312.160      312.260      312.350      312.450
  1915:      312.540      312.640      312.730      312.830      312.920
  1920:      313.020      313.110      313.210      313.310      313.400
  1925:      313.500      313.590      313.690      313.780      313.880
  1930:      313.970      314.070      314.160      314.260      314.350
  1935:      314.450      314.540      314.640      314.730      314.830
  1940:      314.930      315.020      315.120      315.210      315.310
  1945:      315.400      315.500      315.590      315.690      315.780
  1950:      315.880      315.970      316.070      316.160      316.260
  1955:      316.350      316.450      316.550      316.640      316.740
  1960:      316.830      316.930      317.020      317.120      317.210
  1965:      317.310      317.400      317.500      317.590      317.690
  1970:      317.780      317.880      317.970      318.070      318.170
  1975:      318.260      318.360      318.450      318.550      318.640
  1980:      318.740      318.830      318.930      319.020      319.120
  1985:      319.210      319.310      319.400      319.500      319.590
  1990:      319.690      319.790      319.880      319.980      320.070
  1995:      320.170      320.260      320.360      320.450      320.550
  2000:      320.640      320.740      320.830      320.930      321.020
  2005:      321.120      321.210      321.310      321.410      321.500
  2010:      321.600      321.690      321.790      321.880      321.980
  2015:      322.070      322.170      322.260      322.360      322.450
  2020:      322.550      322.640      322.740      322.840      322.930
  2025:      323.030      323.120      323.220      323.310      323.410
  2030:      323.500      323.600      323.690      323.790      323.880
  2035:      323.980      324.070      324.170      324.260      324.360
  2040:      324.460      324.550      324.650      324.740      324.840
  2045:      324.930      325.030      325.120      325.220      325.310
  2050:      325.410      325.500      325.600      325.690      325.790
  2055:      325.880      325.980      326.080      326.170      326.270
  2060:      326.360      326.460      326.550      326.650      326.740
  2065:      326.840      326.930      327.030      327.120      327.220
  2070:      327.310      327.410      327.500      327.600      327.700
  2075:      327.790      327.890      327.980      328.080      328.170
  2080:      328.270      328.360      328.460      328.550      328.650
  2085:      328.740      328.840      328.930      329.030      329.120
  2090:      329.220      329.320      329.410      329.510      329.600
  2095:      329.700      329.790      329.890      329.980      330.080
  2100:      330.170      330.270      330.360      330.460      330.550
  2105:      330.650      330.740      330.840      330.940      331.030
  2110:      331.130      331.220      331.320      331.410      331.510
  2115:      331.600      331.700      331.790      331.890      331.980
  2120:      332.080      332.170      332.270      332.360      332.460
  2125:      332.560      332.650      332.750      332.840      332.940
  2130:      333.030      333.130      333.220      333.320      333.410
  2135:      333.510      333.600      333.700      333.790      333.890
  2140:      333.980      334.080      334.180      334.270      334.370
  2145:      334.460      334.560      334.650      334.750      334.840
  2150:      334.940      335.030      335.130      335.220      335.320
  2155:      335.410      335.510      335.610      335.700      335.800
  2160:      335.890      335.990      336.080      336.180      336.270
  2165:      336.370      336.460      336.560      336.650      336.750
  2170:      336.840      336.940      337.030      337.130      337.230
  2175:      337.320      337.420      337.510      337.610      337.700
  2180:      337.800      337.890      337.990      338.080      338.180
  2185:      338.270      338.370      338.460      338.560      338.650
  2190:      338.750      338.850      338.940      339.040      339.130
  2195:      339.230      339.320      339.420      339.510      339.610
  2200:      339.700      339.800      339.890      339.990      340.080
  2205:      340.180      340.270      340.370      340.470      340.560
  2210:      340.660      340.750      340.850      340.940      341.040
  2215:      341.130      341.230      341.320      341.420      341.510
  2220:      341.610      341.700      341.800      341.890      341.990
  2225:      342.090      342.180      342.280      342.370      342.470
  2230:      342.560      342.660      342.750      342.850      342.940
  2235:      343.040      343.130      343.230      343.320      343.420
  2240:      343.510      343.610      343.710      343.800      343.900
  2245:      343.990      344.090      344.180      344.280      344.370
  2250:      344.470      344.560      344.660      344.750      344.850
  2255:      344.940      345.040      345.130      345.230      345.330
  2260:      345.420      345.520      345.610      345.710      345.800
  2265:      345.900      345.990      346.090      346.180      346.280
  2270:      346.370      346.470      346.560      346.660      346.750
  2275:      346.850      346.950      347.040      347.140      347.230
  2280:      347.330      347.420      347.520      347.610      347.710
  2285:      347.800      347.900      347.990      348.090      348.180
  2290:      348.280      348.380      348.470      348.570      348.660
  2295:      348.760      348.850      348.950      349.040      349.140
  2300:      349.230      349.330      349.420      349.520      349.610
  2305:      349.710      349.800      349.900      350.000      384.070
  2310:      384.160      384.260      384.350      384.450      384.540
  2315:      384.640      384.730      384.830      384.920      385.020
  2320:      385.110      385.210      385.310      385.400      385.500
  2325:      385.590      385.690      385.780      385.880      385.970
  2330:      386.070      386.160      386.260      386.350      386.450
  2335:      386.540      386.640      386.730      386.830      386.930
  2340:      387.020      387.120      387.210      387.310      387.400
  2345:      387.500      387.590      387.690      387.780      387.880
  2350:      387.970      388.070      388.160      388.260      388.350
  2355:      388.450      388.550      388.640      388.740      388.830
  2360:      388.930      389.020      389.120      389.210      389.310
  2365:      389.400      389.500      389.590      389.690      389.780
  2370:      389.880      389.970      390.070      390.170      390.260
  2375:      390.360      390.450      390.550      390.640      390.740
  2380:      390.830      390.930      391.020      391.120      391.210
  2385:      391.310      391.400      391.500      391.590      391.690
  2390:      391.790      391.880      391.980      392.070      392.170
  2395:      392.260      392.360      392.450      392.550      392.640
  2400:      392.740      392.830      392.930      393.020      393.120
  2405:      393.210      393.310      393.410      393.500      393.600
  2410:      393.690      393.790      393.880      393.980      394.070
  2415:      394.170      394.260      394.360      394.450      394.550
  2420:      394.640      394.740      394.840      394.930      395.030
  2425:      395.120      395.220      395.310      395.410      395.500
  2430:      395.600      395.690      395.790      395.880      395.980
  2435:      396.070      396.170      396.260      396.360      396.460
  2440:      396.550      396.650      396.740      396.840      396.930
  2445:      397.030      397.120      397.220      397.310      397.410
  2450:      397.500      397.600      397.690      397.790      397.880
  2455:      397.980      398.080      398.170      398.270      398.360
  2460:      398.460      398.550      398.650      398.740      398.840
  2465:      398.930      399.030      399.120      399.220      399.310
  2470:      399.410      399.500      399.600      399.700      399.790
  2475:      399.890      399.980      400.080      400.170      400.270
  2480:      400.360      400.460      400.550      400.650      400.740
  2485:      400.840      400.930      401.030      401.120      401.220
  2490:      401.320      401.410      401.510      401.600      401.700
  2495:      401.790      401.890      401.980      402.080      402.170
  2500:      402.270      402.360      402.460      402.550      402.650
  2505:      402.740      402.840      402.940      403.030      403.130
  2510:      403.220      403.320      403.410      403.510      403.600
  2515:      403.700      403.790      403.890      403.980      404.080
  2520:      404.170      404.270      404.360      404.460      404.560
  2525:      404.650      404.750      404.840      404.940      405.030
  2530:      405.130      405.220      405.320      405.410      405.510
  2535:      405.600      405.700      405.790      405.890      405.980
  2540:      406.080      406.180      406.270      406.370      406.460
  2545:      406.560      406.650      406.750      406.840      406.940
  2550:      407.030      407.130      407.220      407.320      407.410
  2555:      407.510      407.610      407.700      407.800      407.890
  2560:      407.990      408.080      408.180      408.270      408.370
  2565:      408.460      408.560      408.650      408.750      408.840
  2570:      408.940      409.030      409.130      409.230      409.320
  2575:      409.420      409.510      409.610      409.700      409.800
  2580:      409.890      409.990      410.080      410.180      410.270
  2585:      410.370      410.460      410.560      410.650      410.750
  2590:      410.850      410.940      411.040      411.130      411.230
  2595:      411.320      411.420      411.510      411.610      411.700
  2600:      411.800      411.890      411.990      412.080      412.180
  2605:      412.270      412.370      412.470      412.560      412.660
  2610:      412.750      412.850      412.940      413.040      413.130
  2615:      413.230      413.320      413.420      413.510      413.610
  2620:      413.700      413.800      413.890      413.990      414.090
  2625:      414.180      414.280      414.370      414.470      414.560
  2630:      414.660      414.750      414.850      414.940      415.040
  2635:      415.130      415.230      415.320      415.420      415.510
  2640:      415.610      415.710      415.800      415.900      415.990
  2645:      416.090      416.180      416.280      416.370      416.470
  2650:      416.560      416.660      416.750      416.850      416.940
  2655:      417.040      417.130      417.230      417.330      417.420
  2660:      417.520      417.610      417.710      417.800      417.900
  2665:      417.990      418.090      418.180      418.280      418.370
  2670:      418.470      418.560      418.660      418.760      418.850
  2675:      418.950      419.040      419.140      419.230      419.330
  2680:      419.420      419.520      419.610      419.710      419.800
  2685:      419.900      419.990      420.090      420.180      420.280
  2690:      420.380      420.470      420.570      420.660      420.760
  2695:      420.850      420.950      421.040      421.140      421.230
  2700:      421.330      421.420      421.520      421.610      421.710
  2705:      421.800      421.900      422.000      422.090      422.190
  2710:      422.280      422.380      422.470      422.570      422.660
  2715:      422.760      422.850      422.950      423.040      423.140
  2720:      423.230      423.330      423.420      423.520      423.620
  2725:      423.710      423.810      423.900      424.000      424.090
  2730:      424.190      424.280      424.380      424.470      424.570
  2735:      424.660      424.760      424.850      424.950      425.040
  2740:      425.140      425.240      425.330      425.430      425.520
  2745:      425.620      425.710      425.810      425.900      426.000
  2750:      426.090      426.190      426.280      426.380      426.470
  2755:      426.570      426.660      426.760      426.860      426.950
  2760:      427.050      427.140      427.240      427.330      427.430
  2765:      427.520      427.620      427.710      427.810      427.900
  2770:      428.000      428.090      428.190      428.280      428.380
  2775:      428.480      428.570      428.670      428.760      428.860
  2780:      428.950      429.050      429.140      429.240      429.330
  2785:      429.430      429.520      429.620      429.710      429.810
  2790:      429.900      430.000      430.100      430.190      430.290
  2795:      430.380      430.480      430.570      430.670      430.760
  2800:      430.860      430.950      431.050      431.140      431.240
  2805:      431.330      431.430      431.530      431.620      431.720
  2810:      431.810      431.910      432.000      432.100      432.190
  2815:      432.290      432.380      432.480      432.570      432.670
  2820:      432.760      432.860      432.950      433.050      433.150
  2825:      433.240      433.340      433.430      433.530      433.620
  2830:      433.720      433.810      433.910      434.000      434.100
  2835:      434.190      434.290      434.380      434.480      434.570
  2840:      434.670      434.770      434.860      434.960      435.050
  2845:      435.150      435.240      435.340      435.430      435.530
  2850:      435.620      435.720      435.810      435.910      436.000
  2855:      436.100      436.190      436.290      436.390      436.480
  2860:      436.580      436.670      436.770      436.860      436.960
  2865:      437.050      437.150      437.240      437.340      437.430
  2870:      437.530      437.620      437.720      437.810      437.910
  2875:      438.010      438.100      438.200      438.290      438.390
  2880:      438.480      438.580      438.670      438.770      438.860
  2885:      438.960
Z:
     0:        0.000        5.000       14.000        0.000        0.000
     5:        0.000       15.000       10.000     2886.000     1114.000
    10:        0.000      109.000        0.000        0.000        0.000
    15:        0.000
