File: C:\MED-PC IV\Data\Tarun\RM-B12_RM036\postBaseplate\R01\S01_R01_FR1_20s_100trials


Start Date: 06/02/17
End Date: 06/02/17
Subject: 1
Experiment: 0
Group: 0
Box: 2
Start Time:  9:03:40
End Time: 11:35:09
MSN: MiniScope_FR1-3p_100trials_05222017
A:       0.000
E:       0.000
J:     101.000
N:       0.000
O:       0.000
Q:       0.000
S:       0.000
T:    9017.000
U:       0.000
B:
     0:        0.000       10.000       10.000       15.000       20.000
     5:       20.000       20.000       10.000       17.000      100.000
    10:        1.000        3.000       15.000        0.010        1.000
    15:        0.000        0.000        5.000       20.000        5.000
C:
     0:      100.000       78.000      139.000        1.000        1.676
     5:        0.000      234.000       78.000        5.000        1.676
    10:        0.000     1783.000       64.000        0.000       15.020
    15:        1.000        1.000        1.000        0.000        0.350
    20:        1.000        3.000        1.000        0.000        0.350
    25:        1.000        5.000        2.000        0.000       16.000
    30:        2.000        1.000        1.000        0.000        1.830
    35:        2.000        3.000        1.000        0.000        1.830
    40:        2.000       24.000        0.000        0.000       13.000
    45:        3.000        1.000        1.000        0.000        2.360
    50:        3.000        3.000        1.000        0.000        2.360
    55:        3.000       27.000        6.000        0.000       13.000
    60:        4.000        0.000        0.000        0.000       20.000
    65:        4.000        0.000        0.000        0.000       20.000
    70:        4.000       45.000        2.000        0.000       17.000
    75:        5.000        1.000        1.000        0.000        1.260
    80:        5.000        3.000        1.000        0.000        1.260
    85:        5.000       10.000        0.000        0.000       12.000
    90:        6.000        1.000        3.000        0.000        0.890
    95:        6.000        3.000        1.000        0.000        0.890
   100:        6.000       37.000        0.000        0.000       14.000
   105:        7.000        1.000        2.000        0.000        0.380
   110:        7.000        3.000        1.000        0.000        0.380
   115:        7.000       28.000        0.000        0.000       16.000
   120:        8.000        1.000        2.000        0.000        0.650
   125:        8.000        3.000        1.000        0.000        0.650
   130:        8.000       20.000        2.000        0.000       14.000
   135:        9.000        1.000        2.000        0.000        1.490
   140:        9.000        3.000        1.000        0.000        1.490
   145:        9.000       24.000        0.000        0.000       15.000
   150:       10.000        1.000        3.000        0.000        0.670
   155:       10.000        3.000        1.000        0.000        0.670
   160:       10.000       35.000        1.000        0.000       12.000
   165:       11.000        1.000        2.000        0.000        0.200
   170:       11.000        3.000        1.000        0.000        0.200
   175:       11.000       34.000        0.000        0.000       16.000
   180:       12.000        1.000        1.000        0.000        0.500
   185:       12.000        3.000        1.000        0.000        0.500
   190:       12.000       26.000        0.000        0.000       16.000
   195:       13.000        1.000        1.000        0.000        1.220
   200:       13.000        3.000        1.000        0.000        1.220
   205:       13.000       29.000        0.000        0.000       14.000
   210:       14.000        1.000        1.000        0.000        1.360
   215:       14.000        3.000        1.000        0.000        1.360
   220:       14.000       24.000        0.000        0.000       16.000
   225:       15.000        1.000        3.000        0.000        0.470
   230:       15.000        3.000        1.000        0.000        0.470
   235:       15.000       30.000        0.000        0.000       13.000
   240:       16.000        1.000        3.000        0.000        0.300
   245:       16.000        3.000        1.000        0.000        0.300
   250:       16.000       26.000        0.000        0.000       17.000
   255:       17.000        1.000        4.000        0.000        2.440
   260:       17.000        3.000        1.000        0.000        2.440
   265:       17.000       46.000        0.000        0.000       18.000
   270:       18.000        1.000        3.000        0.000        0.420
   275:       18.000        3.000        1.000        0.000        0.420
   280:       18.000       33.000        0.000        0.000       10.000
   285:       19.000        1.000        2.000        0.000        0.870
   290:       19.000        3.000        1.000        0.000        0.870
   295:       19.000       27.000        0.000        0.000       14.000
   300:       20.000        1.000        5.000        0.000        1.610
   305:       20.000        3.000        1.000        3.000        1.610
   310:       20.000       55.000       10.000        0.000       15.000
   315:       21.000        1.000        1.000        0.000        2.380
   320:       21.000        3.000        1.000        0.000        2.380
   325:       21.000       25.000        0.000        0.000       12.000
   330:       22.000        1.000        1.000        0.000        2.110
   335:       22.000        3.000        1.000        0.000        2.110
   340:       22.000        6.000        0.000        0.000       18.000
   345:       23.000        1.000        3.000        0.000        0.650
   350:       23.000        3.000        1.000        0.000        0.650
   355:       23.000       34.000        2.000        0.000       13.000
   360:       24.000        1.000        1.000        0.000        1.750
   365:       24.000        3.000        1.000        0.000        1.750
   370:       24.000       58.000        0.000        0.000       13.000
   375:       25.000        1.000        2.000        0.000        1.500
   380:       25.000        3.000        1.000        0.000        1.500
   385:       25.000       48.000        1.000        0.000       15.000
   390:       26.000        1.000        1.000        0.000        0.340
   395:       26.000        3.000        1.000        0.000        0.340
   400:       26.000       34.000        6.000        0.000       19.000
   405:       27.000        1.000        3.000        0.000        0.960
   410:       27.000        3.000        1.000        0.000        0.960
   415:       27.000       47.000        0.000        0.000       14.000
   420:       28.000        1.000        1.000        0.000        1.590
   425:       28.000        3.000        1.000        0.000        1.590
   430:       28.000       39.000        0.000        0.000       14.000
   435:       29.000        1.000        2.000        0.000        0.480
   440:       29.000        3.000        1.000        0.000        0.480
   445:       29.000       31.000        0.000        0.000       15.000
   450:       30.000        1.000        3.000        0.000        1.590
   455:       30.000        3.000        1.000        0.000        1.590
   460:       30.000       21.000        0.000        0.000       14.000
   465:       31.000        1.000        1.000        0.000        0.300
   470:       31.000        3.000        1.000        0.000        0.300
   475:       31.000       28.000        0.000        0.000       15.000
   480:       32.000        1.000        2.000        0.000        0.450
   485:       32.000        3.000        1.000        0.000        0.450
   490:       32.000       27.000        0.000        0.000       12.000
   495:       33.000        1.000        4.000        0.000        0.410
   500:       33.000        3.000        1.000        0.000        0.410
   505:       33.000       28.000        0.000        0.000       14.000
   510:       34.000        1.000        2.000        0.000        0.400
   515:       34.000        3.000        1.000        0.000        0.400
   520:       34.000       28.000        0.000        0.000       14.000
   525:       35.000        1.000        1.000        0.000        0.420
   530:       35.000        3.000        1.000        0.000        0.420
   535:       35.000       34.000        0.000        0.000       12.000
   540:       36.000        1.000        4.000        0.000        0.330
   545:       36.000        3.000        1.000        0.000        0.330
   550:       36.000       28.000        6.000        0.000       17.000
   555:       37.000        1.000        4.000        0.000        7.410
   560:       37.000        3.000        1.000        0.000        7.410
   565:       37.000       48.000        1.000        0.000       15.000
   570:       38.000        1.000        2.000        0.000        2.440
   575:       38.000        3.000        1.000        0.000        2.440
   580:       38.000       11.000        0.000        0.000       18.000
   585:       39.000        1.000        1.000        0.000        1.520
   590:       39.000        3.000        1.000        0.000        1.520
   595:       39.000       27.000        1.000        0.000       16.000
   600:       40.000        1.000        5.000        0.000        0.400
   605:       40.000        3.000        1.000        0.000        0.400
   610:       40.000       22.000        0.000        0.000       16.000
   615:       41.000        1.000        1.000        0.000        1.060
   620:       41.000        3.000        1.000        1.000        1.060
   625:       41.000       34.000        5.000        0.000       17.000
   630:       42.000        1.000        1.000        0.000        0.590
   635:       42.000        3.000        1.000        0.000        0.590
   640:       42.000       28.000        0.000        0.000       10.000
   645:       43.000        1.000        1.000        0.000        0.240
   650:       43.000        3.000        1.000        0.000        0.240
   655:       43.000       20.000        0.000        0.000       19.000
   660:       44.000        1.000        1.000        0.000        1.200
   665:       44.000        3.000        1.000        0.000        1.200
   670:       44.000       25.000        0.000        0.000       14.000
   675:       45.000        1.000        4.000        0.000        4.160
   680:       45.000        3.000        1.000        0.000        4.160
   685:       45.000       25.000        0.000        0.000       17.000
   690:       46.000        1.000        1.000        0.000        0.680
   695:       46.000        3.000        1.000        0.000        0.680
   700:       46.000       33.000        0.000        0.000       16.000
   705:       47.000        1.000        2.000        0.000        1.510
   710:       47.000        3.000        1.000        1.000        1.510
   715:       47.000       37.000        4.000        0.000       14.000
   720:       48.000        1.000        1.000        0.000        0.850
   725:       48.000        3.000        1.000        0.000        0.850
   730:       48.000       10.000        0.000        0.000       18.000
   735:       49.000        1.000        1.000        0.000        0.400
   740:       49.000        3.000        1.000        0.000        0.400
   745:       49.000        4.000        0.000        0.000       13.000
   750:       50.000        1.000        1.000        0.000        0.660
   755:       50.000        3.000        1.000        0.000        0.660
   760:       50.000        4.000        0.000        0.000       15.000
   765:       51.000        1.000        1.000        1.000        0.620
   770:       51.000        3.000        1.000        0.000        0.620
   775:       51.000        1.000        0.000        0.000       12.000
   780:       52.000        1.000        2.000        0.000        7.320
   785:       52.000        3.000        1.000        0.000        7.320
   790:       52.000        2.000        0.000        0.000       14.000
   795:       53.000        0.000        0.000        0.000       20.000
   800:       53.000        0.000        0.000        0.000       20.000
   805:       53.000        0.000        0.000        0.000       16.000
   810:       54.000        0.000        0.000        0.000       20.000
   815:       54.000        0.000        0.000        0.000       20.000
   820:       54.000        0.000        0.000        0.000       16.000
   825:       55.000        0.000        0.000        0.000       20.000
   830:       55.000        0.000        0.000        0.000       20.000
   835:       55.000        0.000        0.000        0.000       15.000
   840:       56.000        0.000        0.000        0.000       20.000
   845:       56.000        0.000        0.000        0.000       20.000
   850:       56.000        0.000        0.000        0.000       15.000
   855:       57.000        1.000        1.000        0.000        3.290
   860:       57.000        3.000        1.000        0.000        3.290
   865:       57.000        1.000        0.000        0.000       17.000
   870:       58.000        0.000        0.000        0.000       20.000
   875:       58.000        0.000        0.000        0.000       20.000
   880:       58.000        0.000        0.000        0.000       16.000
   885:       59.000        0.000        0.000        0.000       20.000
   890:       59.000        0.000        0.000        0.000       20.000
   895:       59.000        0.000        0.000        0.000       18.000
   900:       60.000        0.000        0.000        0.000       20.000
   905:       60.000        0.000        0.000        0.000       20.000
   910:       60.000        0.000        0.000        0.000       15.000
   915:       61.000        0.000        0.000        0.000       20.000
   920:       61.000        0.000        0.000        0.000       20.000
   925:       61.000        0.000        0.000        0.000       19.000
   930:       62.000        0.000        0.000        0.000       20.000
   935:       62.000        0.000        0.000        0.000       20.000
   940:       62.000        0.000        0.000        0.000       17.000
   945:       63.000        0.000        0.000        0.000       20.000
   950:       63.000        0.000        0.000        0.000       20.000
   955:       63.000        0.000        0.000        0.000       12.000
   960:       64.000        0.000        0.000        0.000       20.000
   965:       64.000        0.000        0.000        0.000       20.000
   970:       64.000        0.000        0.000        0.000       16.000
   975:       65.000        0.000        0.000        0.000       20.000
   980:       65.000        0.000        0.000        0.000       20.000
   985:       65.000        0.000        0.000        0.000       14.000
   990:       66.000        0.000        0.000        0.000       20.000
   995:       66.000        0.000        0.000        0.000       20.000
  1000:       66.000        0.000        0.000        0.000       16.000
  1005:       67.000        0.000        0.000        0.000       20.000
  1010:       67.000        0.000        0.000        0.000       20.000
  1015:       67.000        0.000        0.000        0.000       17.000
  1020:       68.000        1.000        1.000        0.000        1.210
  1025:       68.000        3.000        1.000        0.000        1.210
  1030:       68.000        2.000        0.000        0.000       17.000
  1035:       69.000        1.000        1.000        0.000        6.560
  1040:       69.000        3.000        1.000        0.000        6.560
  1045:       69.000        4.000        0.000        0.000       15.000
  1050:       70.000        1.000        1.000        0.000        0.470
  1055:       70.000        3.000        1.000        0.000        0.470
  1060:       70.000        9.000        0.000        0.000       15.000
  1065:       71.000        1.000        1.000        0.000        1.990
  1070:       71.000        3.000        1.000        0.000        1.990
  1075:       71.000        3.000        0.000        0.000       14.000
  1080:       72.000        1.000        1.000        0.000        0.340
  1085:       72.000        3.000        1.000        0.000        0.340
  1090:       72.000       11.000        0.000        0.000       16.000
  1095:       73.000        0.000        0.000        0.000       20.000
  1100:       73.000        0.000        0.000        0.000       20.000
  1105:       73.000        0.000        0.000        0.000       16.000
  1110:       74.000        1.000        2.000        0.000        0.860
  1115:       74.000        3.000        1.000        0.000        0.860
  1120:       74.000        3.000        0.000        0.000       20.000
  1125:       75.000        1.000        1.000        0.000        2.390
  1130:       75.000        3.000        1.000        0.000        2.390
  1135:       75.000        1.000        1.000        0.000       11.000
  1140:       76.000        1.000        1.000        0.000        1.580
  1145:       76.000        3.000        1.000        0.000        1.580
  1150:       76.000        1.000        0.000        0.000       19.000
  1155:       77.000        1.000        2.000        0.000        6.600
  1160:       77.000        3.000        1.000        0.000        6.600
  1165:       77.000        2.000        0.000        0.000       16.000
  1170:       78.000        1.000        1.000        0.000        0.930
  1175:       78.000        3.000        1.000        0.000        0.930
  1180:       78.000        3.000        4.000        0.000       17.000
  1185:       79.000        0.000        0.000        0.000       20.000
  1190:       79.000        0.000        0.000        0.000       20.000
  1195:       79.000        0.000        0.000        0.000       13.000
  1200:       80.000        0.000        0.000        0.000       20.000
  1205:       80.000        0.000        0.000        0.000       20.000
  1210:       80.000        1.000        0.000        0.000       18.000
  1215:       81.000        1.000        1.000        0.000        1.810
  1220:       81.000        3.000        1.000        0.000        1.810
  1225:       81.000        5.000        2.000        0.000       17.000
  1230:       82.000        0.000        0.000        0.000       20.000
  1235:       82.000        0.000        0.000        0.000       20.000
  1240:       82.000       12.000        1.000        0.000       15.000
  1245:       83.000        1.000        1.000        0.000        3.320
  1250:       83.000        3.000        1.000        0.000        3.320
  1255:       83.000       13.000        0.000        0.000       14.000
  1260:       84.000        1.000        1.000        0.000        0.590
  1265:       84.000        3.000        1.000        0.000        0.590
  1270:       84.000       27.000        0.000        0.000       13.000
  1275:       85.000        1.000        2.000        0.000        8.310
  1280:       85.000        3.000        1.000        0.000        8.310
  1285:       85.000        9.000        0.000        0.000       14.000
  1290:       86.000        1.000        1.000        0.000        1.430
  1295:       86.000        3.000        1.000        0.000        1.430
  1300:       86.000       15.000        2.000        0.000       19.000
  1305:       87.000        1.000        1.000        0.000        3.070
  1310:       87.000        3.000        1.000        0.000        3.070
  1315:       87.000       33.000        0.000        0.000       13.000
  1320:       88.000        1.000        1.000        0.000        0.840
  1325:       88.000        3.000        1.000        0.000        0.840
  1330:       88.000        6.000        0.000        0.000       15.000
  1335:       89.000        1.000        3.000        0.000        0.380
  1340:       89.000        3.000        1.000        0.000        0.380
  1345:       89.000       14.000        1.000        0.000       15.000
  1350:       90.000        1.000        1.000        0.000        1.790
  1355:       90.000        3.000        1.000        0.000        1.790
  1360:       90.000       29.000        0.000        0.000       14.000
  1365:       91.000        1.000        4.000        0.000        0.520
  1370:       91.000        3.000        1.000        0.000        0.520
  1375:       91.000       18.000        0.000        0.000       16.000
  1380:       92.000        1.000        1.000        0.000        0.640
  1385:       92.000        3.000        1.000        0.000        0.640
  1390:       92.000       24.000        0.000        0.000       13.000
  1395:       93.000        0.000        0.000        0.000       20.000
  1400:       93.000        0.000        0.000        0.000       20.000
  1405:       93.000        0.000        0.000        0.000       16.000
  1410:       94.000        0.000        0.000        0.000       20.000
  1415:       94.000        0.000        0.000        0.000       20.000
  1420:       94.000        0.000        0.000        0.000       14.000
  1425:       95.000        1.000        1.000        0.000        0.690
  1430:       95.000        3.000        1.000        0.000        0.690
  1435:       95.000        9.000        0.000        0.000       14.000
  1440:       96.000        1.000        1.000        0.000        6.700
  1445:       96.000        3.000        1.000        0.000        6.700
  1450:       96.000       21.000        3.000        0.000       15.000
  1455:       97.000        1.000        1.000        0.000        3.610
  1460:       97.000        3.000        1.000        0.000        3.610
  1465:       97.000       27.000        0.000        0.000       13.000
  1470:       98.000        1.000        3.000        0.000        3.910
  1475:       98.000        3.000        1.000        0.000        3.910
  1480:       98.000       19.000        1.000        0.000       11.000
  1485:       99.000        1.000        1.000        0.000        0.880
  1490:       99.000        3.000        1.000        0.000        0.880
  1495:       99.000       29.000        0.000        0.000       12.000
  1500:      100.000        0.000        0.000        0.000       20.000
  1505:      100.000        0.000        0.000        0.000       20.000
  1510:      100.000        0.000        0.000        0.000       17.000
D:
     0:        0.000        0.000        0.000        0.000        0.000
     5:        0.000        0.000        0.000        0.000        0.000
    10:        0.000        0.000        0.000        0.000        0.000
    15:        1.000       15.000       90.000       40.000       45.350
    20:        1.000       60.350       61.350       40.350       60.350
    25:        1.000       25.000       80.000       15.000       15.150
    30:        2.000      106.000      181.000      131.000      137.830
    35:        2.000      152.830      153.830      132.830      152.830
    40:        2.000      116.000      171.000      106.000      106.150
    45:        3.000      194.000      269.000      219.000      226.360
    50:        3.000      241.360      242.360      221.360      241.360
    55:        3.000      204.000      259.000      194.000      194.150
    60:        4.000      282.000      357.000      307.000      327.000
    65:        4.000        0.000        0.000        0.000        0.000
    70:        4.000      292.000      347.000      282.000      282.150
    75:        5.000      374.000      449.000      399.000      405.260
    80:        5.000      420.260      421.260      400.260      420.260
    85:        5.000      384.000      439.000      374.000      374.150
    90:        6.000      461.000      536.000      486.000      491.890
    95:        6.000      506.890      507.890      486.890      506.890
   100:        6.000      471.000      526.000      461.000      461.150
   105:        7.000      550.000      625.000      575.000      580.380
   110:        7.000      595.380      596.380      575.380      595.380
   115:        7.000      560.000      615.000      550.000      550.150
   120:        8.000      641.000      716.000      666.000      671.650
   125:        8.000      686.650      687.650      666.650      686.650
   130:        8.000      651.000      706.000      641.000      641.150
   135:        9.000      730.000      805.000      755.000      761.490
   140:        9.000      776.490      777.490      756.490      776.490
   145:        9.000      740.000      795.000      730.000      730.150
   150:       10.000      820.000      895.000      845.000      850.670
   155:       10.000      865.670      866.670      845.670      865.670
   160:       10.000      830.000      885.000      820.000      820.150
   165:       11.000      907.000      982.000      932.000      937.200
   170:       11.000      952.200      953.200      932.200      952.200
   175:       11.000      917.000      972.000      907.000      907.150
   180:       12.000      998.000     1073.000     1023.000     1028.500
   185:       12.000     1043.500     1044.500     1023.500     1043.500
   190:       12.000     1008.000     1063.000      998.000      998.150
   195:       13.000     1089.000     1164.000     1114.000     1120.220
   200:       13.000     1135.220     1136.220     1115.220     1135.220
   205:       13.000     1099.000     1154.000     1089.000     1089.150
   210:       14.000     1178.000     1253.000     1203.000     1209.360
   215:       14.000     1224.360     1225.360     1204.360     1224.360
   220:       14.000     1188.000     1243.000     1178.000     1178.150
   225:       15.000     1269.000     1344.000     1294.000     1299.470
   230:       15.000     1314.470     1315.470     1294.470     1314.470
   235:       15.000     1279.000     1334.000     1269.000     1269.150
   240:       16.000     1357.000     1432.000     1382.000     1387.300
   245:       16.000     1402.300     1403.300     1382.300     1402.300
   250:       16.000     1367.000     1422.000     1357.000     1357.150
   255:       17.000     1449.000     1524.000     1474.000     1481.440
   260:       17.000     1496.440     1497.440     1476.440     1496.440
   265:       17.000     1459.000     1514.000     1449.000     1449.150
   270:       18.000     1542.000     1617.000     1567.000     1572.420
   275:       18.000     1587.420     1588.420     1567.420     1587.420
   280:       18.000     1552.000     1607.000     1542.000     1542.150
   285:       19.000     1627.000     1702.000     1652.000     1657.870
   290:       19.000     1672.870     1673.870     1652.870     1672.870
   295:       19.000     1637.000     1692.000     1627.000     1627.150
   300:       20.000     1716.000     1791.000     1741.000     1747.610
   305:       20.000     1762.610     1763.610     1742.610     1762.610
   310:       20.000     1726.000     1781.000     1716.000     1716.150
   315:       21.000     1806.000     1881.000     1831.000     1838.380
   320:       21.000     1853.380     1854.380     1833.380     1853.380
   325:       21.000     1816.000     1871.000     1806.000     1806.150
   330:       22.000     1893.000     1968.000     1918.000     1925.110
   335:       22.000     1940.110     1941.110     1920.110     1940.110
   340:       22.000     1903.000     1958.000     1893.000     1893.150
   345:       23.000     1986.000     2061.000     2011.000     2016.650
   350:       23.000     2031.650     2032.650     2011.650     2031.650
   355:       23.000     1996.000     2051.000     1986.000     1986.150
   360:       24.000     2074.000     2149.000     2099.000     2105.750
   365:       24.000     2120.750     2121.750     2100.750     2120.750
   370:       24.000     2084.000     2139.000     2074.000     2074.150
   375:       25.000     2162.000     2237.000     2187.000     2193.500
   380:       25.000     2208.500     2209.500     2188.500     2208.500
   385:       25.000     2172.000     2227.000     2162.000     2162.150
   390:       26.000     2252.000     2327.000     2277.000     2282.340
   395:       26.000     2297.340     2298.340     2277.340     2297.340
   400:       26.000     2262.000     2317.000     2252.000     2252.150
   405:       27.000     2346.000     2421.000     2371.000     2376.960
   410:       27.000     2391.960     2392.960     2371.960     2391.960
   415:       27.000     2356.000     2411.000     2346.000     2346.150
   420:       28.000     2435.000     2510.000     2460.000     2466.590
   425:       28.000     2481.590     2482.590     2461.590     2481.590
   430:       28.000     2445.000     2500.000     2435.000     2435.150
   435:       29.000     2524.000     2599.000     2549.000     2554.480
   440:       29.000     2569.480     2570.480     2549.480     2569.480
   445:       29.000     2534.000     2589.000     2524.000     2524.150
   450:       30.000     2614.000     2689.000     2639.000     2645.590
   455:       30.000     2660.590     2661.590     2640.590     2660.590
   460:       30.000     2624.000     2679.000     2614.000     2614.150
   465:       31.000     2703.000     2778.000     2728.000     2733.300
   470:       31.000     2748.300     2749.300     2728.300     2748.300
   475:       31.000     2713.000     2768.000     2703.000     2703.150
   480:       32.000     2793.000     2868.000     2818.000     2823.450
   485:       32.000     2838.450     2839.450     2818.450     2838.450
   490:       32.000     2803.000     2858.000     2793.000     2793.150
   495:       33.000     2880.000     2955.000     2905.000     2910.410
   500:       33.000     2925.410     2926.410     2905.410     2925.410
   505:       33.000     2890.000     2945.000     2880.000     2880.150
   510:       34.000     2969.000     3044.000     2994.000     2999.400
   515:       34.000     3014.400     3015.400     2994.400     3014.400
   520:       34.000     2979.000     3034.000     2969.000     2969.150
   525:       35.000     3058.000     3133.000     3083.000     3088.420
   530:       35.000     3103.420     3104.420     3083.420     3103.420
   535:       35.000     3068.000     3123.000     3058.000     3058.150
   540:       36.000     3145.000     3220.000     3170.000     3175.330
   545:       36.000     3190.330     3191.330     3170.330     3190.330
   550:       36.000     3155.000     3210.000     3145.000     3145.150
   555:       37.000     3237.000     3312.000     3262.000     3274.410
   560:       37.000     3289.410     3290.410     3269.410     3289.410
   565:       37.000     3247.000     3302.000     3237.000     3237.150
   570:       38.000     3327.000     3402.000     3352.000     3359.440
   575:       38.000     3374.440     3375.440     3354.440     3374.440
   580:       38.000     3337.000     3392.000     3327.000     3327.150
   585:       39.000     3420.000     3495.000     3445.000     3451.520
   590:       39.000     3466.520     3467.520     3446.520     3466.520
   595:       39.000     3430.000     3485.000     3420.000     3420.150
   600:       40.000     3511.000     3586.000     3536.000     3541.400
   605:       40.000     3556.400     3557.400     3536.400     3556.400
   610:       40.000     3521.000     3576.000     3511.000     3511.150
   615:       41.000     3602.000     3677.000     3627.000     3633.060
   620:       41.000     3648.060     3649.060     3628.060     3648.060
   625:       41.000     3612.000     3667.000     3602.000     3602.150
   630:       42.000     3694.000     3769.000     3719.000     3724.590
   635:       42.000     3739.590     3740.590     3719.590     3739.590
   640:       42.000     3704.000     3759.000     3694.000     3694.150
   645:       43.000     3779.000     3854.000     3804.000     3809.240
   650:       43.000     3824.240     3825.240     3804.240     3824.240
   655:       43.000     3789.000     3844.000     3779.000     3779.150
   660:       44.000     3873.000     3948.000     3898.000     3904.200
   665:       44.000     3919.200     3920.200     3899.200     3919.200
   670:       44.000     3883.000     3938.000     3873.000     3873.150
   675:       45.000     3962.000     4037.000     3987.000     3996.160
   680:       45.000     4011.160     4012.160     3991.160     4011.160
   685:       45.000     3972.000     4027.000     3962.000     3962.150
   690:       46.000     4054.000     4129.000     4079.000     4084.680
   695:       46.000     4099.680     4100.680     4079.680     4099.680
   700:       46.000     4064.000     4119.000     4054.000     4054.150
   705:       47.000     4145.000     4220.000     4170.000     4176.510
   710:       47.000     4191.510     4192.510     4171.510     4191.510
   715:       47.000     4155.000     4210.000     4145.000     4145.150
   720:       48.000     4234.000     4309.000     4259.000     4264.850
   725:       48.000     4279.850     4280.850     4259.850     4279.850
   730:       48.000     4244.000     4299.000     4234.000     4234.150
   735:       49.000     4327.000     4402.000     4352.000     4357.400
   740:       49.000     4372.400     4373.400     4352.400     4372.400
   745:       49.000     4337.000     4392.000     4327.000     4327.150
   750:       50.000     4415.000     4490.000     4440.000     4445.660
   755:       50.000     4460.660     4461.660     4440.660     4460.660
   760:       50.000     4425.000     4480.000     4415.000     4415.150
   765:       51.000     4505.000     4580.000     4530.000     4535.620
   770:       51.000     4550.620     4551.620     4530.620     4550.620
   775:       51.000     4515.000     4570.000     4505.000     4505.150
   780:       52.000     4592.000     4667.000     4617.000     4629.320
   785:       52.000     4644.320     4645.320     4624.320     4644.320
   790:       52.000     4602.000     4657.000     4592.000     4592.150
   795:       53.000     4681.000     4756.000     4706.000     4726.000
   800:       53.000        0.000        0.000        0.000        0.000
   805:       53.000     4691.000     4746.000     4681.000     4681.150
   810:       54.000     4772.000     4847.000     4797.000     4817.000
   815:       54.000        0.000        0.000        0.000        0.000
   820:       54.000     4782.000     4837.000     4772.000     4772.150
   825:       55.000     4863.000     4938.000     4888.000     4908.000
   830:       55.000        0.000        0.000        0.000        0.000
   835:       55.000     4873.000     4928.000     4863.000     4863.150
   840:       56.000     4953.000     5028.000     4978.000     4998.000
   845:       56.000        0.000        0.000        0.000        0.000
   850:       56.000     4963.000     5018.000     4953.000     4953.150
   855:       57.000     5043.000     5118.000     5068.000     5076.290
   860:       57.000     5091.290     5092.290     5071.290     5091.290
   865:       57.000     5053.000     5108.000     5043.000     5043.150
   870:       58.000     5135.000     5210.000     5160.000     5180.000
   875:       58.000        0.000        0.000        0.000        0.000
   880:       58.000     5145.000     5200.000     5135.000     5135.150
   885:       59.000     5226.000     5301.000     5251.000     5271.000
   890:       59.000        0.000        0.000        0.000        0.000
   895:       59.000     5236.000     5291.000     5226.000     5226.150
   900:       60.000     5319.000     5394.000     5344.000     5364.000
   905:       60.000        0.000        0.000        0.000        0.000
   910:       60.000     5329.000     5384.000     5319.000     5319.150
   915:       61.000     5409.000     5484.000     5434.000     5454.000
   920:       61.000        0.000        0.000        0.000        0.000
   925:       61.000     5419.000     5474.000     5409.000     5409.150
   930:       62.000     5503.000     5578.000     5528.000     5548.000
   935:       62.000        0.000        0.000        0.000        0.000
   940:       62.000     5513.000     5568.000     5503.000     5503.150
   945:       63.000     5595.000     5670.000     5620.000     5640.000
   950:       63.000        0.000        0.000        0.000        0.000
   955:       63.000     5605.000     5660.000     5595.000     5595.150
   960:       64.000     5682.000     5757.000     5707.000     5727.000
   965:       64.000        0.000        0.000        0.000        0.000
   970:       64.000     5692.000     5747.000     5682.000     5682.150
   975:       65.000     5773.000     5848.000     5798.000     5818.000
   980:       65.000        0.000        0.000        0.000        0.000
   985:       65.000     5783.000     5838.000     5773.000     5773.150
   990:       66.000     5862.000     5937.000     5887.000     5907.000
   995:       66.000        0.000        0.000        0.000        0.000
  1000:       66.000     5872.000     5927.000     5862.000     5862.150
  1005:       67.000     5953.000     6028.000     5978.000     5998.000
  1010:       67.000        0.000        0.000        0.000        0.000
  1015:       67.000     5963.000     6018.000     5953.000     5953.150
  1020:       68.000     6045.000     6120.000     6070.000     6076.210
  1025:       68.000     6091.210     6092.210     6071.210     6091.210
  1030:       68.000     6055.000     6110.000     6045.000     6045.150
  1035:       69.000     6137.000     6212.000     6162.000     6173.560
  1040:       69.000     6188.560     6189.560     6168.560     6188.560
  1045:       69.000     6147.000     6202.000     6137.000     6137.150
  1050:       70.000     6227.000     6302.000     6252.000     6257.470
  1055:       70.000     6272.470     6273.470     6252.470     6272.470
  1060:       70.000     6237.000     6292.000     6227.000     6227.150
  1065:       71.000     6317.000     6392.000     6342.000     6348.990
  1070:       71.000     6363.990     6364.990     6343.990     6363.990
  1075:       71.000     6327.000     6382.000     6317.000     6317.150
  1080:       72.000     6406.000     6481.000     6431.000     6436.340
  1085:       72.000     6451.340     6452.340     6431.340     6451.340
  1090:       72.000     6416.000     6471.000     6406.000     6406.150
  1095:       73.000     6497.000     6572.000     6522.000     6542.000
  1100:       73.000        0.000        0.000        0.000        0.000
  1105:       73.000     6507.000     6562.000     6497.000     6497.150
  1110:       74.000     6588.000     6663.000     6613.000     6618.860
  1115:       74.000     6633.860     6634.860     6613.860     6633.860
  1120:       74.000     6598.000     6653.000     6588.000     6588.150
  1125:       75.000     6683.000     6758.000     6708.000     6715.390
  1130:       75.000     6730.390     6731.390     6710.390     6730.390
  1135:       75.000     6693.000     6748.000     6683.000     6683.150
  1140:       76.000     6769.000     6844.000     6794.000     6800.580
  1145:       76.000     6815.580     6816.580     6795.580     6815.580
  1150:       76.000     6779.000     6834.000     6769.000     6769.150
  1155:       77.000     6863.000     6938.000     6888.000     6899.600
  1160:       77.000     6914.600     6915.600     6894.600     6914.600
  1165:       77.000     6873.000     6928.000     6863.000     6863.150
  1170:       78.000     6954.000     7029.000     6979.000     6984.930
  1175:       78.000     6999.930     7000.930     6979.930     6999.930
  1180:       78.000     6964.000     7019.000     6954.000     6954.150
  1185:       79.000     7046.000     7121.000     7071.000     7091.000
  1190:       79.000        0.000        0.000        0.000        0.000
  1195:       79.000     7056.000     7111.000     7046.000     7046.150
  1200:       80.000     7134.000     7209.000     7159.000     7179.000
  1205:       80.000        0.000        0.000        0.000        0.000
  1210:       80.000     7144.000     7199.000     7134.000     7134.150
  1215:       81.000     7227.000     7302.000     7252.000     7258.810
  1220:       81.000     7273.810     7274.810     7253.810     7273.810
  1225:       81.000     7237.000     7292.000     7227.000     7227.150
  1230:       82.000     7319.000     7394.000     7344.000     7364.000
  1235:       82.000        0.000        0.000        0.000        0.000
  1240:       82.000     7329.000     7384.000     7319.000     7319.150
  1245:       83.000     7409.000     7484.000     7434.000     7442.320
  1250:       83.000     7457.320     7458.320     7437.320     7457.320
  1255:       83.000     7419.000     7474.000     7409.000     7409.150
  1260:       84.000     7498.000     7573.000     7523.000     7528.590
  1265:       84.000     7543.590     7544.590     7523.590     7543.590
  1270:       84.000     7508.000     7563.000     7498.000     7498.150
  1275:       85.000     7586.000     7661.000     7611.000     7624.310
  1280:       85.000     7639.310     7640.310     7619.310     7639.310
  1285:       85.000     7596.000     7651.000     7586.000     7586.150
  1290:       86.000     7675.000     7750.000     7700.000     7706.430
  1295:       86.000     7721.430     7722.430     7701.430     7721.430
  1300:       86.000     7685.000     7740.000     7675.000     7675.150
  1305:       87.000     7769.000     7844.000     7794.000     7802.070
  1310:       87.000     7817.070     7818.070     7797.070     7817.070
  1315:       87.000     7779.000     7834.000     7769.000     7769.150
  1320:       88.000     7857.000     7932.000     7882.000     7887.840
  1325:       88.000     7902.840     7903.840     7882.840     7902.840
  1330:       88.000     7867.000     7922.000     7857.000     7857.150
  1335:       89.000     7947.000     8022.000     7972.000     7977.380
  1340:       89.000     7992.380     7993.380     7972.380     7992.380
  1345:       89.000     7957.000     8012.000     7947.000     7947.150
  1350:       90.000     8037.000     8112.000     8062.000     8068.790
  1355:       90.000     8083.790     8084.790     8063.790     8083.790
  1360:       90.000     8047.000     8102.000     8037.000     8037.150
  1365:       91.000     8126.000     8201.000     8151.000     8156.520
  1370:       91.000     8171.520     8172.520     8151.520     8171.520
  1375:       91.000     8136.000     8191.000     8126.000     8126.150
  1380:       92.000     8217.000     8292.000     8242.000     8247.640
  1385:       92.000     8262.640     8263.640     8242.640     8262.640
  1390:       92.000     8227.000     8282.000     8217.000     8217.150
  1395:       93.000     8305.000     8380.000     8330.000     8350.000
  1400:       93.000        0.000        0.000        0.000        0.000
  1405:       93.000     8315.000     8370.000     8305.000     8305.150
  1410:       94.000     8396.000     8471.000     8421.000     8441.000
  1415:       94.000        0.000        0.000        0.000        0.000
  1420:       94.000     8406.000     8461.000     8396.000     8396.150
  1425:       95.000     8485.000     8560.000     8510.000     8515.690
  1430:       95.000     8530.690     8531.690     8510.690     8530.690
  1435:       95.000     8495.000     8550.000     8485.000     8485.150
  1440:       96.000     8574.000     8649.000     8599.000     8610.700
  1445:       96.000     8625.700     8626.700     8605.700     8625.700
  1450:       96.000     8584.000     8639.000     8574.000     8574.150
  1455:       97.000     8664.000     8739.000     8689.000     8697.610
  1460:       97.000     8712.610     8713.610     8692.610     8712.610
  1465:       97.000     8674.000     8729.000     8664.000     8664.150
  1470:       98.000     8752.000     8827.000     8777.000     8785.910
  1475:       98.000     8800.910     8801.910     8780.910     8800.910
  1480:       98.000     8762.000     8817.000     8752.000     8752.150
  1485:       99.000     8838.000     8913.000     8863.000     8868.880
  1490:       99.000     8883.880     8884.880     8863.880     8883.880
  1495:       99.000     8848.000     8903.000     8838.000     8838.150
  1500:      100.000     8925.000     9000.000     8950.000     8970.000
  1505:      100.000        0.000        0.000        0.000        0.000
  1510:      100.000     8935.000     8990.000     8925.000     8925.150
F:
     0:       51.650       53.620       55.630       55.750       56.790
     5:      130.640      130.850      131.300      131.840      141.950
    10:      142.250      144.410      144.580      146.060      146.140
    15:      146.300      146.420      146.440      146.800      148.100
    20:      148.370      148.680      148.760      148.800      152.470
    25:      152.840      153.230      159.570      159.830      208.380
    30:      208.560      216.380      216.600      218.410      218.700
    35:      219.280      219.600      220.250      228.670      229.060
    40:      229.520      231.910      232.120      232.210      233.260
    45:      233.480      234.590      236.540      237.360      238.110
    50:      238.940      239.060      241.380      241.560      241.830
    55:      243.700      296.780      297.150      297.250      297.340
    60:      297.580      297.910      299.130      299.200      299.240
    65:      299.290      301.300      301.550      302.140      303.330
    70:      305.370      306.700      307.120      307.390      308.720
    75:      308.990      309.800      309.960      310.130      310.330
    80:      310.350      310.620      311.520      311.620      311.740
    85:      313.740      314.200      314.950      315.820      315.870
    90:      315.890      316.190      317.010      318.080      318.140
    95:      318.630      319.360      319.880      320.650      327.790
   100:      336.730      409.790      417.210      417.640      418.610
   105:      418.760      419.230      419.680      419.750      420.760
   110:      423.280      480.660      480.930      481.530      491.130
   115:      491.430      491.770      492.780      493.080      493.470
   120:      495.520      495.680      496.310      496.810      497.000
   125:      497.430      497.510      498.040      498.400      498.470
   130:      499.470      500.430      500.710      500.750      500.910
   135:      500.970      502.020      502.420      502.550      502.820
   140:      504.960      505.190      506.410      506.480      506.520
   145:      506.530      507.000      507.060      566.600      582.220
   150:      582.270      582.710      584.060      584.490      584.650
   155:      585.250      585.980      586.100      587.620      587.830
   160:      587.880      589.940      590.050      590.360      590.490
   165:      590.540      591.460      591.470      591.900      592.000
   170:      597.820      598.240      600.440      600.880      601.210
   175:      603.810      656.710      673.760      673.950      674.360
   180:      674.800      674.870      675.240      679.680      679.820
   185:      680.220      680.370      680.930      681.300      682.420
   190:      682.890      684.320      685.000      686.520      686.740
   195:      686.930      745.240      752.110      764.980      765.360
   200:      765.760      766.400      766.420      767.030      767.450
   205:      768.890      769.050      769.260      770.110      770.610
   210:      770.730      772.100      772.540      772.800      773.940
   215:      775.120      775.360      775.920      778.330      791.800
   220:      842.380      842.910      843.330      843.450      854.790
   225:      855.100      855.260      855.710      855.830      856.100
   230:      858.020      858.180      858.760      858.880      858.990
   235:      859.450      859.490      860.040      860.910      860.940
   240:      861.100      861.920      862.090      862.180      863.100
   245:      863.190      863.220      863.400      864.710      864.870
   250:      864.990      865.090      865.140      865.190      867.920
   255:      927.320      927.770      927.880      936.780      937.090
   260:      937.530      937.750      938.140      938.280      938.550
   265:      938.610      940.080      940.510      940.810      941.010
   270:      941.050      941.180      942.180      942.810      943.330
   275:      943.660      943.690      943.760      945.950      946.240
   280:      947.040      947.470      947.510      947.560      949.300
   285:      950.390      950.570      951.190      953.590     1017.390
   290:     1017.630     1018.240     1018.380     1032.290     1033.080
   295:     1034.100     1034.320     1034.440     1035.330     1035.440
   300:     1035.460     1035.600     1037.240     1038.450     1038.790
   305:     1039.400     1039.970     1039.990     1042.310     1042.480
   310:     1042.780     1043.070     1043.860     1043.990     1047.440
   315:     1122.520     1122.680     1123.260     1123.440     1123.690
   320:     1124.180     1125.480     1127.230     1127.340     1128.030
   325:     1128.120     1128.590     1129.500     1130.550     1130.710
   330:     1130.850     1131.150     1131.650     1131.840     1132.330
   335:     1132.370     1133.920     1134.000     1134.370     1135.140
   340:     1135.380     1137.130     1137.250     1143.130     1203.160
   345:     1210.980     1211.490     1211.950     1212.080     1212.530
   350:     1212.610     1212.960     1213.430     1213.840     1215.430
   355:     1217.360     1218.160     1218.710     1219.250     1219.390
   360:     1221.330     1222.270     1222.290     1222.970     1223.580
   365:     1223.600     1223.620     1225.320     1286.580     1286.910
   370:     1292.430     1292.750     1301.000     1301.180     1301.550
   375:     1302.450     1302.870     1303.040     1303.340     1304.100
   380:     1304.240     1305.080     1305.120     1306.370     1306.670
   385:     1306.880     1307.240     1307.790     1308.260     1308.310
   390:     1308.350     1311.590     1311.890     1312.150     1312.180
   395:     1313.030     1313.600     1313.890     1388.760     1389.530
   400:     1389.680     1390.020     1390.610     1390.800     1391.540
   405:     1391.670     1391.950     1392.730     1393.100     1393.610
   410:     1395.310     1395.380     1395.530     1395.580     1395.860
   415:     1396.570     1396.910     1397.460     1397.520     1400.760
   420:     1402.280     1402.290     1402.400     1403.950     1464.150
   425:     1464.500     1470.120     1470.430     1470.780     1470.890
   430:     1471.130     1471.430     1471.750     1471.790     1472.230
   435:     1472.370     1473.010     1474.530     1474.890     1475.410
   440:     1475.820     1480.310     1480.580     1480.830     1480.840
   445:     1481.110     1482.270     1482.500     1482.550     1483.300
   450:     1483.420     1484.620     1484.790     1485.250     1485.700
   455:     1485.980     1486.140     1486.800     1487.080     1487.580
   460:     1489.510     1489.940     1490.970     1491.480     1491.510
   465:     1491.550     1494.700     1496.320     1496.680     1497.900
   470:     1573.080     1573.910     1574.010     1574.240     1574.730
   475:     1574.890     1577.360     1577.500     1577.900     1578.080
   480:     1578.360     1578.410     1579.250     1579.340     1580.240
   485:     1580.530     1580.700     1580.750     1581.170     1581.370
   490:     1581.850     1582.790     1583.330     1583.590     1586.230
   495:     1586.300     1586.470     1587.360     1587.410     1587.530
   500:     1587.570     1587.800     1589.770     1651.970     1662.390
   505:     1663.890     1664.630     1665.330     1665.620     1666.390
   510:     1666.520     1667.320     1667.500     1667.620     1667.680
   515:     1668.130     1668.540     1668.670     1668.880     1669.010
   520:     1669.040     1669.410     1670.330     1670.470     1670.500
   525:     1672.160     1672.540     1673.120     1674.620     1675.830
   530:     1732.700     1732.860     1733.320     1733.520     1734.330
   535:     1736.900     1737.230     1737.250     1737.410     1737.590
   540:     1737.830     1738.240     1739.870     1739.970     1739.990
   545:     1740.050     1740.230     1741.910     1748.300     1748.470
   550:     1748.700     1748.760     1748.930     1749.620     1749.660
   555:     1750.120     1750.200     1750.710     1750.740     1750.870
   560:     1751.000     1752.290     1752.380     1752.550     1753.010
   565:     1753.260     1753.280     1753.480     1754.170     1754.660
   570:     1754.750     1754.790     1755.820     1755.970     1756.200
   575:     1757.020     1757.560     1757.670     1759.430     1759.570
   580:     1760.450     1760.860     1761.290     1763.930     1769.730
   585:     1839.750     1839.950     1840.260     1840.320     1847.040
   590:     1847.230     1847.750     1847.760     1847.930     1848.600
   595:     1849.540     1849.610     1849.810     1850.390     1850.510
   600:     1850.680     1850.810     1851.300     1851.850     1852.200
   605:     1852.690     1852.770     1853.170     1853.310     1854.860
   610:     1932.210     1937.330     1938.030     1938.610     1939.810
   615:     1939.870     2017.410     2017.570     2017.600     2017.850
   620:     2018.130     2018.150     2018.490     2018.570     2018.990
   625:     2019.030     2019.170     2019.340     2019.810     2020.410
   630:     2020.440     2020.570     2022.180     2022.270     2022.410
   635:     2022.990     2023.190     2023.600     2023.940     2024.080
   640:     2027.620     2028.070     2028.830     2029.220     2029.720
   645:     2030.000     2030.500     2030.700     2030.830     2032.910
   650:     2088.300     2093.270     2093.590     2093.830     2093.970
   655:     2094.710     2094.790     2094.850     2095.330     2095.440
   660:     2095.570     2095.740     2096.090     2096.230     2096.780
   665:     2096.860     2097.200     2098.630     2098.940     2099.960
   670:     2103.350     2103.720     2103.850     2104.030     2104.110
   675:     2104.280     2104.570     2104.610     2104.970     2105.690
   680:     2105.750     2106.990     2107.120     2107.290     2108.540
   685:     2108.610     2110.030     2110.120     2110.350     2111.440
   690:     2111.950     2113.800     2114.060     2114.180     2114.200
   695:     2115.230     2115.590     2115.720     2115.780     2116.780
   700:     2116.920     2116.940     2117.590     2117.910     2118.270
   705:     2118.560     2118.750     2122.410     2173.720     2174.230
   710:     2177.670     2178.400     2181.210     2184.530     2184.620
   715:     2185.800     2186.180     2186.210     2186.310     2186.760
   720:     2186.860     2194.670     2194.880     2195.510     2195.590
   725:     2195.870     2195.890     2196.100     2196.800     2196.960
   730:     2197.330     2198.300     2198.370     2198.400     2198.740
   735:     2198.900     2199.080     2199.650     2200.470     2203.450
   740:     2203.780     2203.790     2204.010     2204.210     2205.520
   745:     2205.540     2206.270     2206.280     2207.350     2207.400
   750:     2208.020     2208.400     2208.420     2208.680     2208.930
   755:     2210.180     2266.120     2266.300     2266.470     2266.540
   760:     2266.600     2283.360     2283.600     2283.860     2283.940
   765:     2284.200     2284.780     2285.170     2285.440     2285.580
   770:     2285.930     2287.710     2287.860     2289.580     2289.720
   775:     2290.010     2290.130     2290.970     2291.570     2294.510
   780:     2294.610     2295.210     2295.260     2296.240     2296.410
   785:     2296.960     2297.200     2297.210     2298.620     2305.830
   790:     2360.490     2361.170     2365.970     2366.230     2366.490
   795:     2366.500     2366.780     2367.340     2371.110     2374.710
   800:     2375.120     2375.310     2375.500     2376.370     2376.410
   805:     2376.560     2377.480     2378.270     2378.320     2378.650
   810:     2378.670     2378.850     2379.110     2379.400     2380.990
   815:     2381.520     2381.790     2382.300     2382.740     2383.040
   820:     2383.220     2385.000     2385.090     2385.810     2386.410
   825:     2386.810     2386.950     2387.070     2388.720     2389.720
   830:     2390.120     2390.230     2390.330     2390.690     2390.700
   835:     2390.740     2391.750     2449.340     2456.070     2459.130
   840:     2459.460     2464.270     2464.580     2464.960     2465.100
   845:     2465.700     2465.860     2466.280     2467.290     2468.480
   850:     2468.550     2468.670     2468.730     2468.890     2469.410
   855:     2469.860     2469.930     2470.430     2470.490     2471.300
   860:     2471.340     2471.490     2472.890     2474.490     2474.960
   865:     2477.500     2478.720     2478.810     2478.930     2479.330
   870:     2480.040     2480.440     2480.620     2480.720     2480.760
   875:     2482.300     2543.300     2543.660     2545.610     2545.910
   880:     2545.970     2555.990     2556.340     2556.530     2556.830
   885:     2556.890     2557.840     2558.010     2558.520     2558.790
   890:     2560.390     2560.480     2560.570     2562.260     2562.750
   895:     2562.780     2563.240     2563.840     2564.740     2564.890
   900:     2564.960     2565.030     2566.410     2566.970     2568.530
   905:     2568.650     2577.890     2646.450     2646.870     2647.340
   910:     2647.500     2649.240     2649.450     2649.680     2650.610
   915:     2651.780     2651.960     2652.380     2653.730     2653.950
   920:     2655.960     2656.080     2657.310     2657.560     2657.910
   925:     2657.930     2658.010     2660.540     2720.890     2722.400
   930:     2722.830     2730.760     2731.180     2731.470     2731.810
   935:     2732.370     2732.410     2732.770     2733.660     2735.060
   940:     2736.710     2737.260     2737.800     2737.860     2738.060
   945:     2738.680     2738.770     2738.930     2741.370     2741.620
   950:     2741.910     2743.020     2743.770     2743.810     2746.370
   955:     2748.420     2811.610     2812.020     2824.530     2825.290
   960:     2825.390     2825.650     2825.820     2826.480     2826.560
   965:     2827.570     2827.780     2827.960     2829.030     2829.560
   970:     2829.580     2829.600     2829.650     2831.720     2831.820
   975:     2832.220     2832.640     2833.390     2834.030     2834.080
   980:     2835.660     2837.510     2840.940     2901.040     2910.490
   985:     2911.290     2911.530     2911.710     2911.910     2912.280
   990:     2912.460     2913.030     2913.300     2913.710     2914.640
   995:     2914.790     2915.720     2915.850     2917.470     2918.030
  1000:     2919.110     2919.490     2919.600     2919.620     2921.840
  1005:     2922.070     2922.590     2924.030     2924.280     2924.560
  1010:     2924.710     2988.820     2989.050     2990.180     2996.770
  1015:     2997.160     2997.210     2997.600     2998.040     2998.660
  1020:     2998.770     2998.930     2999.000     2999.100     3000.150
  1025:     3001.860     3002.260     3002.470     3003.860     3004.950
  1030:     3006.420     3006.810     3008.410     3009.510     3009.610
  1035:     3010.250     3011.390     3011.750     3014.150     3079.330
  1040:     3079.690     3080.050     3087.220     3087.640     3088.100
  1045:     3088.240     3088.400     3089.140     3090.040     3090.130
  1050:     3091.910     3092.100     3092.370     3092.790     3092.880
  1055:     3093.790     3093.880     3093.920     3094.070     3095.020
  1060:     3095.250     3096.470     3096.810     3096.860     3097.180
  1065:     3097.240     3098.930     3099.090     3100.810     3101.140
  1070:     3106.940     3107.110     3107.230     3176.110     3176.470
  1075:     3176.640     3176.980     3177.230     3177.260     3177.640
  1080:     3177.900     3177.940     3178.230     3178.750     3178.920
  1085:     3179.940     3180.080     3181.420     3182.190     3182.850
  1090:     3183.350     3183.390     3183.430     3184.960     3185.180
  1095:     3185.490     3186.140     3186.690     3187.230     3187.860
  1100:     3187.890     3254.470     3255.890     3256.430     3256.750
  1105:     3258.920     3259.070     3259.420     3260.040     3260.820
  1110:     3261.040     3264.020     3264.170     3265.000     3265.120
  1115:     3265.370     3265.490     3266.460     3266.680     3267.730
  1120:     3267.820     3267.900     3274.470     3275.800     3275.980
  1125:     3276.220     3276.660     3279.060     3279.240     3279.830
  1130:     3279.970     3280.140     3280.260     3280.380     3280.400
  1135:     3280.660     3280.810     3282.000     3282.080     3283.680
  1140:     3283.930     3284.390     3284.540     3285.100     3285.810
  1145:     3286.360     3286.370     3291.330     3297.580     3361.700
  1150:     3362.060     3364.230     3365.690     3365.890     3366.170
  1155:     3366.350     3366.990     3368.060     3368.230     3368.390
  1160:     3444.850     3445.150     3449.740     3449.840     3450.120
  1165:     3450.600     3450.810     3451.710     3451.790     3451.920
  1170:     3452.680     3454.030     3454.590     3455.970     3456.070
  1175:     3458.660     3459.050     3460.420     3460.550     3460.600
  1180:     3460.860     3460.910     3465.960     3466.730     3466.980
  1185:     3468.380     3468.410     3542.540     3542.740     3543.480
  1190:     3543.530     3543.790     3545.630     3545.700     3545.800
  1195:     3545.850     3546.750     3547.120     3547.480     3548.140
  1200:     3548.280     3550.530     3551.240     3551.760     3554.390
  1205:     3555.420     3555.440     3555.800     3556.790     3625.930
  1210:     3627.230     3631.100     3631.290     3631.910     3631.990
  1215:     3632.360     3632.510     3632.750     3633.470     3634.180
  1220:     3634.210     3636.450     3636.610     3637.120     3637.770
  1225:     3638.090     3638.190     3639.050     3639.180     3639.480
  1230:     3639.710     3639.900     3640.470     3641.060     3641.100
  1235:     3643.700     3643.760     3643.870     3644.450     3644.660
  1240:     3644.930     3646.010     3646.620     3721.610     3722.010
  1245:     3722.210     3722.600     3722.800     3723.010     3723.440
  1250:     3723.500     3723.770     3724.070     3724.990     3725.110
  1255:     3728.460     3728.600     3729.390     3731.280     3733.130
  1260:     3733.270     3733.620     3733.640     3733.750     3734.610
  1265:     3734.940     3735.220     3742.630     3742.840     3743.900
  1270:     3744.520     3797.800     3813.740     3814.320     3814.660
  1275:     3814.840     3814.990     3815.850     3816.020     3817.040
  1280:     3817.150     3818.950     3819.110     3820.070     3822.200
  1285:     3822.260     3822.910     3823.900     3824.350     3824.380
  1290:     3824.600     3897.850     3898.220     3903.770     3904.130
  1295:     3906.270     3906.450     3907.360     3908.080     3908.160
  1300:     3908.240     3908.330     3909.350     3910.360     3910.580
  1305:     3911.120     3912.930     3913.080     3913.150     3913.250
  1310:     3915.370     3915.500     3915.810     3916.560     3917.220
  1315:     3917.330     3997.120     3997.780     3998.100     3998.140
  1320:     3998.500     3998.530     3998.760     3999.840     4000.060
  1325:     4000.520     4001.390     4001.450     4001.700     4002.690
  1330:     4002.770     4003.060     4005.270     4005.620     4006.990
  1335:     4007.370     4008.330     4008.840     4009.670     4009.820
  1340:     4010.010     4082.150     4082.410     4082.760     4083.230
  1345:     4083.290     4084.140     4084.230     4084.370     4086.170
  1350:     4088.480     4088.810     4088.980     4089.650     4090.690
  1355:     4090.780     4091.500     4091.550     4091.670     4092.640
  1360:     4092.920     4092.990     4093.100     4094.800     4096.260
  1365:     4097.920     4097.950     4098.870     4098.990     4099.420
  1370:     4099.690     4099.840     4101.620     4107.170     4164.790
  1375:     4168.360     4168.680     4169.100     4169.590     4169.650
  1380:     4169.740     4169.900     4170.250     4175.890     4176.280
  1385:     4176.750     4177.170     4177.260     4177.800     4178.090
  1390:     4179.690     4180.230     4180.960     4181.020     4181.100
  1395:     4182.930     4183.050     4183.130     4183.840     4184.110
  1400:     4184.650     4185.160     4186.220     4186.310     4186.370
  1405:     4188.150     4188.440     4189.700     4189.810     4190.450
  1410:     4190.560     4273.650     4273.840     4274.350     4275.980
  1415:     4276.060     4277.320     4277.540     4279.880     4280.090
  1420:     4281.470     4370.840     4371.210     4371.730     4372.940
  1425:     4456.930     4461.660     4468.210     4468.370     4551.560
  1430:     4648.310     4649.270     5092.560     6092.450     6104.380
  1435:     6183.750     6186.190     6188.400     6190.900     6245.260
  1440:     6257.890     6259.250     6259.520     6259.700     6259.740
  1445:     6270.920     6271.210     6272.790     6353.260     6353.430
  1450:     6364.310     6420.440     6435.930     6436.420     6444.780
  1455:     6444.840     6445.650     6447.430     6448.530     6448.580
  1460:     6450.790     6453.870     6610.090     6619.660     6635.390
  1465:     6734.740     6816.090     6892.330     6909.670     6974.990
  1470:     6975.370     7000.480     7194.020     7268.850     7268.890
  1475:     7272.250     7273.380     7274.240     7373.270     7373.440
  1480:     7373.700     7375.620     7376.790     7377.710     7378.100
  1485:     7378.550     7380.720     7382.710     7382.820     7383.600
  1490:     7447.500     7447.640     7448.460     7449.720     7449.860
  1495:     7450.230     7450.560     7451.130     7452.010     7452.740
  1500:     7452.970     7457.750     7460.140     7513.790     7517.100
  1505:     7517.130     7525.880     7526.100     7527.660     7529.260
  1510:     7529.270     7529.420     7530.150     7530.300     7530.790
  1515:     7532.340     7532.580     7532.850     7532.990     7533.080
  1520:     7533.590     7535.520     7535.590     7539.270     7539.610
  1525:     7539.640     7539.860     7540.660     7541.960     7542.050
  1530:     7628.480     7629.070     7630.210     7630.320     7632.520
  1535:     7632.560     7635.260     7637.530     7641.160     7714.290
  1540:     7714.360     7715.170     7715.860     7716.470     7716.630
  1545:     7716.820     7717.410     7717.450     7717.490     7717.720
  1550:     7719.050     7719.070     7719.920     7720.010     7792.870
  1555:     7793.020     7793.460     7793.980     7794.650     7801.840
  1560:     7801.940     7802.490     7802.550     7802.630     7803.840
  1565:     7803.870     7804.040     7804.310     7804.750     7804.880
  1570:     7806.250     7806.380     7806.990     7807.110     7807.320
  1575:     7807.710     7807.920     7808.140     7808.180     7809.680
  1580:     7809.890     7811.600     7811.800     7812.070     7812.100
  1585:     7813.280     7814.170     7899.000     7899.360     7901.070
  1590:     7902.560     7902.680     7904.930     7977.710     7978.110
  1595:     7978.740     7979.210     7982.480     7982.630     7983.840
  1600:     7985.630     7985.960     7986.000     7987.920     7988.230
  1605:     7991.930     7992.600     8059.270     8059.510     8059.690
  1610:     8061.550     8061.830     8061.970     8067.500     8067.970
  1615:     8068.180     8068.410     8068.930     8069.500     8069.940
  1620:     8069.960     8070.000     8071.390     8071.820     8072.590
  1625:     8073.040     8073.480     8074.370     8074.540     8075.010
  1630:     8076.190     8076.630     8079.860     8079.970     8080.500
  1635:     8083.570     8157.620     8157.820     8158.290     8158.460
  1640:     8158.610     8159.870     8159.890     8159.970     8160.270
  1645:     8161.280     8161.450     8161.530     8165.200     8165.250
  1650:     8165.330     8167.220     8167.530     8169.470     8247.070
  1655:     8248.040     8248.820     8248.840     8248.860     8249.220
  1660:     8250.260     8252.270     8252.360     8252.810     8253.120
  1665:     8253.440     8253.800     8253.930     8255.400     8257.410
  1670:     8257.630     8257.690     8258.840     8259.790     8262.120
  1675:     8262.210     8280.620     8281.120     8501.520     8524.770
  1680:     8524.870     8525.010     8525.610     8528.590     8528.740
  1685:     8529.470     8531.070     8609.380     8610.030     8611.570
  1690:     8611.680     8611.950     8612.990     8613.030     8613.060
  1695:     8613.160     8613.920     8613.980     8614.160     8614.280
  1700:     8616.210     8616.470     8617.000     8618.500     8618.670
  1705:     8620.570     8623.480     8623.600     8678.690     8680.870
  1710:     8681.140     8685.430     8685.600     8687.260     8688.730
  1715:     8688.870     8695.460     8695.900     8696.030     8696.340
  1720:     8697.870     8697.930     8698.390     8698.520     8699.280
  1725:     8700.930     8701.320     8701.440     8703.540     8703.810
  1730:     8703.900     8707.000     8710.210     8710.270     8713.410
  1735:     8782.880     8787.120     8787.610     8787.900     8788.470
  1740:     8789.110     8790.750     8790.870     8790.940     8791.740
  1745:     8793.790     8794.150     8794.700     8794.910     8795.470
  1750:     8796.870     8800.430     8800.700     8801.090     8854.600
  1755:     8860.390     8860.520     8860.860     8861.860     8862.240
  1760:     8866.810     8867.010     8867.500     8867.880     8867.990
  1765:     8868.220     8869.410     8869.530     8869.680     8871.050
  1770:     8871.390     8872.360     8872.790     8873.280     8875.130
  1775:     8875.260     8876.840     8876.880     8876.950     8880.560
  1780:     8880.850     8882.580     8882.660
G:
     0:       11.530       89.720      190.000      193.760      194.740
     5:      194.910      195.460      196.100      289.430      290.670
    10:      650.700      650.920      819.500     1725.750     1786.700
    15:     1786.950     1787.150     1787.200     1787.370     1787.480
    20:     1787.640     1787.780     1787.930     1975.760     1976.060
    25:     2169.640     2260.840     2261.050     2261.060     2261.200
    30:     2261.220     2261.260     3138.880     3139.100     3150.050
    35:     3150.380     3150.590     3150.680     3244.510     3428.950
    40:     3675.680     3675.850     3676.040     3676.270     3676.460
    45:     4130.630     4130.820     4131.100     4215.550     6755.750
    50:     6941.420     6941.540     6941.910     6945.210     7221.270
    55:     7221.470     7388.280     7675.000     7676.350     8015.320
    60:     8575.220     8576.590     8576.950     8817.010
H:
     0:     1785.520     1785.790     1786.320     3674.610     4214.780
I:
     0:     4569.950
K:
L:
     0:       40.350      132.830      221.360      400.260      486.890
     5:      488.810      489.250      575.380      575.710      666.650
    10:      670.860      756.490      756.830      845.670      845.780
    15:      849.210      932.200      932.540     1023.500     1115.220
    20:     1204.360     1294.470     1296.430     1298.340     1382.300
    25:     1385.690     1386.920     1476.440     1478.710     1479.490
    30:     1479.820     1567.420     1568.970     1571.060     1652.870
    35:     1653.530     1742.610     1742.980     1745.430     1746.600
    40:     1746.910     1833.380     1920.110     2011.650     2013.220
    45:     2015.200     2100.750     2188.500     2193.020     2277.340
    50:     2371.960     2372.200     2374.470     2461.590     2549.480
    55:     2553.980     2640.590     2644.040     2644.350     2728.300
    60:     2818.450     2821.690     2905.410     2907.130     2907.440
    65:     2909.660     2994.400     2995.950     3083.420     3170.330
    70:     3171.400     3172.900     3173.890     3269.410     3271.100
    75:     3272.090     3273.220     3354.440     3356.670     3446.520
    80:     3536.400     3538.220     3538.500     3539.760     3540.730
    85:     3628.060     3719.590     3804.240     3899.200     3991.160
    90:     3992.180     3993.840     3995.510     4079.680     4171.510
    95:     4175.240     4259.850     4352.400     4440.660     4530.620
   100:     4624.320     4627.720     5071.290     6071.210     6168.560
   105:     6252.470     6343.990     6431.340     6613.860     6614.360
   110:     6710.390     6795.580     6894.600     6895.870     6979.930
   115:     7253.810     7437.320     7523.590     7619.310     7619.990
   120:     7701.430     7797.070     7882.840     7972.380     7974.190
   125:     7976.420     8063.790     8151.520     8153.950     8154.660
   130:     8156.100     8242.640     8510.690     8605.700     8692.610
   135:     8780.910     8782.150     8783.740     8863.880
M:
     0:       10.000       12.000       12.000       13.000       14.000
     5:       17.000       12.000       15.000       16.000       14.000
    10:       12.000       15.000       14.000       14.000       12.000
    15:       14.000       15.000       14.000       16.000       10.000
    20:       15.000       14.000       16.000       17.000       15.000
    25:       14.000       18.000       12.000       14.000       16.000
    30:       11.000       13.000       13.000       14.000       15.000
    35:       18.000       13.000       16.000       17.000       15.000
    40:       13.000       16.000       15.000       15.000       13.000
    45:       15.000       16.000       15.000       17.000       11.000
    50:       16.000       15.000       17.000       18.000       16.000
    55:       15.000       19.000       13.000       15.000       17.000
    60:       12.000       14.000       14.000       15.000       16.000
    65:       19.000       14.000       17.000       18.000       16.000
    70:       14.000       17.000       16.000       16.000       14.000
    75:       16.000       17.000       16.000       18.000       12.000
    80:       17.000       16.000       18.000       19.000       17.000
    85:       16.000       20.000       14.000       16.000       19.000
    90:       13.000       14.000       13.000       19.000       13.000
    95:       15.000       14.000       13.000       14.000
P:
     0:       60.350       60.850       61.350      152.830      153.330
     5:      153.830      241.360      241.860      242.360      420.260
    10:      420.760      421.260      506.890      507.390      507.890
    15:      595.380      595.880      596.380      686.650      687.150
    20:      687.650      776.490      776.990      777.490      865.670
    25:      866.170      866.670      952.200      952.700      953.200
    30:     1043.500     1044.000     1044.500     1135.220     1135.720
    35:     1136.220     1224.360     1224.860     1225.360     1314.470
    40:     1314.970     1315.470     1402.300     1402.800     1403.300
    45:     1496.440     1496.940     1497.440     1587.420     1587.920
    50:     1588.420     1672.870     1673.370     1673.870     1762.610
    55:     1763.110     1763.610     1853.380     1853.880     1854.380
    60:     1940.110     1940.610     1941.110     2031.650     2032.150
    65:     2032.650     2120.750     2121.250     2121.750     2208.500
    70:     2209.000     2209.500     2297.340     2297.840     2298.340
    75:     2391.960     2392.460     2392.960     2481.590     2482.090
    80:     2482.590     2569.480     2569.980     2570.480     2660.590
    85:     2661.090     2661.590     2748.300     2748.800     2749.300
    90:     2838.450     2838.950     2839.450     2925.410     2925.910
    95:     2926.410     3014.400     3014.900     3015.400     3103.420
   100:     3103.920     3104.420     3190.330     3190.830     3191.330
   105:     3289.410     3289.910     3290.410     3374.440     3374.940
   110:     3375.440     3466.520     3467.020     3467.520     3556.400
   115:     3556.900     3557.400     3648.060     3648.560     3649.060
   120:     3739.590     3740.090     3740.590     3824.240     3824.740
   125:     3825.240     3919.200     3919.700     3920.200     4011.160
   130:     4011.660     4012.160     4099.680     4100.180     4100.680
   135:     4191.510     4192.010     4192.510     4279.850     4280.350
   140:     4280.850     4372.400     4372.900     4373.400     4460.660
   145:     4461.160     4461.660     4550.620     4551.120     4551.620
   150:     4644.320     4644.820     4645.320     5091.290     5091.790
   155:     5092.290     6091.210     6091.710     6092.210     6188.560
   160:     6189.060     6189.560     6272.470     6272.970     6273.470
   165:     6363.990     6364.490     6364.990     6451.340     6451.840
   170:     6452.340     6633.860     6634.360     6634.860     6730.390
   175:     6730.890     6731.390     6815.580     6816.080     6816.580
   180:     6914.600     6915.100     6915.600     6999.930     7000.430
   185:     7000.930     7273.810     7274.310     7274.810     7457.320
   190:     7457.820     7458.320     7543.590     7544.090     7544.590
   195:     7639.310     7639.810     7640.310     7721.430     7721.930
   200:     7722.430     7817.070     7817.570     7818.070     7902.840
   205:     7903.340     7903.840     7992.380     7992.880     7993.380
   210:     8083.790     8084.290     8084.790     8171.520     8172.020
   215:     8172.520     8262.640     8263.140     8263.640     8530.690
   220:     8531.190     8531.690     8625.700     8626.200     8626.700
   225:     8712.610     8713.110     8713.610     8800.910     8801.410
   230:     8801.910     8883.880     8884.380     8884.880
R:
     0:       40.350      132.830      221.360      400.260      486.890
     5:      575.380      666.650      756.490      845.670      932.200
    10:     1023.500     1115.220     1204.360     1294.470     1382.300
    15:     1476.440     1567.420     1652.870     1742.610     1833.380
    20:     1920.110     2011.650     2100.750     2188.500     2277.340
    25:     2371.960     2461.590     2549.480     2640.590     2728.300
    30:     2818.450     2905.410     2994.400     3083.420     3170.330
    35:     3269.410     3354.440     3446.520     3536.400     3628.060
    40:     3719.590     3804.240     3899.200     3991.160     4079.680
    45:     4171.510     4259.850     4352.400     4440.660     4530.620
    50:     4624.320     5071.290     6071.210     6168.560     6252.470
    55:     6343.990     6431.340     6613.860     6710.390     6795.580
    60:     6894.600     6979.930     7253.810     7437.320     7523.590
    65:     7619.310     7701.430     7797.070     7882.840     7972.380
    70:     8063.790     8151.520     8242.640     8510.690     8605.700
    75:     8692.610     8780.910     8863.880
V:
W:
     0:        1.000        1.000        1.000        1.000        1.000
     5:        1.000        1.000        1.000        1.000        1.000
    10:        1.000        1.000        1.000        1.000        1.000
    15:        1.000        1.000        1.000        1.000        1.000
    20:        1.000        1.000        1.000        1.000        1.000
    25:        1.000        1.000        1.000        1.000        1.000
    30:        1.000        1.000        1.000        1.000        1.000
    35:        1.000
X:
     0:       15.000       15.150      106.000      106.150      194.000
     5:      194.150      282.000      282.150      374.000      374.150
    10:      461.000      461.150      550.000      550.150      641.000
    15:      641.150      730.000      730.150      820.000      820.150
    20:      907.000      907.150      998.000      998.150     1089.000
    25:     1089.150     1178.000     1178.150     1269.000     1269.150
    30:     1357.000     1357.150     1449.000     1449.150     1542.000
    35:     1542.150     1627.000     1627.150     1716.000     1716.150
    40:     1806.000     1806.150     1893.000     1893.150     1986.000
    45:     1986.150     2074.000     2074.150     2162.000     2162.150
    50:     2252.000     2252.150     2346.000     2346.150     2435.000
    55:     2435.150     2524.000     2524.150     2614.000     2614.150
    60:     2703.000     2703.150     2793.000     2793.150     2880.000
    65:     2880.150     2969.000     2969.150     3058.000     3058.150
    70:     3145.000     3145.150     3237.000     3237.150     3327.000
    75:     3327.150     3420.000     3420.150     3511.000     3511.150
    80:     3602.000     3602.150     3694.000     3694.150     3779.000
    85:     3779.150     3873.000     3873.150     3962.000     3962.150
    90:     4054.000     4054.150     4145.000     4145.150     4234.000
    95:     4234.150     4327.000     4327.150     4415.000     4415.150
   100:     4505.000     4505.150     4592.000     4592.150     4681.000
   105:     4681.150     4772.000     4772.150     4863.000     4863.150
   110:     4953.000     4953.150     5043.000     5043.150     5135.000
   115:     5135.150     5226.000     5226.150     5319.000     5319.150
   120:     5409.000     5409.150     5503.000     5503.150     5595.000
   125:     5595.150     5682.000     5682.150     5773.000     5773.150
   130:     5862.000     5862.150     5953.000     5953.150     6045.000
   135:     6045.150     6137.000     6137.150     6227.000     6227.150
   140:     6317.000     6317.150     6406.000     6406.150     6497.000
   145:     6497.150     6588.000     6588.150     6683.000     6683.150
   150:     6769.000     6769.150     6863.000     6863.150     6954.000
   155:     6954.150     7046.000     7046.150     7134.000     7134.150
   160:     7227.000     7227.150     7319.000     7319.150     7409.000
   165:     7409.150     7498.000     7498.150     7586.000     7586.150
   170:     7675.000     7675.150     7769.000     7769.150     7857.000
   175:     7857.150     7947.000     7947.150     8037.000     8037.150
   180:     8126.000     8126.150     8217.000     8217.150     8305.000
   185:     8305.150     8396.000     8396.150     8485.000     8485.150
   190:     8574.000     8574.150     8664.000     8664.150     8752.000
   195:     8752.150     8838.000     8838.150     8925.000     8925.150
Y:
Z:
     0:        0.000       78.000      139.000        1.000        5.000
     5:        0.000      234.000      200.000        0.000        0.000
    10:        0.000     1783.000       64.000        0.000        0.000
    15:        0.000
