File: C:\MED-PC IV\Data\Tarun\RM-B12_RM036\postBaseplate\R01\S10_R01_reinstatement--extra5


Start Date: 07/14/17
End Date: 07/14/17
Subject: 1
Experiment: 0
Group: 0
Box: 1
Start Time: 17:53:35
End Time: 18:01:32
MSN: EXTRA-MiniScope_FR1-Reinstatement-0p_5trials_05022017
A:       0.000
E:       0.000
J:       6.000
N:       0.000
O:       0.000
Q:       0.000
S:       0.000
T:     462.000
U:       0.000
B:
     0:        0.000       10.000       10.000       15.000       20.000
     5:       20.000       20.000       10.000       10.000        5.000
    10:        1.000        0.000       15.000        0.010        1.000
    15:        1.000        1.000        5.000       20.000        5.000
C:
     0:        5.000        4.000        5.000        0.000        6.708
     5:        0.000        5.000        4.000        0.000        6.708
    10:        0.000       37.000       51.000     2885.000     1130.020
    15:        1.000        1.000        2.000        0.000        1.900
    20:        1.000        1.000        1.000        0.000        1.900
    25:        1.000        7.000        5.000      577.000       16.000
    30:        2.000        0.000        0.000        0.000       20.000
    35:        2.000        1.000        0.000        0.000       20.000
    40:        2.000        1.000        2.000      577.000       12.000
    45:        3.000        1.000        1.000        0.000       13.130
    50:        3.000        1.000        1.000        0.000       13.130
    55:        3.000        7.000       14.000      577.000       19.000
    60:        4.000        1.000        1.000        0.000        0.580
    65:        4.000        1.000        1.000        0.000        0.580
    70:        4.000       10.000       21.000      577.000       15.000
    75:        5.000        1.000        1.000        0.000       11.220
    80:        5.000        1.000        1.000        0.000       11.220
    85:        5.000       12.000        9.000      577.000       10.000
D:
     0:        0.000        0.000        0.000        0.000        0.000
     5:        0.000        0.000        0.000        0.000        0.000
    10:        0.000        0.000        0.000        0.000        0.000
    15:        1.000       15.000       90.000       40.000       46.900
    20:        1.000       30.000        0.000       41.900       61.900
    25:        1.000       25.000       80.000       15.000       15.150
    30:        2.000      106.000      181.000      131.000      151.000
    35:        2.000      121.000        0.000        0.000        0.000
    40:        2.000      116.000      171.000      106.000      106.150
    45:        3.000      193.000      268.000      218.000      236.130
    50:        3.000      208.000        0.000      231.130      251.130
    55:        3.000      203.000      258.000      193.000      193.150
    60:        4.000      287.000      362.000      312.000      317.580
    65:        4.000      302.000        0.000      312.580      332.580
    70:        4.000      297.000      352.000      287.000      287.150
    75:        5.000      377.000      452.000      402.000      418.220
    80:        5.000      392.000        0.000      413.220      433.220
    85:        5.000      387.000      442.000      377.000      377.150
F:
     0:       32.080       35.780       35.870       35.940       65.030
     5:       65.340       65.430      121.330      209.400      210.930
    10:      211.050      211.580      256.180      256.990      257.320
    15:      297.290      299.130      299.650      299.890      301.200
    20:      302.210      304.250      313.390      337.120      337.670
    25:      390.230      390.650      390.890      392.410      392.490
    30:      392.550      396.910      397.170      397.480      397.910
    35:      430.350      440.230
G:
     0:        3.920        4.290       12.020       85.040       85.680
     5:      108.080      108.630      263.400      264.010      264.360
    10:      266.320      266.350      266.400      266.520      266.600
    15:      266.760      267.040      267.120      267.490      267.670
    20:      267.990      276.710      277.100      278.260      278.780
    25:      279.140      283.020      283.800      284.000      284.060
    30:      284.850      285.530      292.180      292.910      293.170
    35:      293.340      293.390      295.410      295.560      295.620
    40:      296.860      353.060      369.090      378.410      378.850
    45:      379.900      380.260      380.460      381.080      385.990
    50:      386.290
H:
I:
K:
     0:       15.240       15.340       15.430       15.530       15.620
     5:       15.720       15.810       15.910       16.000       16.100
    10:       16.190       16.290       16.380       16.480       16.570
    15:       16.670       16.760       16.860       16.960       17.050
    20:       17.150       17.240       17.340       17.430       17.530
    25:       17.620       17.720       17.810       17.910       18.000
    30:       18.100       18.190       18.290       18.380       18.480
    35:       18.580       18.670       18.770       18.860       18.960
    40:       19.050       19.150       19.240       19.340       19.430
    45:       19.530       19.620       19.720       19.810       19.910
    50:       20.000       20.100       20.200       20.290       20.390
    55:       20.480       20.580       20.670       20.770       20.860
    60:       20.960       21.050       21.150       21.240       21.340
    65:       21.430       21.530       21.620       21.720       21.820
    70:       21.910       22.010       22.100       22.200       22.290
    75:       22.390       22.480       22.580       22.670       22.770
    80:       22.860       22.960       23.050       23.150       23.240
    85:       23.340       23.440       23.530       23.630       23.720
    90:       23.820       23.910       24.010       24.100       24.200
    95:       24.290       24.390       24.480       24.580       24.670
   100:       24.770       24.870       24.960       80.040       80.140
   105:       80.230       80.330       80.420       80.520       80.610
   110:       80.710       80.800       80.900       80.990       81.090
   115:       81.190       81.280       81.380       81.470       81.570
   120:       81.660       81.760       81.850       81.950       82.040
   125:       82.140       82.230       82.330       82.420       82.520
   130:       82.610       82.710       82.810       82.900       83.000
   135:       83.090       83.190       83.280       83.380       83.470
   140:       83.570       83.660       83.760       83.850       83.950
   145:       84.040       84.140       84.230       84.330       84.430
   150:       84.520       84.620       84.710       84.810       84.900
   155:       85.000       85.090       85.190       85.280       85.380
   160:       85.470       85.570       85.660       85.760       85.850
   165:       85.950       86.050       86.140       86.240       86.330
   170:       86.430       86.520       86.620       86.710       86.810
   175:       86.900       87.000       87.090       87.190       87.280
   180:       87.380       87.480       87.570       87.670       87.760
   185:       87.860       87.950       88.050       88.140       88.240
   190:       88.330       88.430       88.520       88.620       88.710
   195:       88.810       88.900       89.000       89.100       89.190
   200:       89.290       89.380       89.480       89.570       89.670
   205:       89.760       89.860       89.950       90.050       90.140
   210:       90.240       90.330       90.430       90.520       90.620
   215:       90.720       90.810       90.910       91.000       91.100
   220:       91.190       91.290       91.380      106.240      106.340
   225:      106.430      106.530      106.620      106.720      106.810
   230:      106.910      107.000      107.100      107.190      107.290
   235:      107.390      107.480      107.580      107.670      107.770
   240:      107.860      107.960      108.050      108.150      108.240
   245:      108.340      108.430      108.530      108.620      108.720
   250:      108.810      108.910      109.010      109.100      109.200
   255:      109.290      109.390      109.480      109.580      109.670
   260:      109.770      109.860      109.960      110.050      110.150
   265:      110.240      110.340      110.430      110.530      110.630
   270:      110.720      110.820      110.910      111.010      111.100
   275:      111.200      111.290      111.390      111.480      111.580
   280:      111.670      111.770      111.860      111.960      112.060
   285:      112.150      112.250      112.340      112.440      112.530
   290:      112.630      112.720      112.820      112.910      113.010
   295:      113.100      113.200      113.290      113.390      113.480
   300:      113.580      113.680      113.770      113.870      113.960
   305:      114.060      114.150      114.250      114.340      114.440
   310:      114.530      114.630      114.720      114.820      114.910
   315:      115.010      115.100      115.200      115.300      115.390
   320:      115.490      115.580      115.680      115.770      115.870
   325:      115.960      171.040      171.140      171.230      171.330
   330:      171.420      171.520      171.620      171.710      171.810
   335:      171.900      172.000      172.090      172.190      172.280
   340:      172.380      172.470      172.570      172.660      172.760
   345:      172.850      172.950      173.050      173.140      173.240
   350:      173.330      173.430      173.520      173.620      173.710
   355:      173.810      173.900      174.000      174.090      174.190
   360:      174.280      174.380      174.470      174.570      174.670
   365:      174.760      174.860      174.950      175.050      175.140
   370:      175.240      175.330      175.430      175.520      175.620
   375:      175.710      175.810      175.900      176.000      176.090
   380:      176.190      176.290      176.380      176.480      176.570
   385:      176.670      176.760      176.860      176.950      177.050
   390:      177.140      177.240      177.330      177.430      177.520
   395:      177.620      177.710      177.810      177.910      178.000
   400:      178.100      178.190      178.290      178.380      178.480
   405:      178.570      178.670      178.760      178.860      178.950
   410:      179.050      179.140      179.240      179.330      179.430
   415:      179.530      179.620      179.720      179.810      179.910
   420:      180.000      180.100      180.190      180.290      180.380
   425:      180.480      180.570      180.670      180.760      180.860
   430:      180.950      181.050      181.150      181.240      181.340
   435:      181.430      181.530      181.620      181.720      181.810
   440:      181.910      182.000      182.100      182.190      182.290
   445:      182.380      193.270      193.360      193.460      193.560
   450:      193.650      193.750      193.840      193.940      194.030
   455:      194.130      194.220      194.320      194.410      194.510
   460:      194.600      194.700      194.790      194.890      194.980
   465:      195.080      195.180      195.270      195.370      195.460
   470:      195.560      195.650      195.750      195.840      195.940
   475:      196.030      196.130      196.220      196.320      196.410
   480:      196.510      196.600      196.700      196.800      196.890
   485:      196.990      197.080      197.180      197.270      197.370
   490:      197.460      197.560      197.650      197.750      197.840
   495:      197.940      198.030      198.130      198.220      198.320
   500:      198.420      198.510      198.610      198.700      198.800
   505:      198.890      198.990      199.080      199.180      199.270
   510:      199.370      199.460      199.560      199.650      199.750
   515:      199.840      199.940      200.040      200.130      200.230
   520:      200.320      200.420      200.510      200.610      200.700
   525:      200.800      200.890      200.990      201.080      201.180
   530:      201.270      201.370      201.460      201.560      201.660
   535:      201.750      201.850      201.940      202.040      202.130
   540:      202.230      202.320      202.420      202.510      202.610
   545:      202.700      202.800      202.890      202.990      258.070
   550:      258.170      258.260      258.360      258.450      258.550
   555:      258.640      258.740      258.830      258.930      259.020
   560:      259.120      259.210      259.310      259.410      259.500
   565:      259.600      259.690      259.790      259.880      259.980
   570:      260.070      260.170      260.260      260.360      260.450
   575:      260.550      260.640      260.740      260.830      260.930
   580:      261.030      261.120      261.220      261.310      261.410
   585:      261.500      261.600      261.690      261.790      261.880
   590:      261.980      262.070      262.170      262.260      262.360
   595:      262.450      262.550      262.650      262.740      262.840
   600:      262.930      263.030      263.120      263.220      263.310
   605:      263.410      263.500      263.600      263.690      263.790
   610:      263.880      263.980      264.070      264.170      264.270
   615:      264.360      264.460      264.550      264.650      264.740
   620:      264.840      264.930      265.030      265.120      265.220
   625:      265.310      265.410      265.500      265.600      265.690
   630:      265.790      265.890      265.980      266.080      266.170
   635:      266.270      266.360      266.460      266.550      266.650
   640:      266.740      266.840      266.930      267.030      267.120
   645:      267.220      267.310      267.410      267.510      267.600
   650:      267.700      267.790      267.890      267.980      268.080
   655:      268.170      268.270      268.360      268.460      268.550
   660:      268.650      268.740      268.840      268.930      269.030
   665:      269.130      269.220      269.320      269.410      287.270
   670:      287.360      287.460      287.550      287.650      287.740
   675:      287.840      287.930      288.030      288.120      288.220
   680:      288.310      288.410      288.500      288.600      288.700
   685:      288.790      288.890      288.980      289.080      289.170
   690:      289.270      289.360      289.460      289.550      289.650
   695:      289.740      289.840      289.930      290.030      290.120
   700:      290.220      290.320      290.410      290.510      290.600
   705:      290.700      290.790      290.890      290.980      291.080
   710:      291.170      291.270      291.360      291.460      291.550
   715:      291.650      291.740      291.840      291.940      292.030
   720:      292.130      292.220      292.320      292.410      292.510
   725:      292.600      292.700      292.790      292.890      292.980
   730:      293.080      293.170      293.270      293.360      293.460
   735:      293.560      293.650      293.750      293.840      293.940
   740:      294.030      294.130      294.220      294.320      294.410
   745:      294.510      294.600      294.700      294.790      294.890
   750:      294.980      295.080      295.180      295.270      295.370
   755:      295.460      295.560      295.650      295.750      295.840
   760:      295.940      296.030      296.130      296.220      296.320
   765:      296.410      296.510      296.600      296.700      296.800
   770:      296.890      296.990      352.070      352.160      352.260
   775:      352.350      352.450      352.540      352.640      352.730
   780:      352.830      352.930      353.020      353.120      353.210
   785:      353.310      353.400      353.500      353.590      353.690
   790:      353.780      353.880      353.970      354.070      354.160
   795:      354.260      354.350      354.450      354.550      354.640
   800:      354.740      354.830      354.930      355.020      355.120
   805:      355.210      355.310      355.400      355.500      355.590
   810:      355.690      355.780      355.880      355.970      356.070
   815:      356.170      356.260      356.360      356.450      356.550
   820:      356.640      356.740      356.830      356.930      357.020
   825:      357.120      357.210      357.310      357.400      357.500
   830:      357.590      357.690      357.790      357.880      357.980
   835:      358.070      358.170      358.260      358.360      358.450
   840:      358.550      358.640      358.740      358.830      358.930
   845:      359.020      359.120      359.210      359.310      359.410
   850:      359.500      359.600      359.690      359.790      359.880
   855:      359.980      360.070      360.170      360.260      360.360
   860:      360.450      360.550      360.640      360.740      360.830
   865:      360.930      361.030      361.120      361.220      361.310
   870:      361.410      361.500      361.600      361.690      361.790
   875:      361.880      361.980      362.070      362.170      362.260
   880:      362.360      362.450      362.550      362.650      362.740
   885:      362.840      362.930      363.030      363.120      363.220
   890:      363.310      363.410      377.240      377.340      377.430
   895:      377.530      377.620      377.720      377.820      377.910
   900:      378.010      378.100      378.200      378.290      378.390
   905:      378.480      378.580      378.670      378.770      378.860
   910:      378.960      379.050      379.150      379.240      379.340
   915:      379.440      379.530      379.630      379.720      379.820
   920:      379.910      380.010      380.100      380.200      380.290
   925:      380.390      380.480      380.580      380.670      380.770
   930:      380.860      380.960      381.060      381.150      381.250
   935:      381.340      381.440      381.530      381.630      381.720
   940:      381.820      381.910      382.010      382.100      382.200
   945:      382.290      382.390      382.480      382.580      382.680
   950:      382.770      382.870      382.960      383.060      383.150
   955:      383.250      383.340      383.440      383.530      383.630
   960:      383.720      383.820      383.910      384.010      384.100
   965:      384.200      384.300      384.390      384.490      384.580
   970:      384.680      384.770      384.870      384.960      385.060
   975:      385.150      385.250      385.340      385.440      385.530
   980:      385.630      385.720      385.820      385.920      386.010
   985:      386.110      386.200      386.300      386.390      386.490
   990:      386.580      386.680      386.770      386.870      386.960
   995:      442.050      442.140      442.240      442.330      442.430
  1000:      442.520      442.620      442.710      442.810      442.900
  1005:      443.000      443.090      443.190      443.280      443.380
  1010:      443.470      443.570      443.670      443.760      443.860
  1015:      443.950      444.050      444.140      444.240      444.330
  1020:      444.430      444.520      444.620      444.710      444.810
  1025:      444.900      445.000      445.090      445.190      445.290
  1030:      445.380      445.480      445.570      445.670      445.760
  1035:      445.860      445.950      446.050      446.140      446.240
  1040:      446.330      446.430      446.520      446.620      446.710
  1045:      446.810      446.910      447.000      447.100      447.190
  1050:      447.290      447.380      447.480      447.570      447.670
  1055:      447.760      447.860      447.950      448.050      448.140
  1060:      448.240      448.330      448.430      448.530      448.620
  1065:      448.720      448.810      448.910      449.000      449.100
  1070:      449.190      449.290      449.380      449.480      449.570
  1075:      449.670      449.760      449.860      449.950      450.050
  1080:      450.150      450.240      450.340      450.430      450.530
  1085:      450.620      450.720      450.810      450.910      451.000
  1090:      451.100      451.190      451.290      451.380      451.480
  1095:      451.570      451.670      451.770      451.860      451.960
  1100:      452.050      452.150      452.240      452.340      452.430
  1105:      452.530      452.620      452.720      452.810      452.910
  1110:      453.000      453.100      453.190      453.290      453.390
L:
     0:       41.900       42.730      231.130      312.580      413.220
M:
     0:       10.000       12.000       12.000       13.000       14.000
     5:       17.000       12.000       15.000       16.000       14.000
    10:       12.000       15.000       14.000       14.000       12.000
    15:       14.000       15.000       14.000       16.000       10.000
    20:       15.000       14.000       16.000       17.000       15.000
    25:       14.000       18.000       12.000       14.000       16.000
    30:       11.000       13.000       13.000       14.000       15.000
    35:       18.000       13.000       16.000       17.000       15.000
    40:       13.000       16.000       15.000       15.000       13.000
    45:       15.000       16.000       15.000       17.000       11.000
    50:       16.000       15.000       17.000       18.000       16.000
    55:       15.000       19.000       13.000       15.000       17.000
    60:       12.000       14.000       14.000       15.000       16.000
    65:       19.000       14.000       17.000       18.000       16.000
    70:       14.000       17.000       16.000       16.000       14.000
    75:       16.000       17.000       16.000       18.000       12.000
    80:       17.000       16.000       18.000       19.000       17.000
    85:       16.000       20.000       14.000       16.000       19.000
    90:       13.000       14.000       13.000       19.000       13.000
    95:       15.000       14.000       13.000       14.000
P:
R:
     0:       41.900      231.130      312.580      413.220
V:
     0:       30.000      121.000      208.000      302.000      392.000
W:
     0:        1.000        1.000        1.000        1.000        1.000
     5:        1.000        1.000        1.000        1.000        1.000
    10:        1.000        1.000        1.000        1.000        1.000
    15:        1.000        1.000        1.000        1.000        1.000
    20:        1.000        1.000        1.000        1.000        1.000
    25:        1.000        1.000        1.000        1.000        1.000
    30:        1.000        1.000        1.000        1.000        1.000
    35:        1.000        1.000        1.000        1.000        1.000
    40:        1.000        1.000        1.000        1.000        1.000
    45:        1.000        1.000        1.000        1.000        1.000
    50:        1.000        1.000        1.000        1.000        1.000
    55:        1.000        1.000        1.000        1.000        1.000
    60:        1.000        1.000        1.000        1.000        1.000
    65:        1.000        1.000        1.000        1.000        1.000
    70:        1.000        1.000        1.000        1.000        1.000
    75:        1.000        1.000        1.000        1.000        1.000
    80:        1.000        1.000        1.000        1.000        1.000
    85:        1.000        1.000        1.000        1.000        1.000
    90:        1.000        1.000        1.000        1.000        1.000
    95:        1.000        1.000        1.000        1.000        1.000
   100:        1.000        1.000        1.000        1.000        1.000
   105:        1.000        1.000        1.000        1.000        1.000
X:
     0:       15.000       15.150      106.000      106.150      193.000
     5:      193.150      287.000      287.150      377.000      377.150
Y:
     0:       25.060       25.150       25.250       25.340       25.440
     5:       25.530       25.630       25.720       25.820       25.910
    10:       26.010       26.100       26.200       26.290       26.390
    15:       26.490       26.580       26.680       26.770       26.870
    20:       26.960       27.060       27.150       27.250       27.340
    25:       27.440       27.530       27.630       27.720       27.820
    30:       27.910       28.010       28.110       28.200       28.300
    35:       28.390       28.490       28.580       28.680       28.770
    40:       28.870       28.960       29.060       29.150       29.250
    45:       29.340       29.440       29.530       29.630       29.730
    50:       29.820       29.920       30.010       30.110       30.200
    55:       30.300       30.390       30.490       30.580       30.680
    60:       30.770       30.870       30.960       31.060       31.150
    65:       31.250       31.350       31.440       31.540       31.630
    70:       31.730       31.820       31.920       32.010       32.110
    75:       32.200       32.300       32.390       32.490       32.580
    80:       32.680       32.770       32.870       32.970       33.060
    85:       33.160       33.250       33.350       33.440       33.540
    90:       33.630       33.730       33.820       33.920       34.010
    95:       34.110       34.200       34.300       34.390       34.490
   100:       34.590       34.680       34.780       34.870       34.970
   105:       35.060       35.160       35.250       35.350       35.440
   110:       35.540       35.630       35.730       35.820       35.920
   115:       36.010       36.110       36.210       36.300       36.400
   120:       36.490       36.590       36.680       36.780       36.870
   125:       36.970       37.060       37.160       37.250       37.350
   130:       37.440       37.540       37.630       37.730       37.830
   135:       37.920       38.020       38.110       38.210       38.300
   140:       38.400       38.490       38.590       38.680       38.780
   145:       38.870       38.970       39.060       39.160       39.250
   150:       39.350       39.450       39.540       39.640       39.730
   155:       39.830       39.920       40.020       40.110       40.210
   160:       40.300       40.400       40.490       40.590       40.680
   165:       40.780       40.870       40.970       41.070       41.160
   170:       41.260       41.350       41.450       41.540       41.640
   175:       41.730       41.830       41.920       42.020       42.110
   180:       42.210       42.300       42.400       42.490       42.590
   185:       42.690       42.780       42.880       42.970       43.070
   190:       43.160       43.260       43.350       43.450       43.540
   195:       43.640       43.730       43.830       43.920       44.020
   200:       44.110       44.210       44.310       44.400       44.500
   205:       44.590       44.690       44.780       44.880       44.970
   210:       45.070       45.160       45.260       45.350       45.450
   215:       45.540       45.640       45.740       45.830       45.930
   220:       46.020       46.120       46.210       46.310       46.400
   225:       46.500       46.590       46.690       46.780       46.880
   230:       46.970       47.070       47.160       47.260       47.360
   235:       47.450       47.550       47.640       47.740       47.830
   240:       47.930       48.020       48.120       48.210       48.310
   245:       48.400       48.500       48.590       48.690       48.780
   250:       48.880       48.980       49.070       49.170       49.260
   255:       49.360       49.450       49.550       49.640       49.740
   260:       49.830       49.930       50.020       50.120       50.210
   265:       50.310       50.400       50.500       50.600       50.690
   270:       50.790       50.880       50.980       51.070       51.170
   275:       51.260       51.360       51.450       51.550       51.640
   280:       51.740       51.830       51.930       52.020       52.120
   285:       52.220       52.310       52.410       52.500       52.600
   290:       52.690       52.790       52.880       52.980       53.070
   295:       53.170       53.260       53.360       53.450       53.550
   300:       53.640       53.740       53.840       53.930       54.030
   305:       54.120       54.220       54.310       54.410       54.500
   310:       54.600       54.690       54.790       54.880       54.980
   315:       55.070       55.170       55.260       55.360       55.460
   320:       55.550       55.650       55.740       55.840       55.930
   325:       56.030       56.120       56.220       56.310       56.410
   330:       56.500       56.600       56.690       56.790       56.880
   335:       56.980       57.080       57.170       57.270       57.360
   340:       57.460       57.550       57.650       57.740       57.840
   345:       57.930       58.030       58.120       58.220       58.310
   350:       58.410       58.500       58.600       58.700       58.790
   355:       58.890       58.980       59.080       59.170       59.270
   360:       59.360       59.460       59.550       59.650       59.740
   365:       59.840       59.930       60.030       60.120       60.220
   370:       60.320       60.410       60.510       60.600       60.700
   375:       60.790       60.890       60.980       61.080       61.170
   380:       61.270       61.360       61.460       61.550       61.650
   385:       61.740       61.840       61.940       62.030       62.130
   390:       62.220       62.320       62.410       62.510       62.600
   395:       62.700       62.790       62.890       62.980       63.080
   400:       63.170       63.270       63.360       63.460       63.560
   405:       63.650       63.750       63.840       63.940       64.030
   410:       64.130       64.220       64.320       64.410       64.510
   415:       64.600       64.700       64.790       64.890       64.980
   420:       65.080       65.180       65.270       65.370       65.460
   425:       65.560       65.650       65.750       65.840       65.940
   430:       66.030       66.130       66.220       66.320       66.410
   435:       66.510       66.610       66.700       66.800       66.890
   440:       66.990       67.080       67.180       67.270       67.370
   445:       67.460       67.560       67.650       67.750       67.840
   450:       67.940       68.030       68.130       68.230       68.320
   455:       68.420       68.510       68.610       68.700       68.800
   460:       68.890       68.990       69.080       69.180       69.270
   465:       69.370       69.460       69.560       69.650       69.750
   470:       69.850       69.940       70.040       70.130       70.230
   475:       70.320       70.420       70.510       70.610       70.700
   480:       70.800       70.890       70.990       71.080       71.180
   485:       71.270       71.370       71.470       71.560       71.660
   490:       71.750       71.850       71.940       72.040       72.130
   495:       72.230       72.320       72.420       72.510       72.610
   500:       72.700       72.800       72.890       72.990       73.090
   505:       73.180       73.280       73.370       73.470       73.560
   510:       73.660       73.750       73.850       73.940       74.040
   515:       74.130       74.230       74.320       74.420       74.510
   520:       74.610       74.710       74.800       74.900       74.990
   525:       75.090       75.180       75.280       75.370       75.470
   530:       75.560       75.660       75.750       75.850       75.940
   535:       76.040       76.130       76.230       76.330       76.420
   540:       76.520       76.610       76.710       76.800       76.900
   545:       76.990       77.090       77.180       77.280       77.370
   550:       77.470       77.560       77.660       77.750       77.850
   555:       77.950       78.040       78.140       78.230       78.330
   560:       78.420       78.520       78.610       78.710       78.800
   565:       78.900       78.990       79.090       79.180       79.280
   570:       79.370       79.470       79.570       79.660       79.760
   575:       79.850       79.950      116.060      116.150      116.250
   580:      116.340      116.440      116.530      116.630      116.720
   585:      116.820      116.920      117.010      117.110      117.200
   590:      117.300      117.390      117.490      117.580      117.680
   595:      117.770      117.870      117.960      118.060      118.150
   600:      118.250      118.340      118.440      118.540      118.630
   605:      118.730      118.820      118.920      119.010      119.110
   610:      119.200      119.300      119.390      119.490      119.580
   615:      119.680      119.770      119.870      119.960      120.060
   620:      120.160      120.250      120.350      120.440      120.540
   625:      120.630      120.730      120.820      120.920      121.010
   630:      121.110      121.200      121.300      121.390      121.490
   635:      121.580      121.680      121.780      121.870      121.970
   640:      122.060      122.160      122.250      122.350      122.440
   645:      122.540      122.630      122.730      122.820      122.920
   650:      123.010      123.110      123.200      123.300      123.400
   655:      123.490      123.590      123.680      123.780      123.870
   660:      123.970      124.060      124.160      124.250      124.350
   665:      124.440      124.540      124.630      124.730      124.820
   670:      124.920      125.020      125.110      125.210      125.300
   675:      125.400      125.490      125.590      125.680      125.780
   680:      125.870      125.970      126.060      126.160      126.250
   685:      126.350      126.440      126.540      126.640      126.730
   690:      126.830      126.920      127.020      127.110      127.210
   695:      127.300      127.400      127.490      127.590      127.680
   700:      127.780      127.870      127.970      128.060      128.160
   705:      128.260      128.350      128.450      128.540      128.640
   710:      128.730      128.830      128.920      129.020      129.110
   715:      129.210      129.300      129.400      129.490      129.590
   720:      129.680      129.780      129.880      129.970      130.070
   725:      130.160      130.260      130.350      130.450      130.540
   730:      130.640      130.730      130.830      130.920      131.020
   735:      131.110      131.210      131.310      131.400      131.500
   740:      131.590      131.690      131.780      131.880      131.970
   745:      132.070      132.160      132.260      132.350      132.450
   750:      132.540      132.640      132.730      132.830      132.930
   755:      133.020      133.120      133.210      133.310      133.400
   760:      133.500      133.590      133.690      133.780      133.880
   765:      133.970      134.070      134.160      134.260      134.350
   770:      134.450      134.550      134.640      134.740      134.830
   775:      134.930      135.020      135.120      135.210      135.310
   780:      135.400      135.500      135.590      135.690      135.780
   785:      135.880      135.970      136.070      136.170      136.260
   790:      136.360      136.450      136.550      136.640      136.740
   795:      136.830      136.930      137.020      137.120      137.210
   800:      137.310      137.400      137.500      137.590      137.690
   805:      137.790      137.880      137.980      138.070      138.170
   810:      138.260      138.360      138.450      138.550      138.640
   815:      138.740      138.830      138.930      139.020      139.120
   820:      139.210      139.310      139.410      139.500      139.600
   825:      139.690      139.790      139.880      139.980      140.070
   830:      140.170      140.260      140.360      140.450      140.550
   835:      140.640      140.740      140.830      140.930      141.030
   840:      141.120      141.220      141.310      141.410      141.500
   845:      141.600      141.690      141.790      141.880      141.980
   850:      142.070      142.170      142.260      142.360      142.450
   855:      142.550      142.650      142.740      142.840      142.930
   860:      143.030      143.120      143.220      143.310      143.410
   865:      143.500      143.600      143.690      143.790      143.880
   870:      143.980      144.070      144.170      144.270      144.360
   875:      144.460      144.550      144.650      144.740      144.840
   880:      144.930      145.030      145.120      145.220      145.310
   885:      145.410      145.500      145.600      145.690      145.790
   890:      145.890      145.980      146.080      146.170      146.270
   895:      146.360      146.460      146.550      146.650      146.740
   900:      146.840      146.930      147.030      147.120      147.220
   905:      147.310      147.410      147.510      147.600      147.700
   910:      147.790      147.890      147.980      148.080      148.170
   915:      148.270      148.360      148.460      148.550      148.650
   920:      148.740      148.840      148.930      149.030      149.130
   925:      149.220      149.320      149.410      149.510      149.600
   930:      149.700      149.790      149.890      149.980      150.080
   935:      150.170      150.270      150.360      150.460      150.550
   940:      150.650      150.750      150.840      150.940      151.030
   945:      151.130      151.220      151.320      151.410      151.510
   950:      151.600      151.700      151.790      151.890      151.980
   955:      152.080      152.180      152.270      152.370      152.460
   960:      152.560      152.650      152.750      152.840      152.940
   965:      153.030      153.130      153.220      153.320      153.410
   970:      153.510      153.600      153.700      153.800      153.890
   975:      153.990      154.080      154.180      154.270      154.370
   980:      154.460      154.560      154.650      154.750      154.840
   985:      154.940      155.030      155.130      155.220      155.320
   990:      155.420      155.510      155.610      155.700      155.800
   995:      155.890      155.990      156.080      156.180      156.270
  1000:      156.370      156.460      156.560      156.650      156.750
  1005:      156.840      156.940      157.040      157.130      157.230
  1010:      157.320      157.420      157.510      157.610      157.700
  1015:      157.800      157.890      157.990      158.080      158.180
  1020:      158.270      158.370      158.460      158.560      158.660
  1025:      158.750      158.850      158.940      159.040      159.130
  1030:      159.230      159.320      159.420      159.510      159.610
  1035:      159.700      159.800      159.890      159.990      160.080
  1040:      160.180      160.280      160.370      160.470      160.560
  1045:      160.660      160.750      160.850      160.940      161.040
  1050:      161.130      161.230      161.320      161.420      161.510
  1055:      161.610      161.700      161.800      161.900      161.990
  1060:      162.090      162.180      162.280      162.370      162.470
  1065:      162.560      162.660      162.750      162.850      162.940
  1070:      163.040      163.130      163.230      163.320      163.420
  1075:      163.520      163.610      163.710      163.800      163.900
  1080:      163.990      164.090      164.180      164.280      164.370
  1085:      164.470      164.560      164.660      164.750      164.850
  1090:      164.940      165.040      165.140      165.230      165.330
  1095:      165.420      165.520      165.610      165.710      165.800
  1100:      165.900      165.990      166.090      166.180      166.280
  1105:      166.370      166.470      166.560      166.660      166.760
  1110:      166.850      166.950      167.040      167.140      167.230
  1115:      167.330      167.420      167.520      167.610      167.710
  1120:      167.800      167.900      167.990      168.090      168.180
  1125:      168.280      168.380      168.470      168.570      168.660
  1130:      168.760      168.850      168.950      169.040      169.140
  1135:      169.230      169.330      169.420      169.520      169.610
  1140:      169.710      169.800      169.900      170.000      170.090
  1145:      170.190      170.280      170.380      170.470      170.570
  1150:      170.660      170.760      170.850      170.950      203.080
  1155:      203.180      203.280      203.370      203.470      203.560
  1160:      203.660      203.750      203.850      203.940      204.040
  1165:      204.130      204.230      204.320      204.420      204.510
  1170:      204.610      204.700      204.800      204.900      204.990
  1175:      205.090      205.180      205.280      205.370      205.470
  1180:      205.560      205.660      205.750      205.850      205.940
  1185:      206.040      206.130      206.230      206.320      206.420
  1190:      206.520      206.610      206.710      206.800      206.900
  1195:      206.990      207.090      207.180      207.280      207.370
  1200:      207.470      207.560      207.660      207.750      207.850
  1205:      207.950      208.040      208.140      208.230      208.330
  1210:      208.420      208.520      208.610      208.710      208.800
  1215:      208.900      208.990      209.090      209.180      209.280
  1220:      209.370      209.470      209.570      209.660      209.760
  1225:      209.850      209.950      210.040      210.140      210.230
  1230:      210.330      210.420      210.520      210.610      210.710
  1235:      210.800      210.900      210.990      211.090      211.190
  1240:      211.280      211.380      211.470      211.570      211.660
  1245:      211.760      211.850      211.950      212.040      212.140
  1250:      212.230      212.330      212.420      212.520      212.610
  1255:      212.710      212.810      212.900      213.000      213.090
  1260:      213.190      213.280      213.380      213.470      213.570
  1265:      213.660      213.760      213.850      213.950      214.040
  1270:      214.140      214.230      214.330      214.430      214.520
  1275:      214.620      214.710      214.810      214.900      215.000
  1280:      215.090      215.190      215.280      215.380      215.470
  1285:      215.570      215.660      215.760      215.850      215.950
  1290:      216.050      216.140      216.240      216.330      216.430
  1295:      216.520      216.620      216.710      216.810      216.900
  1300:      217.000      217.090      217.190      217.280      217.380
  1305:      217.470      217.570      217.670      217.760      217.860
  1310:      217.950      218.050      218.140      218.240      218.330
  1315:      218.430      218.520      218.620      218.710      218.810
  1320:      218.900      219.000      219.090      219.190      219.290
  1325:      219.380      219.480      219.570      219.670      219.760
  1330:      219.860      219.950      220.050      220.140      220.240
  1335:      220.330      220.430      220.520      220.620      220.710
  1340:      220.810      220.910      221.000      221.100      221.190
  1345:      221.290      221.380      221.480      221.570      221.670
  1350:      221.760      221.860      221.950      222.050      222.140
  1355:      222.240      222.330      222.430      222.530      222.620
  1360:      222.720      222.810      222.910      223.000      223.100
  1365:      223.190      223.290      223.380      223.480      223.570
  1370:      223.670      223.760      223.860      223.950      224.050
  1375:      224.150      224.240      224.340      224.430      224.530
  1380:      224.620      224.720      224.810      224.910      225.000
  1385:      225.100      225.190      225.290      225.380      225.480
  1390:      225.570      225.670      225.770      225.860      225.960
  1395:      226.050      226.150      226.240      226.340      226.430
  1400:      226.530      226.620      226.720      226.810      226.910
  1405:      227.000      227.100      227.190      227.290      227.390
  1410:      227.480      227.580      227.670      227.770      227.860
  1415:      227.960      228.050      228.150      228.240      228.340
  1420:      228.430      228.530      228.620      228.720      228.820
  1425:      228.910      229.010      229.100      229.200      229.290
  1430:      229.390      229.480      229.580      229.670      229.770
  1435:      229.860      229.960      230.050      230.150      230.240
  1440:      230.340      230.440      230.530      230.630      230.720
  1445:      230.820      230.910      231.010      231.100      231.200
  1450:      231.290      231.390      231.480      231.580      231.670
  1455:      231.770      231.860      231.960      232.060      232.150
  1460:      232.250      232.340      232.440      232.530      232.630
  1465:      232.720      232.820      232.910      233.010      233.100
  1470:      233.200      233.290      233.390      233.480      233.580
  1475:      233.680      233.770      233.870      233.960      234.060
  1480:      234.150      234.250      234.340      234.440      234.530
  1485:      234.630      234.720      234.820      234.910      235.010
  1490:      235.100      235.200      235.300      235.390      235.490
  1495:      235.580      235.680      235.770      235.870      235.960
  1500:      236.060      236.150      236.250      236.340      236.440
  1505:      236.530      236.630      236.720      236.820      236.920
  1510:      237.010      237.110      237.200      237.300      237.390
  1515:      237.490      237.580      237.680      237.770      237.870
  1520:      237.960      238.060      238.150      238.250      238.340
  1525:      238.440      238.540      238.630      238.730      238.820
  1530:      238.920      239.010      239.110      239.200      239.300
  1535:      239.390      239.490      239.580      239.680      239.770
  1540:      239.870      239.960      240.060      240.160      240.250
  1545:      240.350      240.440      240.540      240.630      240.730
  1550:      240.820      240.920      241.010      241.110      241.200
  1555:      241.300      241.390      241.490      241.580      241.680
  1560:      241.780      241.870      241.970      242.060      242.160
  1565:      242.250      242.350      242.440      242.540      242.630
  1570:      242.730      242.820      242.920      243.010      243.110
  1575:      243.200      243.300      243.400      243.490      243.590
  1580:      243.680      243.780      243.870      243.970      244.060
  1585:      244.160      244.250      244.350      244.440      244.540
  1590:      244.630      244.730      244.820      244.920      245.020
  1595:      245.110      245.210      245.300      245.400      245.490
  1600:      245.590      245.680      245.780      245.870      245.970
  1605:      246.060      246.160      246.250      246.350      246.440
  1610:      246.540      246.640      246.730      246.830      246.920
  1615:      247.020      247.110      247.210      247.300      247.400
  1620:      247.490      247.590      247.680      247.780      247.870
  1625:      247.970      248.060      248.160      248.260      248.350
  1630:      248.450      248.540      248.640      248.730      248.830
  1635:      248.920      249.020      249.110      249.210      249.300
  1640:      249.400      249.490      249.590      249.690      249.780
  1645:      249.880      249.970      250.070      250.160      250.260
  1650:      250.350      250.450      250.540      250.640      250.730
  1655:      250.830      250.920      251.020      251.110      251.210
  1660:      251.310      251.400      251.500      251.590      251.690
  1665:      251.780      251.880      251.970      252.070      252.160
  1670:      252.260      252.350      252.450      252.540      252.640
  1675:      252.730      252.830      252.930      253.020      253.120
  1680:      253.210      253.310      253.400      253.500      253.590
  1685:      253.690      253.780      253.880      253.970      254.070
  1690:      254.160      254.260      254.350      254.450      254.550
  1695:      254.640      254.740      254.830      254.930      255.020
  1700:      255.120      255.210      255.310      255.400      255.500
  1705:      255.590      255.690      255.780      255.880      255.970
  1710:      256.070      256.170      256.260      256.360      256.450
  1715:      256.550      256.640      256.740      256.830      256.930
  1720:      257.020      257.120      257.210      257.310      257.400
  1725:      257.500      257.590      257.690      257.790      257.880
  1730:      257.980      297.080      297.180      297.270      297.370
  1735:      297.460      297.560      297.650      297.750      297.840
  1740:      297.940      298.030      298.130      298.220      298.320
  1745:      298.420      298.510      298.610      298.700      298.800
  1750:      298.890      298.990      299.080      299.180      299.270
  1755:      299.370      299.460      299.560      299.650      299.750
  1760:      299.840      299.940      300.040      300.130      300.230
  1765:      300.320      300.420      300.510      300.610      300.700
  1770:      300.800      300.890      300.990      301.080      301.180
  1775:      301.270      301.370      301.470      301.560      301.660
  1780:      301.750      301.850      301.940      302.040      302.130
  1785:      302.230      302.320      302.420      302.510      302.610
  1790:      302.700      302.800      302.890      302.990      303.090
  1795:      303.180      303.280      303.370      303.470      303.560
  1800:      303.660      303.750      303.850      303.940      304.040
  1805:      304.130      304.230      304.320      304.420      304.510
  1810:      304.610      304.710      304.800      304.900      304.990
  1815:      305.090      305.180      305.280      305.370      305.470
  1820:      305.560      305.660      305.750      305.850      305.940
  1825:      306.040      306.130      306.230      306.330      306.420
  1830:      306.520      306.610      306.710      306.800      306.900
  1835:      306.990      307.090      307.180      307.280      307.370
  1840:      307.470      307.560      307.660      307.750      307.850
  1845:      307.950      308.040      308.140      308.230      308.330
  1850:      308.420      308.520      308.610      308.710      308.800
  1855:      308.900      308.990      309.090      309.180      309.280
  1860:      309.370      309.470      309.570      309.660      309.760
  1865:      309.850      309.950      310.040      310.140      310.230
  1870:      310.330      310.420      310.520      310.610      310.710
  1875:      310.800      310.900      310.990      311.090      311.190
  1880:      311.280      311.380      311.470      311.570      311.660
  1885:      311.760      311.850      311.950      312.040      312.140
  1890:      312.230      312.330      312.420      312.520      312.610
  1895:      312.710      312.810      312.900      313.000      313.090
  1900:      313.190      313.280      313.380      313.470      313.570
  1905:      313.660      313.760      313.850      313.950      314.040
  1910:      314.140      314.230      314.330      314.430      314.520
  1915:      314.620      314.710      314.810      314.900      315.000
  1920:      315.090      315.190      315.280      315.380      315.470
  1925:      315.570      315.660      315.760      315.850      315.950
  1930:      316.050      316.140      316.240      316.330      316.430
  1935:      316.520      316.620      316.710      316.810      316.900
  1940:      317.000      317.090      317.190      317.280      317.380
  1945:      317.470      317.570      317.670      317.760      317.860
  1950:      317.950      318.050      318.140      318.240      318.330
  1955:      318.430      318.520      318.620      318.710      318.810
  1960:      318.900      319.000      319.090      319.190      319.290
  1965:      319.380      319.480      319.570      319.670      319.760
  1970:      319.860      319.950      320.050      320.140      320.240
  1975:      320.330      320.430      320.520      320.620      320.710
  1980:      320.810      320.910      321.000      321.100      321.190
  1985:      321.290      321.380      321.480      321.570      321.670
  1990:      321.760      321.860      321.950      322.050      322.140
  1995:      322.240      322.340      322.430      322.530      322.620
  2000:      322.720      322.810      322.910      323.000      323.100
  2005:      323.190      323.290      323.380      323.480      323.570
  2010:      323.670      323.760      323.860      323.960      324.050
  2015:      324.150      324.240      324.340      324.430      324.530
  2020:      324.620      324.720      324.810      324.910      325.000
  2025:      325.100      325.190      325.290      325.380      325.480
  2030:      325.580      325.670      325.770      325.860      325.960
  2035:      326.050      326.150      326.240      326.340      326.430
  2040:      326.530      326.620      326.720      326.810      326.910
  2045:      327.000      327.100      327.200      327.290      327.390
  2050:      327.480      327.580      327.670      327.770      327.860
  2055:      327.960      328.050      328.150      328.240      328.340
  2060:      328.430      328.530      328.620      328.720      328.820
  2065:      328.910      329.010      329.100      329.200      329.290
  2070:      329.390      329.480      329.580      329.670      329.770
  2075:      329.860      329.960      330.050      330.150      330.240
  2080:      330.340      330.440      330.530      330.630      330.720
  2085:      330.820      330.910      331.010      331.100      331.200
  2090:      331.290      331.390      331.480      331.580      331.670
  2095:      331.770      331.860      331.960      332.060      332.150
  2100:      332.250      332.340      332.440      332.530      332.630
  2105:      332.720      332.820      332.910      333.010      333.100
  2110:      333.200      333.290      333.390      333.480      333.580
  2115:      333.680      333.770      333.870      333.960      334.060
  2120:      334.150      334.250      334.340      334.440      334.530
  2125:      334.630      334.720      334.820      334.910      335.010
  2130:      335.100      335.200      335.300      335.390      335.490
  2135:      335.580      335.680      335.770      335.870      335.960
  2140:      336.060      336.150      336.250      336.340      336.440
  2145:      336.530      336.630      336.720      336.820      336.920
  2150:      337.010      337.110      337.200      337.300      337.390
  2155:      337.490      337.580      337.680      337.770      337.870
  2160:      337.960      338.060      338.150      338.250      338.340
  2165:      338.440      338.540      338.630      338.730      338.820
  2170:      338.920      339.010      339.110      339.200      339.300
  2175:      339.390      339.490      339.580      339.680      339.770
  2180:      339.870      339.960      340.060      340.160      340.250
  2185:      340.350      340.440      340.540      340.630      340.730
  2190:      340.820      340.920      341.010      341.110      341.200
  2195:      341.300      341.390      341.490      341.580      341.680
  2200:      341.780      341.870      341.970      342.060      342.160
  2205:      342.250      342.350      342.440      342.540      342.630
  2210:      342.730      342.820      342.920      343.010      343.110
  2215:      343.210      343.300      343.400      343.490      343.590
  2220:      343.680      343.780      343.870      343.970      344.060
  2225:      344.160      344.250      344.350      344.440      344.540
  2230:      344.630      344.730      344.830      344.920      345.020
  2235:      345.110      345.210      345.300      345.400      345.490
  2240:      345.590      345.680      345.780      345.870      345.970
  2245:      346.060      346.160      346.250      346.350      346.450
  2250:      346.540      346.640      346.730      346.830      346.920
  2255:      347.020      347.110      347.210      347.300      347.400
  2260:      347.490      347.590      347.680      347.780      347.870
  2265:      347.970      348.070      348.160      348.260      348.350
  2270:      348.450      348.540      348.640      348.730      348.830
  2275:      348.920      349.020      349.110      349.210      349.300
  2280:      349.400      349.490      349.590      349.690      349.780
  2285:      349.880      349.970      350.070      350.160      350.260
  2290:      350.350      350.450      350.540      350.640      350.730
  2295:      350.830      350.920      351.020      351.110      351.210
  2300:      351.310      351.400      351.500      351.590      351.690
  2305:      351.780      351.880      351.970      387.060      387.150
  2310:      387.250      387.340      387.440      387.540      387.630
  2315:      387.730      387.820      387.920      388.010      388.110
  2320:      388.200      388.300      388.390      388.490      388.580
  2325:      388.680      388.770      388.870      388.960      389.060
  2330:      389.160      389.250      389.350      389.440      389.540
  2335:      389.630      389.730      389.820      389.920      390.010
  2340:      390.110      390.200      390.300      390.390      390.490
  2345:      390.580      390.680      390.780      390.870      390.970
  2350:      391.060      391.160      391.250      391.350      391.440
  2355:      391.540      391.630      391.730      391.820      391.920
  2360:      392.010      392.110      392.210      392.300      392.400
  2365:      392.490      392.590      392.680      392.780      392.870
  2370:      392.970      393.060      393.160      393.250      393.350
  2375:      393.440      393.540      393.630      393.730      393.830
  2380:      393.920      394.020      394.110      394.210      394.300
  2385:      394.400      394.490      394.590      394.680      394.780
  2390:      394.870      394.970      395.060      395.160      395.250
  2395:      395.350      395.450      395.540      395.640      395.730
  2400:      395.830      395.920      396.020      396.110      396.210
  2405:      396.300      396.400      396.490      396.590      396.680
  2410:      396.780      396.870      396.970      397.070      397.160
  2415:      397.260      397.350      397.450      397.540      397.640
  2420:      397.730      397.830      397.920      398.020      398.110
  2425:      398.210      398.300      398.400      398.490      398.590
  2430:      398.690      398.780      398.880      398.970      399.070
  2435:      399.160      399.260      399.350      399.450      399.540
  2440:      399.640      399.730      399.830      399.920      400.020
  2445:      400.110      400.210      400.310      400.400      400.500
  2450:      400.590      400.690      400.780      400.880      400.970
  2455:      401.070      401.160      401.260      401.350      401.450
  2460:      401.540      401.640      401.730      401.830      401.930
  2465:      402.020      402.120      402.210      402.310      402.400
  2470:      402.500      402.590      402.690      402.780      402.880
  2475:      402.970      403.070      403.160      403.260      403.350
  2480:      403.450      403.550      403.640      403.740      403.830
  2485:      403.930      404.020      404.120      404.210      404.310
  2490:      404.400      404.500      404.590      404.690      404.780
  2495:      404.880      404.970      405.070      405.170      405.260
  2500:      405.360      405.450      405.550      405.640      405.740
  2505:      405.830      405.930      406.020      406.120      406.210
  2510:      406.310      406.400      406.500      406.590      406.690
  2515:      406.790      406.880      406.980      407.070      407.170
  2520:      407.260      407.360      407.450      407.550      407.640
  2525:      407.740      407.830      407.930      408.020      408.120
  2530:      408.210      408.310      408.410      408.500      408.600
  2535:      408.690      408.790      408.880      408.980      409.070
  2540:      409.170      409.260      409.360      409.450      409.550
  2545:      409.640      409.740      409.830      409.930      410.030
  2550:      410.120      410.220      410.310      410.410      410.500
  2555:      410.600      410.690      410.790      410.880      410.980
  2560:      411.070      411.170      411.260      411.360      411.450
  2565:      411.550      411.650      411.740      411.840      411.930
  2570:      412.030      412.120      412.220      412.310      412.410
  2575:      412.500      412.600      412.690      412.790      412.880
  2580:      412.980      413.080      413.170      413.270      413.360
  2585:      413.460      413.550      413.650      413.740      413.840
  2590:      413.930      414.030      414.120      414.220      414.310
  2595:      414.410      414.500      414.600      414.700      414.790
  2600:      414.890      414.980      415.080      415.170      415.270
  2605:      415.360      415.460      415.550      415.650      415.740
  2610:      415.840      415.930      416.030      416.120      416.220
  2615:      416.320      416.410      416.510      416.600      416.700
  2620:      416.790      416.890      416.980      417.080      417.170
  2625:      417.270      417.360      417.460      417.550      417.650
  2630:      417.740      417.840      417.940      418.030      418.130
  2635:      418.220      418.320      418.410      418.510      418.600
  2640:      418.700      418.790      418.890      418.980      419.080
  2645:      419.170      419.270      419.360      419.460      419.560
  2650:      419.650      419.750      419.840      419.940      420.030
  2655:      420.130      420.220      420.320      420.410      420.510
  2660:      420.600      420.700      420.790      420.890      420.980
  2665:      421.080      421.180      421.270      421.370      421.460
  2670:      421.560      421.650      421.750      421.840      421.940
  2675:      422.030      422.130      422.220      422.320      422.410
  2680:      422.510      422.600      422.700      422.800      422.890
  2685:      422.990      423.080      423.180      423.270      423.370
  2690:      423.460      423.560      423.650      423.750      423.840
  2695:      423.940      424.030      424.130      424.220      424.320
  2700:      424.420      424.510      424.610      424.700      424.800
  2705:      424.890      424.990      425.080      425.180      425.270
  2710:      425.370      425.460      425.560      425.650      425.750
  2715:      425.840      425.940      426.040      426.130      426.230
  2720:      426.320      426.420      426.510      426.610      426.700
  2725:      426.800      426.890      426.990      427.080      427.180
  2730:      427.270      427.370      427.460      427.560      427.660
  2735:      427.750      427.850      427.940      428.040      428.130
  2740:      428.230      428.320      428.420      428.510      428.610
  2745:      428.700      428.800      428.890      428.990      429.080
  2750:      429.180      429.280      429.370      429.470      429.560
  2755:      429.660      429.750      429.850      429.940      430.040
  2760:      430.130      430.230      430.320      430.420      430.510
  2765:      430.610      430.700      430.800      430.900      430.990
  2770:      431.090      431.180      431.280      431.370      431.470
  2775:      431.560      431.660      431.750      431.850      431.940
  2780:      432.040      432.130      432.230      432.320      432.420
  2785:      432.520      432.610      432.710      432.800      432.900
  2790:      432.990      433.090      433.180      433.280      433.370
  2795:      433.470      433.560      433.660      433.750      433.850
  2800:      433.950      434.040      434.140      434.230      434.330
  2805:      434.420      434.520      434.610      434.710      434.800
  2810:      434.900      434.990      435.090      435.180      435.280
  2815:      435.370      435.470      435.570      435.660      435.760
  2820:      435.850      435.950      436.040      436.140      436.230
  2825:      436.330      436.420      436.520      436.610      436.710
  2830:      436.800      436.900      436.990      437.090      437.190
  2835:      437.280      437.380      437.470      437.570      437.660
  2840:      437.760      437.850      437.950      438.040      438.140
  2845:      438.230      438.330      438.420      438.520      438.610
  2850:      438.710      438.810      438.900      439.000      439.090
  2855:      439.190      439.280      439.380      439.470      439.570
  2860:      439.660      439.760      439.850      439.950      440.040
  2865:      440.140      440.230      440.330      440.430      440.520
  2870:      440.620      440.710      440.810      440.900      441.000
  2875:      441.090      441.190      441.280      441.380      441.470
  2880:      441.570      441.660      441.760      441.850      441.950
Z:
     0:        0.000        4.000        5.000        0.000        0.000
     5:        0.000        0.000       10.000     2885.000     1115.000
    10:        0.000       37.000       51.000        0.000        5.000
    15:        0.000
