File: C:\MED-PC IV\Data\Tarun\RM-B12_RM036\postBaseplate\R20\S01_R20_FR1_20s_100trials


Start Date: 06/17/17
End Date: 06/17/17
Subject: 20
Experiment: 0
Group: 0
Box: 2
Start Time:  9:29:20
End Time: 11:59:55
MSN: MiniScope_FR1-3p_100trials_05222017
A:       0.000
E:       0.000
J:     101.000
N:       0.000
O:       0.000
Q:       0.000
S:       0.000
T:    9016.000
U:       0.000
B:
     0:        0.000       10.000       10.000       15.000       20.000
     5:       20.000       20.000       10.000       16.000      100.000
    10:        1.000        3.000       15.000        0.010        1.000
    15:        0.000        0.000        5.000       20.000        5.000
C:
     0:      100.000       97.000      222.000        1.000        1.038
     5:        0.000      291.000       97.000        4.000        1.038
    10:        0.000     1292.000      125.000        0.000       15.020
    15:        1.000        1.000        3.000        1.000        1.120
    20:        1.000        3.000        1.000        0.000        1.120
    25:        1.000       18.000        2.000        0.000       17.000
    30:        2.000        1.000        2.000        0.000        1.110
    35:        2.000        3.000        1.000        0.000        1.110
    40:        2.000       44.000        0.000        0.000       14.000
    45:        3.000        1.000        6.000        0.000        0.490
    50:        3.000        3.000        1.000        0.000        0.490
    55:        3.000       26.000        2.000        0.000       19.000
    60:        4.000        1.000        3.000        0.000        1.030
    65:        4.000        3.000        1.000        0.000        1.030
    70:        4.000       19.000        1.000        0.000       12.000
    75:        5.000        1.000        1.000        0.000        1.000
    80:        5.000        3.000        1.000        3.000        1.000
    85:        5.000       17.000       14.000        0.000       10.000
    90:        6.000        1.000        1.000        0.000        0.980
    95:        6.000        3.000        1.000        0.000        0.980
   100:        6.000       27.000        0.000        0.000       19.000
   105:        7.000        1.000        1.000        0.000        0.980
   110:        7.000        3.000        1.000        0.000        0.980
   115:        7.000       20.000       23.000        0.000       16.000
   120:        8.000        1.000        2.000        0.000        0.820
   125:        8.000        3.000        1.000        0.000        0.820
   130:        8.000       18.000        0.000        0.000       12.000
   135:        9.000        1.000        4.000        0.000        0.580
   140:        9.000        3.000        1.000        0.000        0.580
   145:        9.000       24.000        1.000        0.000       15.000
   150:       10.000        1.000        2.000        0.000        0.450
   155:       10.000        3.000        1.000        0.000        0.450
   160:       10.000       38.000       10.000        0.000       15.000
   165:       11.000        1.000        2.000        0.000        0.650
   170:       11.000        3.000        1.000        0.000        0.650
   175:       11.000       30.000        0.000        0.000       13.000
   180:       12.000        1.000        2.000        0.000        0.910
   185:       12.000        3.000        1.000        0.000        0.910
   190:       12.000       17.000        0.000        0.000       16.000
   195:       13.000        1.000        2.000        0.000        0.370
   200:       13.000        3.000        1.000        0.000        0.370
   205:       13.000       23.000        0.000        0.000       16.000
   210:       14.000        1.000        2.000        0.000        1.880
   215:       14.000        3.000        1.000        0.000        1.880
   220:       14.000       35.000        0.000        0.000       14.000
   225:       15.000        1.000        1.000        0.000        1.250
   230:       15.000        3.000        1.000        0.000        1.250
   235:       15.000       31.000        0.000        0.000       16.000
   240:       16.000        1.000        2.000        0.000        0.690
   245:       16.000        3.000        1.000        0.000        0.690
   250:       16.000       25.000        9.000        0.000       14.000
   255:       17.000        1.000        2.000        0.000        0.710
   260:       17.000        3.000        1.000        0.000        0.710
   265:       17.000       31.000       25.000        0.000       16.000
   270:       18.000        1.000        3.000        0.000        0.860
   275:       18.000        3.000        1.000        0.000        0.860
   280:       18.000       24.000        2.000        0.000       13.000
   285:       19.000        0.000        0.000        0.000       20.000
   290:       19.000        0.000        0.000        0.000       20.000
   295:       19.000       38.000        4.000        0.000       16.000
   300:       20.000        1.000        1.000        0.000        0.820
   305:       20.000        3.000        1.000        0.000        0.820
   310:       20.000       14.000        0.000        0.000       14.000
   315:       21.000        1.000        4.000        0.000        0.360
   320:       21.000        3.000        1.000        0.000        0.360
   325:       21.000       19.000        1.000        0.000       16.000
   330:       22.000        1.000        2.000        0.000        0.850
   335:       22.000        3.000        1.000        0.000        0.850
   340:       22.000       19.000        0.000        0.000       14.000
   345:       23.000        1.000        2.000        0.000        0.800
   350:       23.000        3.000        1.000        0.000        0.800
   355:       23.000       25.000        0.000        0.000       12.000
   360:       24.000        1.000        1.000        0.000        0.570
   365:       24.000        3.000        1.000        0.000        0.570
   370:       24.000       21.000        1.000        0.000       16.000
   375:       25.000        1.000        1.000        0.000        0.400
   380:       25.000        3.000        1.000        0.000        0.400
   385:       25.000       11.000        3.000        0.000       14.000
   390:       26.000        1.000        1.000        0.000        0.710
   395:       26.000        3.000        1.000        0.000        0.710
   400:       26.000       21.000        0.000        0.000       14.000
   405:       27.000        1.000        1.000        0.000        0.430
   410:       27.000        3.000        1.000        0.000        0.430
   415:       27.000       22.000        6.000        0.000       14.000
   420:       28.000        1.000        1.000        0.000        1.060
   425:       28.000        3.000        1.000        0.000        1.060
   430:       28.000       20.000        4.000        0.000       18.000
   435:       29.000        1.000        2.000        0.000        0.230
   440:       29.000        3.000        1.000        0.000        0.230
   445:       29.000       13.000        0.000        0.000       16.000
   450:       30.000        1.000        2.000        0.000        1.230
   455:       30.000        3.000        1.000        0.000        1.230
   460:       30.000       12.000        0.000        0.000       16.000
   465:       31.000        1.000        1.000        0.000        0.230
   470:       31.000        3.000        1.000        0.000        0.230
   475:       31.000       10.000        0.000        0.000       12.000
   480:       32.000        1.000        4.000        0.000        0.270
   485:       32.000        3.000        1.000        0.000        0.270
   490:       32.000       15.000        0.000        0.000       15.000
   495:       33.000        1.000        2.000        0.000        0.300
   500:       33.000        3.000        1.000        0.000        0.300
   505:       33.000        3.000        0.000        0.000       13.000
   510:       34.000        1.000        2.000        0.000        0.270
   515:       34.000        3.000        1.000        0.000        0.270
   520:       34.000        8.000        0.000        0.000       15.000
   525:       35.000        1.000        2.000        0.000        0.240
   530:       35.000        3.000        1.000        0.000        0.240
   535:       35.000       17.000        0.000        0.000       15.000
   540:       36.000        1.000        3.000        0.000        0.860
   545:       36.000        3.000        1.000        0.000        0.860
   550:       36.000       20.000        0.000        0.000       15.000
   555:       37.000        1.000        3.000        0.000        0.290
   560:       37.000        3.000        1.000        0.000        0.290
   565:       37.000        4.000        0.000        0.000       10.000
   570:       38.000        1.000        2.000        0.000        0.880
   575:       38.000        3.000        1.000        0.000        0.880
   580:       38.000       15.000        0.000        0.000       15.000
   585:       39.000        1.000        2.000        0.000        0.210
   590:       39.000        3.000        1.000        0.000        0.210
   595:       39.000       13.000        0.000        0.000       14.000
   600:       40.000        1.000        3.000        0.000        0.490
   605:       40.000        3.000        1.000        0.000        0.490
   610:       40.000       15.000        0.000        0.000       15.000
   615:       41.000        1.000        2.000        0.000        1.310
   620:       41.000        3.000        1.000        0.000        1.310
   625:       41.000       10.000        0.000        0.000       16.000
   630:       42.000        1.000        3.000        0.000        0.510
   635:       42.000        3.000        1.000        0.000        0.510
   640:       42.000       25.000        4.000        0.000       15.000
   645:       43.000        1.000        4.000        0.000        0.560
   650:       43.000        3.000        1.000        0.000        0.560
   655:       43.000        2.000        0.000        0.000       19.000
   660:       44.000        1.000        2.000        0.000        0.250
   665:       44.000        3.000        1.000        0.000        0.250
   670:       44.000        4.000        3.000        0.000       18.000
   675:       45.000        1.000        4.000        0.000        0.660
   680:       45.000        3.000        1.000        0.000        0.660
   685:       45.000        7.000        0.000        0.000       17.000
   690:       46.000        1.000        1.000        0.000        1.690
   695:       46.000        3.000        1.000        0.000        1.690
   700:       46.000        4.000        0.000        0.000       13.000
   705:       47.000        1.000        2.000        0.000        0.310
   710:       47.000        3.000        1.000        0.000        0.310
   715:       47.000        3.000        0.000        0.000       16.000
   720:       48.000        1.000        3.000        0.000        0.410
   725:       48.000        3.000        1.000        0.000        0.410
   730:       48.000        2.000        0.000        0.000       17.000
   735:       49.000        1.000        2.000        0.000        0.300
   740:       49.000        3.000        1.000        0.000        0.300
   745:       49.000        6.000        1.000        0.000       17.000
   750:       50.000        1.000        4.000        0.000        0.250
   755:       50.000        3.000        1.000        0.000        0.250
   760:       50.000        6.000        0.000        0.000       11.000
   765:       51.000        1.000        5.000        0.000        1.830
   770:       51.000        3.000        1.000        0.000        1.830
   775:       51.000        5.000        0.000        0.000       17.000
   780:       52.000        1.000        2.000        0.000        0.350
   785:       52.000        3.000        1.000        0.000        0.350
   790:       52.000        3.000        0.000        0.000       13.000
   795:       53.000        1.000        2.000        0.000        1.710
   800:       53.000        3.000        1.000        0.000        1.710
   805:       53.000        7.000        0.000        0.000       19.000
   810:       54.000        1.000        2.000        0.000        1.920
   815:       54.000        3.000        1.000        0.000        1.920
   820:       54.000        4.000        0.000        0.000       16.000
   825:       55.000        1.000        2.000        0.000        0.630
   830:       55.000        3.000        1.000        0.000        0.630
   835:       55.000        9.000        0.000        0.000       14.000
   840:       56.000        1.000        1.000        0.000        0.300
   845:       56.000        3.000        1.000        0.000        0.300
   850:       56.000        5.000        1.000        0.000       17.000
   855:       57.000        1.000        1.000        0.000        1.090
   860:       57.000        3.000        1.000        0.000        1.090
   865:       57.000       12.000        0.000        0.000       17.000
   870:       58.000        1.000        3.000        0.000        0.270
   875:       58.000        3.000        1.000        0.000        0.270
   880:       58.000        2.000        0.000        0.000       16.000
   885:       59.000        1.000        3.000        0.000        0.190
   890:       59.000        3.000        1.000        0.000        0.190
   895:       59.000       14.000        0.000        0.000       14.000
   900:       60.000        1.000        1.000        0.000        1.570
   905:       60.000        3.000        1.000        0.000        1.570
   910:       60.000       10.000        0.000        0.000       13.000
   915:       61.000        1.000        4.000        0.000        0.290
   920:       61.000        3.000        1.000        0.000        0.290
   925:       61.000        6.000        0.000        0.000       16.000
   930:       62.000        1.000        2.000        0.000        0.240
   935:       62.000        3.000        1.000        0.000        0.240
   940:       62.000       14.000        0.000        0.000       16.000
   945:       63.000        1.000        3.000        0.000        0.280
   950:       63.000        3.000        1.000        0.000        0.280
   955:       63.000       11.000        0.000        0.000       14.000
   960:       64.000        1.000        3.000        0.000        1.020
   965:       64.000        3.000        1.000        0.000        1.020
   970:       64.000       13.000        0.000        0.000       15.000
   975:       65.000        1.000        4.000        0.000        0.260
   980:       65.000        3.000        1.000        0.000        0.260
   985:       65.000       13.000        1.000        0.000       18.000
   990:       66.000        1.000        2.000        0.000        0.810
   995:       66.000        3.000        1.000        0.000        0.810
  1000:       66.000        9.000        1.000        0.000       16.000
  1005:       67.000        1.000        1.000        0.000        0.390
  1010:       67.000        3.000        1.000        0.000        0.390
  1015:       67.000        6.000        0.000        0.000       15.000
  1020:       68.000        1.000        1.000        0.000        1.450
  1025:       68.000        3.000        1.000        0.000        1.450
  1030:       68.000        4.000        0.000        0.000       14.000
  1035:       69.000        1.000        2.000        0.000        0.640
  1040:       69.000        3.000        1.000        0.000        0.640
  1045:       69.000       10.000        0.000        0.000       15.000
  1050:       70.000        1.000        4.000        0.000        0.460
  1055:       70.000        3.000        1.000        0.000        0.460
  1060:       70.000        4.000        0.000        0.000       12.000
  1065:       71.000        1.000        1.000        0.000        0.380
  1070:       71.000        3.000        1.000        0.000        0.380
  1075:       71.000       14.000        0.000        0.000       14.000
  1080:       72.000        1.000        3.000        0.000        0.250
  1085:       72.000        3.000        1.000        0.000        0.250
  1090:       72.000       15.000        1.000        0.000       16.000
  1095:       73.000        0.000        0.000        0.000       20.000
  1100:       73.000        0.000        0.000        0.000       20.000
  1105:       73.000        0.000        0.000        0.000       14.000
  1110:       74.000        0.000        0.000        0.000       20.000
  1115:       74.000        0.000        0.000        0.000       20.000
  1120:       74.000        3.000        0.000        0.000       15.000
  1125:       75.000        1.000        4.000        0.000        0.880
  1130:       75.000        3.000        1.000        0.000        0.880
  1135:       75.000        4.000        0.000        0.000       17.000
  1140:       76.000        1.000        1.000        0.000        0.500
  1145:       76.000        3.000        1.000        0.000        0.500
  1150:       76.000       10.000        0.000        0.000       12.000
  1155:       77.000        1.000        2.000        0.000        0.490
  1160:       77.000        3.000        1.000        0.000        0.490
  1165:       77.000        6.000        0.000        0.000       17.000
  1170:       78.000        1.000        2.000        0.000        3.680
  1175:       78.000        3.000        1.000        0.000        3.680
  1180:       78.000       15.000        0.000        0.000       14.000
  1185:       79.000        1.000        3.000        0.000        0.320
  1190:       79.000        3.000        1.000        0.000        0.320
  1195:       79.000        2.000        0.000        0.000       20.000
  1200:       80.000        1.000        3.000        0.000        1.220
  1205:       80.000        3.000        1.000        0.000        1.220
  1210:       80.000       28.000        0.000        0.000       13.000
  1215:       81.000        1.000        2.000        0.000        0.470
  1220:       81.000        3.000        1.000        0.000        0.470
  1225:       81.000        3.000        0.000        0.000       13.000
  1230:       82.000        1.000        1.000        0.000        0.640
  1235:       82.000        3.000        1.000        0.000        0.640
  1240:       82.000        3.000        0.000        0.000       14.000
  1245:       83.000        1.000        2.000        0.000        4.720
  1250:       83.000        3.000        1.000        0.000        4.720
  1255:       83.000       11.000        4.000        0.000       12.000
  1260:       84.000        1.000        2.000        0.000        1.840
  1265:       84.000        3.000        1.000        0.000        1.840
  1270:       84.000        6.000        0.000        0.000       18.000
  1275:       85.000        1.000        3.000        0.000        0.290
  1280:       85.000        3.000        1.000        0.000        0.290
  1285:       85.000        6.000        0.000        0.000       15.000
  1290:       86.000        1.000        1.000        0.000        0.280
  1295:       86.000        3.000        1.000        0.000        0.280
  1300:       86.000        7.000        0.000        0.000       12.000
  1305:       87.000        1.000        2.000        0.000        7.680
  1310:       87.000        3.000        1.000        1.000        7.680
  1315:       87.000       11.000        1.000        0.000       15.000
  1320:       88.000        1.000        1.000        0.000        2.850
  1325:       88.000        3.000        1.000        0.000        2.850
  1330:       88.000        8.000        0.000        0.000       14.000
  1335:       89.000        1.000        3.000        0.000        6.580
  1340:       89.000        3.000        1.000        0.000        6.580
  1345:       89.000        8.000        0.000        0.000       11.000
  1350:       90.000        1.000        3.000        0.000        3.160
  1355:       90.000        3.000        1.000        0.000        3.160
  1360:       90.000        4.000        0.000        0.000       19.000
  1365:       91.000        1.000        2.000        0.000        1.990
  1370:       91.000        3.000        1.000        0.000        1.990
  1375:       91.000       17.000        0.000        0.000       14.000
  1380:       92.000        1.000        4.000        0.000        0.180
  1385:       92.000        3.000        1.000        0.000        0.180
  1390:       92.000        6.000        0.000        0.000       17.000
  1395:       93.000        1.000        4.000        0.000        2.870
  1400:       93.000        3.000        1.000        0.000        2.870
  1405:       93.000        1.000        0.000        0.000       13.000
  1410:       94.000        1.000        2.000        0.000        4.470
  1415:       94.000        3.000        1.000        0.000        4.470
  1420:       94.000        7.000        0.000        0.000       17.000
  1425:       95.000        1.000        4.000        0.000        0.370
  1430:       95.000        3.000        1.000        0.000        0.370
  1435:       95.000       10.000        0.000        0.000       18.000
  1440:       96.000        1.000        2.000        0.000        2.320
  1445:       96.000        3.000        1.000        0.000        2.320
  1450:       96.000        4.000        0.000        0.000       13.000
  1455:       97.000        1.000        2.000        0.000        0.410
  1460:       97.000        3.000        1.000        0.000        0.410
  1465:       97.000        9.000        0.000        0.000       13.000
  1470:       98.000        1.000        2.000        0.000        0.240
  1475:       98.000        3.000        1.000        0.000        0.240
  1480:       98.000        6.000        0.000        0.000       18.000
  1485:       99.000        1.000        1.000        0.000        0.290
  1490:       99.000        3.000        1.000        0.000        0.290
  1495:       99.000        6.000        0.000        0.000       15.000
  1500:      100.000        1.000        2.000        0.000        1.960
  1505:      100.000        3.000        1.000        0.000        1.960
  1510:      100.000       10.000        0.000        0.000       16.000
D:
     0:        0.000        0.000        0.000        0.000        0.000
     5:        0.000        0.000        0.000        0.000        0.000
    10:        0.000        0.000        0.000        0.000        0.000
    15:        1.000       15.000       90.000       40.000       46.120
    20:        1.000       61.120       62.120       41.120       61.120
    25:        1.000       25.000       80.000       15.000       15.150
    30:        2.000      107.000      182.000      132.000      138.110
    35:        2.000      153.110      154.110      133.110      153.110
    40:        2.000      117.000      172.000      107.000      107.150
    45:        3.000      196.000      271.000      221.000      226.490
    50:        3.000      241.490      242.490      221.490      241.490
    55:        3.000      206.000      261.000      196.000      196.150
    60:        4.000      290.000      365.000      315.000      321.030
    65:        4.000      336.030      337.030      316.030      336.030
    70:        4.000      300.000      355.000      290.000      290.150
    75:        5.000      377.000      452.000      402.000      408.000
    80:        5.000      423.000      424.000      403.000      423.000
    85:        5.000      387.000      442.000      377.000      377.150
    90:        6.000      462.000      537.000      487.000      492.980
    95:        6.000      507.980      508.980      487.980      507.980
   100:        6.000      472.000      527.000      462.000      462.150
   105:        7.000      556.000      631.000      581.000      586.980
   110:        7.000      601.980      602.980      581.980      601.980
   115:        7.000      566.000      621.000      556.000      556.150
   120:        8.000      647.000      722.000      672.000      677.820
   125:        8.000      692.820      693.820      672.820      692.820
   130:        8.000      657.000      712.000      647.000      647.150
   135:        9.000      734.000      809.000      759.000      764.580
   140:        9.000      779.580      780.580      759.580      779.580
   145:        9.000      744.000      799.000      734.000      734.150
   150:       10.000      824.000      899.000      849.000      854.450
   155:       10.000      869.450      870.450      849.450      869.450
   160:       10.000      834.000      889.000      824.000      824.150
   165:       11.000      914.000      989.000      939.000      944.650
   170:       11.000      959.650      960.650      939.650      959.650
   175:       11.000      924.000      979.000      914.000      914.150
   180:       12.000     1002.000     1077.000     1027.000     1032.910
   185:       12.000     1047.910     1048.910     1027.910     1047.910
   190:       12.000     1012.000     1067.000     1002.000     1002.150
   195:       13.000     1093.000     1168.000     1118.000     1123.370
   200:       13.000     1138.370     1139.370     1118.370     1138.370
   205:       13.000     1103.000     1158.000     1093.000     1093.150
   210:       14.000     1184.000     1259.000     1209.000     1215.880
   215:       14.000     1230.880     1231.880     1210.880     1230.880
   220:       14.000     1194.000     1249.000     1184.000     1184.150
   225:       15.000     1273.000     1348.000     1298.000     1304.250
   230:       15.000     1319.250     1320.250     1299.250     1319.250
   235:       15.000     1283.000     1338.000     1273.000     1273.150
   240:       16.000     1364.000     1439.000     1389.000     1394.690
   245:       16.000     1409.690     1410.690     1389.690     1409.690
   250:       16.000     1374.000     1429.000     1364.000     1364.150
   255:       17.000     1453.000     1528.000     1478.000     1483.710
   260:       17.000     1498.710     1499.710     1478.710     1498.710
   265:       17.000     1463.000     1518.000     1453.000     1453.150
   270:       18.000     1544.000     1619.000     1569.000     1574.860
   275:       18.000     1589.860     1590.860     1569.860     1589.860
   280:       18.000     1554.000     1609.000     1544.000     1544.150
   285:       19.000     1632.000     1707.000     1657.000     1677.000
   290:       19.000        0.000        0.000        0.000        0.000
   295:       19.000     1642.000     1697.000     1632.000     1632.150
   300:       20.000     1723.000     1798.000     1748.000     1753.820
   305:       20.000     1768.820     1769.820     1748.820     1768.820
   310:       20.000     1733.000     1788.000     1723.000     1723.150
   315:       21.000     1812.000     1887.000     1837.000     1842.360
   320:       21.000     1857.360     1858.360     1837.360     1857.360
   325:       21.000     1822.000     1877.000     1812.000     1812.150
   330:       22.000     1903.000     1978.000     1928.000     1933.850
   335:       22.000     1948.850     1949.850     1928.850     1948.850
   340:       22.000     1913.000     1968.000     1903.000     1903.150
   345:       23.000     1992.000     2067.000     2017.000     2022.800
   350:       23.000     2037.800     2038.800     2017.800     2037.800
   355:       23.000     2002.000     2057.000     1992.000     1992.150
   360:       24.000     2079.000     2154.000     2104.000     2109.570
   365:       24.000     2124.570     2125.570     2104.570     2124.570
   370:       24.000     2089.000     2144.000     2079.000     2079.150
   375:       25.000     2170.000     2245.000     2195.000     2200.400
   380:       25.000     2215.400     2216.400     2195.400     2215.400
   385:       25.000     2180.000     2235.000     2170.000     2170.150
   390:       26.000     2259.000     2334.000     2284.000     2289.710
   395:       26.000     2304.710     2305.710     2284.710     2304.710
   400:       26.000     2269.000     2324.000     2259.000     2259.150
   405:       27.000     2348.000     2423.000     2373.000     2378.430
   410:       27.000     2393.430     2394.430     2373.430     2393.430
   415:       27.000     2358.000     2413.000     2348.000     2348.150
   420:       28.000     2437.000     2512.000     2462.000     2468.060
   425:       28.000     2483.060     2484.060     2463.060     2483.060
   430:       28.000     2447.000     2502.000     2437.000     2437.150
   435:       29.000     2530.000     2605.000     2555.000     2560.230
   440:       29.000     2575.230     2576.230     2555.230     2575.230
   445:       29.000     2540.000     2595.000     2530.000     2530.150
   450:       30.000     2621.000     2696.000     2646.000     2652.230
   455:       30.000     2667.230     2668.230     2647.230     2667.230
   460:       30.000     2631.000     2686.000     2621.000     2621.150
   465:       31.000     2712.000     2787.000     2737.000     2742.230
   470:       31.000     2757.230     2758.230     2737.230     2757.230
   475:       31.000     2722.000     2777.000     2712.000     2712.150
   480:       32.000     2799.000     2874.000     2824.000     2829.270
   485:       32.000     2844.270     2845.270     2824.270     2844.270
   490:       32.000     2809.000     2864.000     2799.000     2799.150
   495:       33.000     2889.000     2964.000     2914.000     2919.300
   500:       33.000     2934.300     2935.300     2914.300     2934.300
   505:       33.000     2899.000     2954.000     2889.000     2889.150
   510:       34.000     2977.000     3052.000     3002.000     3007.270
   515:       34.000     3022.270     3023.270     3002.270     3022.270
   520:       34.000     2987.000     3042.000     2977.000     2977.150
   525:       35.000     3067.000     3142.000     3092.000     3097.240
   530:       35.000     3112.240     3113.240     3092.240     3112.240
   535:       35.000     3077.000     3132.000     3067.000     3067.150
   540:       36.000     3157.000     3232.000     3182.000     3187.860
   545:       36.000     3202.860     3203.860     3182.860     3202.860
   550:       36.000     3167.000     3222.000     3157.000     3157.150
   555:       37.000     3247.000     3322.000     3272.000     3277.290
   560:       37.000     3292.290     3293.290     3272.290     3292.290
   565:       37.000     3257.000     3312.000     3247.000     3247.150
   570:       38.000     3332.000     3407.000     3357.000     3362.880
   575:       38.000     3377.880     3378.880     3357.880     3377.880
   580:       38.000     3342.000     3397.000     3332.000     3332.150
   585:       39.000     3422.000     3497.000     3447.000     3452.210
   590:       39.000     3467.210     3468.210     3447.210     3467.210
   595:       39.000     3432.000     3487.000     3422.000     3422.150
   600:       40.000     3511.000     3586.000     3536.000     3541.490
   605:       40.000     3556.490     3557.490     3536.490     3556.490
   610:       40.000     3521.000     3576.000     3511.000     3511.150
   615:       41.000     3601.000     3676.000     3626.000     3632.310
   620:       41.000     3647.310     3648.310     3627.310     3647.310
   625:       41.000     3611.000     3666.000     3601.000     3601.150
   630:       42.000     3692.000     3767.000     3717.000     3722.510
   635:       42.000     3737.510     3738.510     3717.510     3737.510
   640:       42.000     3702.000     3757.000     3692.000     3692.150
   645:       43.000     3782.000     3857.000     3807.000     3812.560
   650:       43.000     3827.560     3828.560     3807.560     3827.560
   655:       43.000     3792.000     3847.000     3782.000     3782.150
   660:       44.000     3876.000     3951.000     3901.000     3906.250
   665:       44.000     3921.250     3922.250     3901.250     3921.250
   670:       44.000     3886.000     3941.000     3876.000     3876.150
   675:       45.000     3969.000     4044.000     3994.000     3999.660
   680:       45.000     4014.660     4015.660     3994.660     4014.660
   685:       45.000     3979.000     4034.000     3969.000     3969.150
   690:       46.000     4061.000     4136.000     4086.000     4092.690
   695:       46.000     4107.690     4108.690     4087.690     4107.690
   700:       46.000     4071.000     4126.000     4061.000     4061.150
   705:       47.000     4149.000     4224.000     4174.000     4179.310
   710:       47.000     4194.310     4195.310     4174.310     4194.310
   715:       47.000     4159.000     4214.000     4149.000     4149.150
   720:       48.000     4240.000     4315.000     4265.000     4270.410
   725:       48.000     4285.410     4286.410     4265.410     4285.410
   730:       48.000     4250.000     4305.000     4240.000     4240.150
   735:       49.000     4332.000     4407.000     4357.000     4362.300
   740:       49.000     4377.300     4378.300     4357.300     4377.300
   745:       49.000     4342.000     4397.000     4332.000     4332.150
   750:       50.000     4424.000     4499.000     4449.000     4454.250
   755:       50.000     4469.250     4470.250     4449.250     4469.250
   760:       50.000     4434.000     4489.000     4424.000     4424.150
   765:       51.000     4510.000     4585.000     4535.000     4541.830
   770:       51.000     4556.830     4557.830     4536.830     4556.830
   775:       51.000     4520.000     4575.000     4510.000     4510.150
   780:       52.000     4602.000     4677.000     4627.000     4632.350
   785:       52.000     4647.350     4648.350     4627.350     4647.350
   790:       52.000     4612.000     4667.000     4602.000     4602.150
   795:       53.000     4690.000     4765.000     4715.000     4721.710
   800:       53.000     4736.710     4737.710     4716.710     4736.710
   805:       53.000     4700.000     4755.000     4690.000     4690.150
   810:       54.000     4784.000     4859.000     4809.000     4815.920
   815:       54.000     4830.920     4831.920     4810.920     4830.920
   820:       54.000     4794.000     4849.000     4784.000     4784.150
   825:       55.000     4875.000     4950.000     4900.000     4905.630
   830:       55.000     4920.630     4921.630     4900.630     4920.630
   835:       55.000     4885.000     4940.000     4875.000     4875.150
   840:       56.000     4964.000     5039.000     4989.000     4994.300
   845:       56.000     5009.300     5010.300     4989.300     5009.300
   850:       56.000     4974.000     5029.000     4964.000     4964.150
   855:       57.000     5056.000     5131.000     5081.000     5087.090
   860:       57.000     5102.090     5103.090     5082.090     5102.090
   865:       57.000     5066.000     5121.000     5056.000     5056.150
   870:       58.000     5148.000     5223.000     5173.000     5178.270
   875:       58.000     5193.270     5194.270     5173.270     5193.270
   880:       58.000     5158.000     5213.000     5148.000     5148.150
   885:       59.000     5239.000     5314.000     5264.000     5269.190
   890:       59.000     5284.190     5285.190     5264.190     5284.190
   895:       59.000     5249.000     5304.000     5239.000     5239.150
   900:       60.000     5328.000     5403.000     5353.000     5359.570
   905:       60.000     5374.570     5375.570     5354.570     5374.570
   910:       60.000     5338.000     5393.000     5328.000     5328.150
   915:       61.000     5416.000     5491.000     5441.000     5446.290
   920:       61.000     5461.290     5462.290     5441.290     5461.290
   925:       61.000     5426.000     5481.000     5416.000     5416.150
   930:       62.000     5507.000     5582.000     5532.000     5537.240
   935:       62.000     5552.240     5553.240     5532.240     5552.240
   940:       62.000     5517.000     5572.000     5507.000     5507.150
   945:       63.000     5598.000     5673.000     5623.000     5628.280
   950:       63.000     5643.280     5644.280     5623.280     5643.280
   955:       63.000     5608.000     5663.000     5598.000     5598.150
   960:       64.000     5687.000     5762.000     5712.000     5718.020
   965:       64.000     5733.020     5734.020     5713.020     5733.020
   970:       64.000     5697.000     5752.000     5687.000     5687.150
   975:       65.000     5777.000     5852.000     5802.000     5807.260
   980:       65.000     5822.260     5823.260     5802.260     5822.260
   985:       65.000     5787.000     5842.000     5777.000     5777.150
   990:       66.000     5870.000     5945.000     5895.000     5900.810
   995:       66.000     5915.810     5916.810     5895.810     5915.810
  1000:       66.000     5880.000     5935.000     5870.000     5870.150
  1005:       67.000     5961.000     6036.000     5986.000     5991.390
  1010:       67.000     6006.390     6007.390     5986.390     6006.390
  1015:       67.000     5971.000     6026.000     5961.000     5961.150
  1020:       68.000     6051.000     6126.000     6076.000     6082.450
  1025:       68.000     6097.450     6098.450     6077.450     6097.450
  1030:       68.000     6061.000     6116.000     6051.000     6051.150
  1035:       69.000     6140.000     6215.000     6165.000     6170.640
  1040:       69.000     6185.640     6186.640     6165.640     6185.640
  1045:       69.000     6150.000     6205.000     6140.000     6140.150
  1050:       70.000     6230.000     6305.000     6255.000     6260.460
  1055:       70.000     6275.460     6276.460     6255.460     6275.460
  1060:       70.000     6240.000     6295.000     6230.000     6230.150
  1065:       71.000     6317.000     6392.000     6342.000     6347.380
  1070:       71.000     6362.380     6363.380     6342.380     6362.380
  1075:       71.000     6327.000     6382.000     6317.000     6317.150
  1080:       72.000     6406.000     6481.000     6431.000     6436.250
  1085:       72.000     6451.250     6452.250     6431.250     6451.250
  1090:       72.000     6416.000     6471.000     6406.000     6406.150
  1095:       73.000     6497.000     6572.000     6522.000     6542.000
  1100:       73.000        0.000        0.000        0.000        0.000
  1105:       73.000     6507.000     6562.000     6497.000     6497.150
  1110:       74.000     6586.000     6661.000     6611.000     6631.000
  1115:       74.000        0.000        0.000        0.000        0.000
  1120:       74.000     6596.000     6651.000     6586.000     6586.150
  1125:       75.000     6676.000     6751.000     6701.000     6706.880
  1130:       75.000     6721.880     6722.880     6701.880     6721.880
  1135:       75.000     6686.000     6741.000     6676.000     6676.150
  1140:       76.000     6768.000     6843.000     6793.000     6798.500
  1145:       76.000     6813.500     6814.500     6793.500     6813.500
  1150:       76.000     6778.000     6833.000     6768.000     6768.150
  1155:       77.000     6855.000     6930.000     6880.000     6885.490
  1160:       77.000     6900.490     6901.490     6880.490     6900.490
  1165:       77.000     6865.000     6920.000     6855.000     6855.150
  1170:       78.000     6947.000     7022.000     6972.000     6980.680
  1175:       78.000     6995.680     6996.680     6975.680     6995.680
  1180:       78.000     6957.000     7012.000     6947.000     6947.150
  1185:       79.000     7036.000     7111.000     7061.000     7066.320
  1190:       79.000     7081.320     7082.320     7061.320     7081.320
  1195:       79.000     7046.000     7101.000     7036.000     7036.150
  1200:       80.000     7131.000     7206.000     7156.000     7162.220
  1205:       80.000     7177.220     7178.220     7157.220     7177.220
  1210:       80.000     7141.000     7196.000     7131.000     7131.150
  1215:       81.000     7219.000     7294.000     7244.000     7249.470
  1220:       81.000     7264.470     7265.470     7244.470     7264.470
  1225:       81.000     7229.000     7284.000     7219.000     7219.150
  1230:       82.000     7307.000     7382.000     7332.000     7337.640
  1235:       82.000     7352.640     7353.640     7332.640     7352.640
  1240:       82.000     7317.000     7372.000     7307.000     7307.150
  1245:       83.000     7396.000     7471.000     7421.000     7430.720
  1250:       83.000     7445.720     7446.720     7425.720     7445.720
  1255:       83.000     7406.000     7461.000     7396.000     7396.150
  1260:       84.000     7483.000     7558.000     7508.000     7514.840
  1265:       84.000     7529.840     7530.840     7509.840     7529.840
  1270:       84.000     7493.000     7548.000     7483.000     7483.150
  1275:       85.000     7576.000     7651.000     7601.000     7606.290
  1280:       85.000     7621.290     7622.290     7601.290     7621.290
  1285:       85.000     7586.000     7641.000     7576.000     7576.150
  1290:       86.000     7666.000     7741.000     7691.000     7696.280
  1295:       86.000     7711.280     7712.280     7691.280     7711.280
  1300:       86.000     7676.000     7731.000     7666.000     7666.150
  1305:       87.000     7753.000     7828.000     7778.000     7790.680
  1310:       87.000     7805.680     7806.680     7785.680     7805.680
  1315:       87.000     7763.000     7818.000     7753.000     7753.150
  1320:       88.000     7843.000     7918.000     7868.000     7875.850
  1325:       88.000     7890.850     7891.850     7870.850     7890.850
  1330:       88.000     7853.000     7908.000     7843.000     7843.150
  1335:       89.000     7932.000     8007.000     7957.000     7968.580
  1340:       89.000     7983.580     7984.580     7963.580     7983.580
  1345:       89.000     7942.000     7997.000     7932.000     7932.150
  1350:       90.000     8018.000     8093.000     8043.000     8051.160
  1355:       90.000     8066.160     8067.160     8046.160     8066.160
  1360:       90.000     8028.000     8083.000     8018.000     8018.150
  1365:       91.000     8112.000     8187.000     8137.000     8143.990
  1370:       91.000     8158.990     8159.990     8138.990     8158.990
  1375:       91.000     8122.000     8177.000     8112.000     8112.150
  1380:       92.000     8201.000     8276.000     8226.000     8231.180
  1385:       92.000     8246.180     8247.180     8226.180     8246.180
  1390:       92.000     8211.000     8266.000     8201.000     8201.150
  1395:       93.000     8293.000     8368.000     8318.000     8325.870
  1400:       93.000     8340.870     8341.870     8320.870     8340.870
  1405:       93.000     8303.000     8358.000     8293.000     8293.150
  1410:       94.000     8381.000     8456.000     8406.000     8415.470
  1415:       94.000     8430.470     8431.470     8410.470     8430.470
  1420:       94.000     8391.000     8446.000     8381.000     8381.150
  1425:       95.000     8473.000     8548.000     8498.000     8503.370
  1430:       95.000     8518.370     8519.370     8498.370     8518.370
  1435:       95.000     8483.000     8538.000     8473.000     8473.150
  1440:       96.000     8566.000     8641.000     8591.000     8598.320
  1445:       96.000     8613.320     8614.320     8593.320     8613.320
  1450:       96.000     8576.000     8631.000     8566.000     8566.150
  1455:       97.000     8654.000     8729.000     8679.000     8684.410
  1460:       97.000     8699.410     8700.410     8679.410     8699.410
  1465:       97.000     8664.000     8719.000     8654.000     8654.150
  1470:       98.000     8742.000     8817.000     8767.000     8772.240
  1475:       98.000     8787.240     8788.240     8767.240     8787.240
  1480:       98.000     8752.000     8807.000     8742.000     8742.150
  1485:       99.000     8835.000     8910.000     8860.000     8865.290
  1490:       99.000     8880.290     8881.290     8860.290     8880.290
  1495:       99.000     8845.000     8900.000     8835.000     8835.150
  1500:      100.000     8925.000     9000.000     8950.000     8956.960
  1505:      100.000     8971.960     8972.960     8951.960     8971.960
  1510:      100.000     8935.000     8990.000     8925.000     8925.150
F:
     0:       49.130       52.640       52.690       52.740       53.960
     5:       55.700       55.930       56.900       57.410       57.470
    10:       59.570       60.640       60.780       62.590       64.860
    15:       70.910       71.120       71.470      117.920      121.840
    20:      124.530      124.590      125.120      126.320      127.410
    25:      129.350      129.410      129.500      129.540      130.740
    30:      130.890      131.840      139.160      141.750      142.440
    35:      143.920      144.640      145.160      145.290      146.390
    40:      146.490      148.080      148.390      149.490      149.540
    45:      150.160      150.840      150.960      151.040      152.480
    50:      153.420      156.220      157.450      157.580      157.670
    55:      157.970      158.080      158.990      161.810      162.550
    60:      162.580      162.610      206.800      206.840      207.390
    65:      207.600      207.710      208.760      208.890      210.110
    70:      212.660      214.070      214.460      216.740      233.070
    75:      233.850      235.740      235.760      236.230      236.270
    80:      236.630      237.160      238.800      239.010      239.990
    85:      240.200      241.260      242.310      326.870      327.050
    90:      328.380      329.700      329.950      332.250      332.390
    95:      333.000      333.170      333.190      333.370      333.410
   100:      333.760      335.230      335.240      335.380      335.950
   105:      336.150      340.480      413.560      414.440      415.760
   110:      416.350      418.250      418.420      419.590      419.760
   115:      420.340      421.100      421.510      422.330      422.750
   120:      422.760      422.790      422.910      423.540      475.890
   125:      495.270      495.440      496.680      499.870      500.020
   130:      500.470      500.920      502.150      502.210      502.280
   135:      502.580      502.770      502.860      504.010      504.020
   140:      504.080      504.410      504.510      504.590      505.880
   145:      505.960      506.410      507.080      508.030      508.300
   150:      510.810      569.880      588.470      588.630      592.120
   155:      592.710      593.040      593.830      595.750      595.850
   160:      596.350      597.020      597.180      597.590      597.940
   165:      598.540      598.800      598.830      600.780      602.870
   170:      602.960      679.570      680.990      686.000      687.040
   175:      687.600      689.440      689.570      689.760      691.110
   180:      691.220      691.270      691.300      691.520      691.600
   185:      693.900      695.480      695.600      695.680      757.480
   190:      758.530      758.580      759.120      767.190      768.040
   195:      772.020      772.150      774.010      774.100      774.150
   200:      774.190      774.660      775.520      776.330      776.860
   205:      778.130      778.470      778.580      778.730      779.350
   210:      779.680      788.900      789.470      834.420      834.750
   215:      836.390      837.410      837.610      838.270      856.050
   220:      856.250      860.100      860.120      860.180      860.310
   225:      860.950      861.170      861.240      861.600      862.630
   230:      862.740      863.290      863.360      863.470      863.540
   235:      863.710      864.530      864.680      865.450      865.570
   240:      867.040      867.100      867.240      867.450      869.020
   245:      869.100      882.280      882.910      883.010      883.040
   250:      883.120      924.900      924.980      925.140      946.300
   255:      946.450      949.360      949.380      949.430      949.560
   260:      951.730      951.960      952.430      952.460      952.590
   265:      954.020      954.080      954.110      954.330      954.440
   270:      954.530      955.850      955.910      955.970      956.010
   275:      956.590      956.610      957.980      959.740      959.860
   280:      976.000     1023.670     1033.760     1033.990     1035.190
   285:     1037.470     1040.080     1041.380     1041.680     1042.410
   290:     1042.440     1043.920     1044.190     1044.210     1044.330
   295:     1044.440     1047.160     1051.580     1117.360     1117.690
   300:     1124.250     1124.420     1128.070     1128.310     1128.380
   305:     1128.410     1131.610     1131.780     1133.800     1133.880
   310:     1134.270     1134.500     1134.640     1134.690     1134.710
   315:     1134.840     1136.290     1136.990     1137.090     1137.130
   320:     1138.500     1207.140     1208.990     1209.060     1209.120
   325:     1209.150     1216.670     1216.770     1219.330     1219.410
   330:     1219.680     1219.890     1220.420     1220.460     1221.220
   335:     1221.400     1222.430     1222.510     1222.670     1223.060
   340:     1223.250     1223.690     1224.110     1224.710     1225.900
   345:     1226.230     1226.300     1227.000     1227.600     1228.920
   350:     1229.140     1230.280     1230.290     1231.530     1231.630
   355:     1231.710     1284.290     1292.560     1293.100     1293.150
   360:     1293.620     1293.760     1293.790     1294.480     1294.820
   365:     1295.780     1298.020     1298.270     1305.170     1306.240
   370:     1306.520     1307.080     1308.920     1309.670     1311.130
   375:     1311.390     1313.080     1313.270     1314.270     1314.880
   380:     1315.370     1315.980     1317.090     1318.040     1318.230
   385:     1318.330     1319.660     1387.620     1395.730     1395.870
   390:     1399.230     1399.830     1402.380     1402.460     1402.820
   395:     1403.820     1405.010     1405.090     1405.130     1405.190
   400:     1405.340     1406.810     1407.370     1407.460     1408.150
   405:     1408.450     1408.580     1408.930     1409.190     1410.130
   410:     1427.400     1427.450     1472.010     1472.150     1472.250
   415:     1474.900     1474.940     1475.050     1475.090     1475.470
   420:     1476.710     1477.120     1477.780     1484.580     1484.750
   425:     1486.050     1486.290     1486.620     1488.740     1488.790
   430:     1488.830     1489.060     1489.960     1491.830     1491.860
   435:     1493.820     1495.170     1495.240     1496.070     1496.460
   440:     1496.810     1497.970     1498.340     1563.490     1566.890
   445:     1567.010     1567.250     1575.730     1575.790     1576.070
   450:     1576.140     1576.520     1576.720     1579.490     1579.620
   455:     1579.670     1579.740     1581.570     1582.170     1583.810
   460:     1583.840     1584.790     1584.860     1585.420     1585.710
   465:     1588.750     1589.400     1652.330     1654.270     1658.170
   470:     1659.060     1660.970     1661.010     1662.120     1662.790
   475:     1663.010     1664.520     1664.640     1664.690     1666.510
   480:     1666.770     1668.480     1668.550     1669.950     1670.230
   485:     1671.890     1672.140     1672.880     1674.010     1676.930
   490:     1677.020     1679.150     1680.140     1681.410     1684.380
   495:     1684.650     1686.210     1686.870     1688.050     1691.170
   500:     1691.410     1692.050     1692.230     1694.680     1695.090
   505:     1746.790     1747.960     1754.850     1755.650     1756.680
   510:     1758.900     1760.780     1762.710     1762.730     1762.790
   515:     1764.360     1765.280     1768.770     1769.120     1845.620
   520:     1847.410     1848.540     1848.650     1849.210     1850.290
   525:     1851.210     1851.370     1852.340     1852.790     1854.520
   530:     1854.990     1855.090     1855.650     1856.110     1856.640
   535:     1856.800     1866.260     1866.540     1917.260     1917.580
   540:     1927.750     1935.490     1937.990     1938.190     1938.720
   545:     1940.470     1941.200     1941.330     1941.950     1942.050
   550:     1942.180     1942.710     1942.890     1943.310     1943.730
   555:     1946.880     1949.460     2009.290     2012.080     2015.150
   560:     2023.640     2023.650     2023.810     2024.420     2026.480
   565:     2026.560     2026.600     2027.030     2027.070     2027.160
   570:     2029.020     2029.090     2029.120     2029.170     2029.450
   575:     2030.510     2030.780     2031.190     2033.010     2033.120
   580:     2033.440     2037.560     2111.540     2113.130     2115.250
   585:     2116.660     2116.840     2117.650     2118.480     2118.710
   590:     2118.820     2118.950     2118.960     2119.020     2119.290
   595:     2120.080     2122.110     2122.410     2122.440     2122.560
   600:     2122.910     2125.340     2125.530     2201.350     2203.670
   605:     2207.220     2207.670     2207.720     2208.480     2211.710
   610:     2212.030     2212.630     2212.660     2216.000     2278.130
   615:     2283.380     2284.040     2284.240     2291.100     2293.040
   620:     2293.490     2295.080     2295.150     2296.900     2298.450
   625:     2298.780     2299.760     2299.980     2300.030     2300.790
   630:     2300.930     2301.020     2303.720     2303.780     2305.160
   635:     2370.630     2379.250     2379.300     2383.140     2383.190
   640:     2383.290     2386.540     2387.120     2387.180     2387.860
   645:     2388.270     2388.330     2388.570     2388.900     2390.280
   650:     2390.410     2390.470     2391.940     2392.090     2394.100
   655:     2394.290     2396.230     2447.260     2448.290     2448.450
   660:     2452.530     2452.610     2468.970     2469.340     2474.110
   665:     2474.520     2475.240     2475.490     2478.760     2480.110
   670:     2480.180     2480.310     2480.920     2481.150     2482.590
   675:     2482.890     2482.930     2543.060     2561.080     2561.540
   680:     2564.030     2564.320     2566.530     2566.940     2570.450
   685:     2571.380     2574.560     2579.410     2579.550     2579.700
   690:     2655.570     2661.070     2662.170     2662.390     2662.510
   695:     2662.700     2663.230     2665.250     2665.730     2665.980
   700:     2668.610     2668.870     2744.750     2746.420     2746.550
   705:     2751.380     2753.970     2755.010     2755.230     2757.110
   710:     2757.480     2757.600     2830.580     2832.810     2833.000
   715:     2835.790     2835.960     2835.990     2836.960     2837.460
   720:     2837.980     2838.500     2838.990     2841.400     2843.030
   725:     2843.410     2844.710     2929.900     2931.080     2934.710
   730:     2992.760     3008.340     3016.280     3016.460     3018.250
   735:     3020.080     3020.160     3021.600     3100.770     3100.830
   740:     3104.560     3105.490     3105.580     3105.620     3105.720
   745:     3105.750     3105.870     3106.940     3109.000     3109.070
   750:     3109.370     3109.970     3110.040     3110.170     3116.540
   755:     3177.620     3188.720     3188.760     3188.790     3193.440
   760:     3194.040     3195.300     3196.000     3196.010     3196.050
   765:     3196.240     3196.360     3198.070     3200.810     3200.870
   770:     3201.190     3202.540     3203.600     3203.730     3205.960
   775:     3288.950     3290.720     3292.770     3292.860     3363.860
   780:     3363.990     3365.750     3367.860     3368.240     3368.910
   785:     3368.990     3371.920     3372.050     3373.670     3376.030
   790:     3376.360     3377.310     3377.500     3378.890     3458.140
   795:     3460.680     3461.220     3461.440     3461.570     3461.700
   800:     3461.750     3463.860     3463.960     3464.380     3465.590
   805:     3467.980     3468.210     3545.480     3549.770     3549.970
   810:     3550.030     3550.900     3551.200     3551.240     3553.480
   815:     3553.570     3553.670     3553.750     3557.050     3558.610
   820:     3558.720     3558.870     3642.320     3642.530     3644.570
   825:     3644.920     3645.300     3645.470     3645.550     3647.830
   830:     3647.850     3648.050     3709.370     3709.570     3727.680
   835:     3729.880     3730.350     3734.340     3734.540     3736.900
   840:     3737.090     3737.230     3738.780     3738.920     3740.090
   845:     3741.090     3744.060     3744.220     3744.660     3744.780
   850:     3747.920     3748.120     3753.160     3753.240     3754.970
   855:     3755.630     3756.590     3823.400     3828.370     3912.620
   860:     3916.890     3918.500     3921.980     4003.490     4011.120
   865:     4011.250     4012.390     4012.430     4013.160     4015.170
   870:     4103.030     4106.600     4108.120     4110.090     4191.260
   875:     4195.200     4197.410     4286.090     4288.360     4370.790
   880:     4371.120     4371.430     4375.690     4376.520     4376.910
   885:     4435.050     4458.140     4467.390     4467.520     4468.710
   890:     4469.360     4547.420     4547.600     4551.760     4553.800
   895:     4557.400     4637.810     4642.720     4647.850     4729.170
   900:     4730.120     4730.280     4733.120     4733.650     4736.850
   905:     4738.310     4825.030     4825.560     4828.430     4831.460
   910:     4906.960     4907.070     4911.650     4913.960     4916.550
   915:     4916.830     4917.880     4920.700     4921.070     5005.160
   920:     5006.070     5008.250     5009.210     5009.630     5096.620
   925:     5096.830     5097.120     5097.140     5100.120     5100.200
   930:     5100.700     5101.280     5101.810     5101.840     5102.170
   935:     5102.620     5185.580     5194.360     5278.530     5278.910
   940:     5279.110     5279.270     5280.870     5281.320     5281.390
   945:     5281.750     5282.210     5282.310     5282.460     5282.810
   950:     5283.090     5284.650     5368.560     5369.200     5369.680
   955:     5371.600     5372.240     5372.620     5372.740     5375.170
   960:     5376.560     5377.520     5456.680     5459.490     5459.530
   965:     5459.930     5460.000     5462.000     5545.140     5545.880
   970:     5546.680     5547.190     5547.410     5547.580     5549.110
   975:     5549.200     5549.380     5549.830     5550.420     5550.680
   980:     5551.830     5553.160     5634.350     5637.480     5637.840
   985:     5638.240     5639.970     5641.060     5643.110     5643.220
   990:     5643.350     5643.530     5643.830     5723.290     5728.240
   995:     5728.560     5730.450     5731.140     5731.840     5732.760
  1000:     5732.940     5733.630     5734.450     5735.240     5735.830
  1005:     5735.970     5814.780     5814.920     5815.060     5816.900
  1010:     5817.090     5817.230     5818.970     5820.770     5822.590
  1015:     5827.340     5833.340     5833.670     5834.770     5911.190
  1020:     5911.360     5912.690     5913.050     5914.720     5914.730
  1025:     5916.120     5916.200     5916.240     5983.300     5983.530
  1030:     5999.970     6003.280     6004.140     6006.730     6095.980
  1035:     6096.200     6097.170     6097.830     6178.820     6181.620
  1040:     6184.170     6184.380     6185.370     6185.510     6185.610
  1045:     6185.620     6186.110     6188.990     6262.580     6272.290
  1050:     6274.640     6275.560     6357.590     6357.770     6357.810
  1055:     6358.050     6358.250     6360.280     6361.140     6362.490
  1060:     6362.610     6362.670     6362.790     6364.790     6364.920
  1065:     6364.970     6439.880     6443.730     6445.550     6445.790
  1070:     6445.820     6447.460     6447.790     6447.930     6448.930
  1075:     6449.160     6449.270     6449.540     6449.810     6450.060
  1080:     6452.130     6647.440     6647.880     6648.780     6718.160
  1085:     6718.430     6721.620     6722.430     6807.130     6807.240
  1090:     6807.460     6812.340     6812.470     6812.630     6814.190
  1095:     6814.240     6816.150     6816.450     6894.120     6897.690
  1100:     6898.120     6898.640     6898.870     6901.000     6989.850
  1105:     6989.980     6990.010     6990.990     6991.340     6991.910
  1110:     6991.960     6992.520     6994.650     6995.810     6999.460
  1115:     6999.550     7000.930     7002.660     7002.870     7078.170
  1120:     7081.750     7150.370     7150.540     7152.250     7152.360
  1125:     7153.300     7153.370     7154.360     7154.900     7155.290
  1130:     7163.170     7163.370     7163.420     7165.890     7166.990
  1135:     7167.630     7169.930     7170.010     7170.100     7170.470
  1140:     7170.780     7172.060     7172.070     7174.120     7174.280
  1145:     7176.570     7176.590     7177.270     7177.450     7264.730
  1150:     7266.440     7267.920     7350.280     7353.130     7355.600
  1155:     7441.890     7446.320     7448.070     7450.850     7451.640
  1160:     7453.430     7455.590     7455.680     7455.860     7457.560
  1165:     7457.710     7520.310     7520.930     7521.210     7526.510
  1170:     7526.670     7530.100     7616.810     7618.780     7621.670
  1175:     7624.250     7624.380     7625.110     7708.640     7711.990
  1180:     7712.730     7712.790     7713.210     7713.250     7715.460
  1185:     7794.320     7803.410     7803.560     7806.290     7806.350
  1190:     7808.600     7808.970     7809.210     7810.350     7810.800
  1195:     7811.520     7891.420     7892.610     7892.710     7892.870
  1200:     7892.970     7893.070     7893.640     7893.840     7950.710
  1205:     7969.480     7970.040     7978.090     7980.010     7982.920
  1210:     7983.510     7983.740     8059.480     8066.870     8068.480
  1215:     8068.680     8151.690     8153.920     8156.460     8156.630
  1220:     8156.780     8157.710     8157.800     8158.060     8158.250
  1225:     8158.830     8159.070     8159.170     8161.480     8161.570
  1230:     8161.720     8161.840     8162.990     8237.200     8243.860
  1235:     8244.240     8244.980     8245.330     8246.270     8341.520
  1240:     8424.620     8424.720     8424.780     8425.150     8428.000
  1245:     8428.420     8430.010     8516.090     8516.300     8516.680
  1250:     8516.780     8517.250     8519.070     8522.260     8525.040
  1255:     8527.170     8527.310     8603.270     8613.840     8613.930
  1260:     8619.930     8692.010     8695.500     8695.610     8696.970
  1265:     8697.170     8697.890     8699.910     8700.250     8704.040
  1270:     8780.240     8780.350     8783.100     8783.260     8783.360
  1275:     8786.590     8877.830     8877.960     8880.210     8880.470
  1280:     8880.770     8883.440     8969.670     8969.800     8970.410
  1285:     8970.440     8970.780     8972.300     8974.680     8975.280
  1290:     8975.370     8975.460
G:
     0:       21.160       21.390      205.030      269.850      279.660
     5:      369.960      370.420      372.690      372.820      374.290
    10:      375.400      375.480      376.050      377.420      381.150
    15:      382.750      383.880      384.640      385.420      550.440
    20:      551.270      553.590      553.750      554.310      554.420
    25:      554.470      554.570      555.390      555.600      556.210
    30:      557.110      557.850      558.380      559.740      559.810
    35:      559.900      563.270      563.510      563.590      563.930
    40:      564.530      564.620      729.860      823.610      824.020
    45:      826.990      829.370      829.490      829.550      829.760
    50:      829.820      830.100      832.570     1432.870     1434.610
    55:     1435.560     1437.180     1437.680     1438.090     1438.190
    60:     1438.230     1438.740     1440.870     1440.910     1442.130
    65:     1443.040     1443.700     1444.380     1444.500     1444.660
    70:     1445.170     1446.020     1446.220     1446.660     1447.030
    75:     1447.590     1447.790     1449.720     1449.840     1450.890
    80:     1451.210     1451.310     1452.590     1452.700     1452.870
    85:     1454.030     1454.800     1613.410     1613.620     1633.490
    90:     1701.060     1702.520     1702.660     1811.400     2068.610
    95:     2158.350     2159.790     2163.350     2340.060     2340.090
   100:     2346.010     2346.080     2346.120     2346.380     2437.540
   105:     2437.860     2438.220     2440.070     3757.530     3757.710
   110:     3758.110     3758.970     3881.440     3881.530     3885.550
   115:     4405.080     4963.390     5778.140     5856.630     6395.130
   120:     7461.120     7461.940     7464.890     7465.080     7761.270
H:
     0:      368.010      368.270      369.290     7752.950
I:
     0:       25.770
K:
L:
     0:       41.120       41.940       43.530      133.110      136.470
     5:      221.490      221.620      223.980      224.120      224.340
    10:      225.500      316.030      317.870      319.350      403.000
    15:      487.980      581.980      672.820      674.510      759.580
    20:      761.110      762.400      764.250      849.450      851.580
    25:      939.650      939.770     1027.910     1030.480     1118.370
    30:     1122.480     1210.880     1214.140     1299.250     1389.690
    35:     1391.560     1478.710     1479.850     1569.860     1570.700
    40:     1573.020     1748.820     1837.360     1837.470     1839.050
    45:     1841.730     1928.850     1929.850     2017.800     2022.320
    50:     2104.570     2195.400     2284.710     2373.430     2463.060
    55:     2555.230     2555.290     2647.230     2649.920     2737.230
    60:     2824.270     2827.370     2828.000     2829.270     2914.300
    65:     2916.050     3002.270     3004.410     3092.240     3095.230
    70:     3182.860     3185.170     3187.800     3272.290     3273.910
    75:     3276.320     3357.880     3362.270     3447.210     3451.690
    80:     3536.490     3538.120     3541.130     3627.310     3628.560
    85:     3717.510     3718.140     3718.800     3807.560     3810.890
    90:     3811.890     3812.450     3901.250     3902.890     3994.660
    95:     3995.630     3997.160     3998.600     4087.690     4174.310
   100:     4177.400     4265.410     4266.620     4269.940     4357.300
   105:     4359.430     4449.250     4451.050     4451.320     4451.650
   110:     4536.830     4538.160     4538.770     4539.900     4540.910
   115:     4627.350     4630.240     4716.710     4721.470     4810.920
   120:     4811.320     4900.630     4905.580     4989.300     5082.090
   125:     5173.270     5174.810     5175.020     5264.190     5264.510
   130:     5266.870     5354.570     5441.290     5441.590     5442.020
   135:     5442.550     5532.240     5532.700     5623.280     5623.720
   140:     5626.060     5713.020     5716.020     5717.130     5802.260
   145:     5802.550     5804.720     5806.560     5895.810     5896.110
   150:     5986.390     6077.450     6165.640     6166.040     6255.460
   155:     6255.770     6257.220     6257.800     6342.380     6431.250
   160:     6433.760     6436.160     6701.880     6702.200     6704.280
   165:     6706.090     6793.500     6880.490     6880.950     6975.680
   170:     6976.140     7061.320     7062.840     7064.340     7157.220
   175:     7159.260     7160.280     7244.470     7245.150     7332.640
   180:     7425.720     7429.060     7509.840     7511.690     7601.290
   185:     7602.930     7605.640     7691.280     7785.680     7787.610
   190:     7870.850     7963.580     7964.100     7966.620     8046.160
   195:     8046.830     8048.900     8138.990     8139.400     8226.180
   200:     8228.270     8230.490     8231.090     8320.870     8323.220
   205:     8324.550     8324.870     8410.470     8412.100     8498.370
   210:     8500.040     8500.960     8501.540     8593.320     8595.080
   215:     8679.410     8682.970     8767.240     8767.690     8860.290
   220:     8951.960     8952.970
M:
     0:       10.000       12.000       12.000       13.000       14.000
     5:       17.000       12.000       15.000       16.000       14.000
    10:       12.000       15.000       14.000       14.000       12.000
    15:       14.000       15.000       14.000       16.000       10.000
    20:       15.000       14.000       16.000       17.000       15.000
    25:       14.000       18.000       12.000       14.000       16.000
    30:       11.000       13.000       13.000       14.000       15.000
    35:       18.000       13.000       16.000       17.000       15.000
    40:       13.000       16.000       15.000       15.000       13.000
    45:       15.000       16.000       15.000       17.000       11.000
    50:       16.000       15.000       17.000       18.000       16.000
    55:       15.000       19.000       13.000       15.000       17.000
    60:       12.000       14.000       14.000       15.000       16.000
    65:       19.000       14.000       17.000       18.000       16.000
    70:       14.000       17.000       16.000       16.000       14.000
    75:       16.000       17.000       16.000       18.000       12.000
    80:       17.000       16.000       18.000       19.000       17.000
    85:       16.000       20.000       14.000       16.000       19.000
    90:       13.000       14.000       13.000       19.000       13.000
    95:       15.000       14.000       13.000       14.000
P:
     0:       61.120       61.620       62.120      153.110      153.610
     5:      154.110      241.490      241.990      242.490      336.030
    10:      336.530      337.030      423.000      423.500      424.000
    15:      507.980      508.480      508.980      601.980      602.480
    20:      602.980      692.820      693.320      693.820      779.580
    25:      780.080      780.580      869.450      869.950      870.450
    30:      959.650      960.150      960.650     1047.910     1048.410
    35:     1048.910     1138.370     1138.870     1139.370     1230.880
    40:     1231.380     1231.880     1319.250     1319.750     1320.250
    45:     1409.690     1410.190     1410.690     1498.710     1499.210
    50:     1499.710     1589.860     1590.360     1590.860     1768.820
    55:     1769.320     1769.820     1857.360     1857.860     1858.360
    60:     1948.850     1949.350     1949.850     2037.800     2038.300
    65:     2038.800     2124.570     2125.070     2125.570     2215.400
    70:     2215.900     2216.400     2304.710     2305.210     2305.710
    75:     2393.430     2393.930     2394.430     2483.060     2483.560
    80:     2484.060     2575.230     2575.730     2576.230     2667.230
    85:     2667.730     2668.230     2757.230     2757.730     2758.230
    90:     2844.270     2844.770     2845.270     2934.300     2934.800
    95:     2935.300     3022.270     3022.770     3023.270     3112.240
   100:     3112.740     3113.240     3202.860     3203.360     3203.860
   105:     3292.290     3292.790     3293.290     3377.880     3378.380
   110:     3378.880     3467.210     3467.710     3468.210     3556.490
   115:     3556.990     3557.490     3647.310     3647.810     3648.310
   120:     3737.510     3738.010     3738.510     3827.560     3828.060
   125:     3828.560     3921.250     3921.750     3922.250     4014.660
   130:     4015.160     4015.660     4107.690     4108.190     4108.690
   135:     4194.310     4194.810     4195.310     4285.410     4285.910
   140:     4286.410     4377.300     4377.800     4378.300     4469.250
   145:     4469.750     4470.250     4556.830     4557.330     4557.830
   150:     4647.350     4647.850     4648.350     4736.710     4737.210
   155:     4737.710     4830.920     4831.420     4831.920     4920.630
   160:     4921.130     4921.630     5009.300     5009.800     5010.300
   165:     5102.090     5102.590     5103.090     5193.270     5193.770
   170:     5194.270     5284.190     5284.690     5285.190     5374.570
   175:     5375.070     5375.570     5461.290     5461.790     5462.290
   180:     5552.240     5552.740     5553.240     5643.280     5643.780
   185:     5644.280     5733.020     5733.520     5734.020     5822.260
   190:     5822.760     5823.260     5915.810     5916.310     5916.810
   195:     6006.390     6006.890     6007.390     6097.450     6097.950
   200:     6098.450     6185.640     6186.140     6186.640     6275.460
   205:     6275.960     6276.460     6362.380     6362.880     6363.380
   210:     6451.250     6451.750     6452.250     6721.880     6722.380
   215:     6722.880     6813.500     6814.000     6814.500     6900.490
   220:     6900.990     6901.490     6995.680     6996.180     6996.680
   225:     7081.320     7081.820     7082.320     7177.220     7177.720
   230:     7178.220     7264.470     7264.970     7265.470     7352.640
   235:     7353.140     7353.640     7445.720     7446.220     7446.720
   240:     7529.840     7530.340     7530.840     7621.290     7621.790
   245:     7622.290     7711.280     7711.780     7712.280     7805.680
   250:     7806.180     7806.680     7890.850     7891.350     7891.850
   255:     7983.580     7984.080     7984.580     8066.160     8066.660
   260:     8067.160     8158.990     8159.490     8159.990     8246.180
   265:     8246.680     8247.180     8340.870     8341.370     8341.870
   270:     8430.470     8430.970     8431.470     8518.370     8518.870
   275:     8519.370     8613.320     8613.820     8614.320     8699.410
   280:     8699.910     8700.410     8787.240     8787.740     8788.240
   285:     8880.290     8880.790     8881.290     8971.960     8972.460
   290:     8972.960
R:
     0:       41.120      133.110      221.490      316.030      403.000
     5:      487.980      581.980      672.820      759.580      849.450
    10:      939.650     1027.910     1118.370     1210.880     1299.250
    15:     1389.690     1478.710     1569.860     1748.820     1837.360
    20:     1928.850     2017.800     2104.570     2195.400     2284.710
    25:     2373.430     2463.060     2555.230     2647.230     2737.230
    30:     2824.270     2914.300     3002.270     3092.240     3182.860
    35:     3272.290     3357.880     3447.210     3536.490     3627.310
    40:     3717.510     3807.560     3901.250     3994.660     4087.690
    45:     4174.310     4265.410     4357.300     4449.250     4536.830
    50:     4627.350     4716.710     4810.920     4900.630     4989.300
    55:     5082.090     5173.270     5264.190     5354.570     5441.290
    60:     5532.240     5623.280     5713.020     5802.260     5895.810
    65:     5986.390     6077.450     6165.640     6255.460     6342.380
    70:     6431.250     6701.880     6793.500     6880.490     6975.680
    75:     7061.320     7157.220     7244.470     7332.640     7425.720
    80:     7509.840     7601.290     7691.280     7785.680     7870.850
    85:     7963.580     8046.160     8138.990     8226.180     8320.870
    90:     8410.470     8498.370     8593.320     8679.410     8767.240
    95:     8860.290     8951.960
V:
W:
     0:        1.000        1.000        1.000        1.000        1.000
     5:        1.000        1.000        1.000        1.000        1.000
    10:        1.000        1.000        1.000        1.000        1.000
    15:        1.000        1.000        1.000        1.000        1.000
    20:        1.000        1.000        1.000        1.000        1.000
    25:        1.000        1.000        1.000        1.000        1.000
    30:        1.000        1.000        1.000        1.000        1.000
    35:        1.000        1.000        1.000        1.000        1.000
    40:        1.000        1.000        1.000        1.000        1.000
    45:        1.000        1.000        1.000        1.000        1.000
    50:        1.000        1.000        1.000        1.000        1.000
    55:        1.000        1.000        1.000        1.000        1.000
    60:        1.000        1.000        1.000        1.000        1.000
    65:        1.000        1.000        1.000        1.000        1.000
    70:        1.000        1.000        1.000        1.000        1.000
    75:        1.000        1.000        1.000        1.000        1.000
    80:        1.000        1.000        1.000        1.000        1.000
    85:        1.000        1.000        1.000        1.000        1.000
    90:        1.000        1.000        1.000        1.000        1.000
    95:        1.000        1.000        1.000        1.000        1.000
   100:        1.000        1.000        1.000        1.000        1.000
   105:        1.000        1.000        1.000        1.000        1.000
X:
     0:       15.000       15.150      107.000      107.150      196.000
     5:      196.150      290.000      290.150      377.000      377.150
    10:      462.000      462.150      556.000      556.150      647.000
    15:      647.150      734.000      734.150      824.000      824.150
    20:      914.000      914.150     1002.000     1002.150     1093.000
    25:     1093.150     1184.000     1184.150     1273.000     1273.150
    30:     1364.000     1364.150     1453.000     1453.150     1544.000
    35:     1544.150     1632.000     1632.150     1723.000     1723.150
    40:     1812.000     1812.150     1903.000     1903.150     1992.000
    45:     1992.150     2079.000     2079.150     2170.000     2170.150
    50:     2259.000     2259.150     2348.000     2348.150     2437.000
    55:     2437.150     2530.000     2530.150     2621.000     2621.150
    60:     2712.000     2712.150     2799.000     2799.150     2889.000
    65:     2889.150     2977.000     2977.150     3067.000     3067.150
    70:     3157.000     3157.150     3247.000     3247.150     3332.000
    75:     3332.150     3422.000     3422.150     3511.000     3511.150
    80:     3601.000     3601.150     3692.000     3692.150     3782.000
    85:     3782.150     3876.000     3876.150     3969.000     3969.150
    90:     4061.000     4061.150     4149.000     4149.150     4240.000
    95:     4240.150     4332.000     4332.150     4424.000     4424.150
   100:     4510.000     4510.150     4602.000     4602.150     4690.000
   105:     4690.150     4784.000     4784.150     4875.000     4875.150
   110:     4964.000     4964.150     5056.000     5056.150     5148.000
   115:     5148.150     5239.000     5239.150     5328.000     5328.150
   120:     5416.000     5416.150     5507.000     5507.150     5598.000
   125:     5598.150     5687.000     5687.150     5777.000     5777.150
   130:     5870.000     5870.150     5961.000     5961.150     6051.000
   135:     6051.150     6140.000     6140.150     6230.000     6230.150
   140:     6317.000     6317.150     6406.000     6406.150     6497.000
   145:     6497.150     6586.000     6586.150     6676.000     6676.150
   150:     6768.000     6768.150     6855.000     6855.150     6947.000
   155:     6947.150     7036.000     7036.150     7131.000     7131.150
   160:     7219.000     7219.150     7307.000     7307.150     7396.000
   165:     7396.150     7483.000     7483.150     7576.000     7576.150
   170:     7666.000     7666.150     7753.000     7753.150     7843.000
   175:     7843.150     7932.000     7932.150     8018.000     8018.150
   180:     8112.000     8112.150     8201.000     8201.150     8293.000
   185:     8293.150     8381.000     8381.150     8473.000     8473.150
   190:     8566.000     8566.150     8654.000     8654.150     8742.000
   195:     8742.150     8835.000     8835.150     8925.000     8925.150
Y:
Z:
     0:        0.000       97.000      222.000        1.000        4.000
     5:        0.000      291.000      200.000        0.000        0.000
    10:        0.000     1292.000      125.000        0.000        0.000
    15:        0.000
