File: C:\MED-PC IV\Data\Tarun\RM-B12_RM036\postBaseplate\R20\S02_R20_FR1_20s_100trials


Start Date: 06/18/17
End Date: 06/18/17
Subject: 20
Experiment: 0
Group: 0
Box: 2
Start Time:  9:21:20
End Time: 11:51:50
MSN: MiniScope_FR1-3p_100trials_05222017
A:       0.000
E:       0.000
J:     101.000
N:       0.000
O:       0.000
Q:       0.000
S:       0.000
T:    9012.000
U:       0.000
B:
     0:        0.000       10.000       10.000       15.000       20.000
     5:       20.000       20.000       10.000       12.000      100.000
    10:        1.000        3.000       15.000        0.010        1.000
    15:        0.000        0.000        5.000       20.000        5.000
C:
     0:      100.000       98.000      181.000        0.000        0.626
     5:        0.000      294.000       98.000        1.000        0.626
    10:        0.000     1002.000       19.000        0.000       15.020
    15:        1.000        0.000        0.000        0.000       20.000
    20:        1.000        0.000        0.000        0.000       20.000
    25:        1.000        0.000        0.000        0.000       14.000
    30:        2.000        1.000        4.000        0.000        0.360
    35:        2.000        3.000        1.000        0.000        0.360
    40:        2.000        1.000        0.000        0.000       12.000
    45:        3.000        1.000        3.000        0.000        1.210
    50:        3.000        3.000        1.000        0.000        1.210
    55:        3.000       10.000        3.000        0.000       19.000
    60:        4.000        1.000        1.000        0.000        0.320
    65:        4.000        3.000        1.000        1.000        0.320
    70:        4.000       15.000        0.000        0.000       15.000
    75:        5.000        1.000        4.000        0.000        0.300
    80:        5.000        3.000        1.000        0.000        0.300
    85:        5.000       16.000        1.000        0.000       16.000
    90:        6.000        1.000        1.000        0.000        0.150
    95:        6.000        3.000        1.000        0.000        0.150
   100:        6.000       10.000        0.000        0.000       14.000
   105:        7.000        1.000        3.000        0.000        0.530
   110:        7.000        3.000        1.000        0.000        0.530
   115:        7.000       11.000        0.000        0.000       17.000
   120:        8.000        1.000        4.000        0.000        0.230
   125:        8.000        3.000        1.000        0.000        0.230
   130:        8.000       14.000        0.000        0.000       14.000
   135:        9.000        1.000        2.000        0.000        0.390
   140:        9.000        3.000        1.000        0.000        0.390
   145:        9.000       15.000        3.000        0.000       13.000
   150:       10.000        1.000        3.000        0.000        0.810
   155:       10.000        3.000        1.000        0.000        0.810
   160:       10.000       13.000        0.000        0.000       15.000
   165:       11.000        1.000        2.000        0.000        0.160
   170:       11.000        3.000        1.000        0.000        0.160
   175:       11.000       12.000        0.000        0.000       16.000
   180:       12.000        1.000        4.000        0.000        0.130
   185:       12.000        3.000        1.000        0.000        0.130
   190:       12.000       14.000        0.000        0.000       13.000
   195:       13.000        1.000        1.000        0.000        0.200
   200:       13.000        3.000        1.000        0.000        0.200
   205:       13.000        9.000        0.000        0.000       17.000
   210:       14.000        1.000        1.000        0.000        0.280
   215:       14.000        3.000        1.000        0.000        0.280
   220:       14.000       22.000        0.000        0.000       13.000
   225:       15.000        1.000        1.000        0.000        0.250
   230:       15.000        3.000        1.000        0.000        0.250
   235:       15.000       12.000        0.000        0.000       18.000
   240:       16.000        1.000        2.000        0.000        0.280
   245:       16.000        3.000        1.000        0.000        0.280
   250:       16.000        7.000        0.000        0.000       13.000
   255:       17.000        1.000        1.000        0.000        0.220
   260:       17.000        3.000        1.000        0.000        0.220
   265:       17.000        2.000        0.000        0.000       15.000
   270:       18.000        1.000        5.000        0.000        0.150
   275:       18.000        3.000        1.000        0.000        0.150
   280:       18.000       13.000        0.000        0.000       13.000
   285:       19.000        1.000        2.000        0.000        0.210
   290:       19.000        3.000        1.000        0.000        0.210
   295:       19.000        9.000        0.000        0.000       14.000
   300:       20.000        1.000        1.000        0.000        0.780
   305:       20.000        3.000        1.000        0.000        0.780
   310:       20.000       12.000        0.000        0.000       15.000
   315:       21.000        1.000        2.000        0.000        0.300
   320:       21.000        3.000        1.000        0.000        0.300
   325:       21.000       18.000        0.000        0.000       14.000
   330:       22.000        1.000        3.000        0.000        0.540
   335:       22.000        3.000        1.000        0.000        0.540
   340:       22.000       13.000        0.000        0.000       10.000
   345:       23.000        1.000        3.000        0.000        0.340
   350:       23.000        3.000        1.000        0.000        0.340
   355:       23.000        5.000        2.000        0.000       18.000
   360:       24.000        1.000        3.000        0.000        0.190
   365:       24.000        3.000        1.000        0.000        0.190
   370:       24.000        6.000        0.000        0.000       12.000
   375:       25.000        1.000        3.000        0.000        0.210
   380:       25.000        3.000        1.000        0.000        0.210
   385:       25.000       13.000        0.000        0.000       17.000
   390:       26.000        1.000        1.000        0.000        0.190
   395:       26.000        3.000        1.000        0.000        0.190
   400:       26.000       15.000        0.000        0.000       15.000
   405:       27.000        1.000        1.000        0.000        0.620
   410:       27.000        3.000        1.000        0.000        0.620
   415:       27.000       16.000        0.000        0.000       16.000
   420:       28.000        1.000        1.000        0.000        0.310
   425:       28.000        3.000        1.000        0.000        0.310
   430:       28.000        7.000        0.000        0.000       13.000
   435:       29.000        1.000        1.000        0.000        0.180
   440:       29.000        3.000        1.000        0.000        0.180
   445:       29.000       11.000        0.000        0.000       13.000
   450:       30.000        1.000        1.000        0.000        0.130
   455:       30.000        3.000        1.000        0.000        0.130
   460:       30.000       12.000        0.000        0.000       16.000
   465:       31.000        1.000        2.000        0.000        0.320
   470:       31.000        3.000        1.000        0.000        0.320
   475:       31.000       25.000        0.000        0.000       16.000
   480:       32.000        1.000        1.000        0.000        0.340
   485:       32.000        3.000        1.000        0.000        0.340
   490:       32.000       20.000        0.000        0.000       17.000
   495:       33.000        1.000        3.000        0.000        0.620
   500:       33.000        3.000        1.000        0.000        0.620
   505:       33.000       12.000        0.000        0.000       14.000
   510:       34.000        1.000        1.000        0.000        0.150
   515:       34.000        3.000        1.000        0.000        0.150
   520:       34.000       15.000        0.000        0.000       10.000
   525:       35.000        1.000        3.000        0.000        0.330
   530:       35.000        3.000        1.000        0.000        0.330
   535:       35.000       18.000        0.000        0.000       16.000
   540:       36.000        1.000        1.000        0.000        0.210
   545:       36.000        3.000        1.000        0.000        0.210
   550:       36.000       26.000        0.000        0.000       16.000
   555:       37.000        1.000        2.000        0.000        0.230
   560:       37.000        3.000        1.000        0.000        0.230
   565:       37.000       21.000        0.000        0.000       13.000
   570:       38.000        1.000        1.000        0.000        0.280
   575:       38.000        3.000        1.000        0.000        0.280
   580:       38.000       20.000        0.000        0.000       11.000
   585:       39.000        1.000        2.000        0.000        0.140
   590:       39.000        3.000        1.000        0.000        0.140
   595:       39.000       24.000        0.000        0.000       14.000
   600:       40.000        1.000        1.000        0.000        0.570
   605:       40.000        3.000        1.000        0.000        0.570
   610:       40.000        8.000        0.000        0.000       15.000
   615:       41.000        1.000        2.000        0.000        0.330
   620:       41.000        3.000        1.000        0.000        0.330
   625:       41.000       15.000        0.000        0.000       17.000
   630:       42.000        1.000        2.000        0.000        0.090
   635:       42.000        3.000        1.000        0.000        0.090
   640:       42.000       12.000        0.000        0.000       14.000
   645:       43.000        1.000        1.000        0.000        0.270
   650:       43.000        3.000        1.000        0.000        0.270
   655:       43.000        7.000        0.000        0.000       12.000
   660:       44.000        1.000        1.000        0.000        1.630
   665:       44.000        3.000        1.000        0.000        1.630
   670:       44.000       12.000        0.000        0.000       14.000
   675:       45.000        1.000        2.000        0.000        1.300
   680:       45.000        3.000        1.000        0.000        1.300
   685:       45.000        5.000        0.000        0.000       15.000
   690:       46.000        1.000        3.000        0.000        0.230
   695:       46.000        3.000        1.000        0.000        0.230
   700:       46.000       12.000        0.000        0.000       16.000
   705:       47.000        1.000        1.000        0.000        0.240
   710:       47.000        3.000        1.000        0.000        0.240
   715:       47.000       13.000        0.000        0.000       14.000
   720:       48.000        1.000        1.000        0.000        0.240
   725:       48.000        3.000        1.000        0.000        0.240
   730:       48.000       23.000        0.000        0.000       15.000
   735:       49.000        1.000        1.000        0.000        0.180
   740:       49.000        3.000        1.000        0.000        0.180
   745:       49.000        8.000        0.000        0.000       16.000
   750:       50.000        1.000        2.000        0.000        0.170
   755:       50.000        3.000        1.000        0.000        0.170
   760:       50.000        4.000        0.000        0.000       16.000
   765:       51.000        1.000        3.000        0.000        0.650
   770:       51.000        3.000        1.000        0.000        0.650
   775:       51.000        2.000        0.000        0.000       14.000
   780:       52.000        1.000        1.000        0.000        0.210
   785:       52.000        3.000        1.000        0.000        0.210
   790:       52.000        8.000        0.000        0.000       14.000
   795:       53.000        1.000        1.000        0.000        0.270
   800:       53.000        3.000        1.000        0.000        0.270
   805:       53.000       12.000        0.000        0.000       12.000
   810:       54.000        1.000        1.000        0.000        0.830
   815:       54.000        3.000        1.000        0.000        0.830
   820:       54.000       15.000        0.000        0.000       13.000
   825:       55.000        1.000        1.000        0.000        0.200
   830:       55.000        3.000        1.000        0.000        0.200
   835:       55.000       14.000        0.000        0.000       14.000
   840:       56.000        1.000        1.000        0.000        0.190
   845:       56.000        3.000        1.000        0.000        0.190
   850:       56.000       12.000        1.000        0.000       18.000
   855:       57.000        1.000        1.000        0.000        0.300
   860:       57.000        3.000        1.000        0.000        0.300
   865:       57.000       18.000        0.000        0.000       16.000
   870:       58.000        0.000        0.000        0.000       20.000
   875:       58.000        0.000        0.000        0.000       20.000
   880:       58.000        0.000        0.000        0.000       15.000
   885:       59.000        1.000        2.000        0.000        5.490
   890:       59.000        3.000        1.000        0.000        5.490
   895:       59.000        6.000        0.000        0.000       17.000
   900:       60.000        1.000        1.000        0.000        0.560
   905:       60.000        3.000        1.000        0.000        0.560
   910:       60.000       11.000        0.000        0.000       15.000
   915:       61.000        1.000        3.000        0.000        0.200
   920:       61.000        3.000        1.000        0.000        0.200
   925:       61.000       10.000        0.000        0.000       19.000
   930:       62.000        1.000        2.000        0.000        0.150
   935:       62.000        3.000        1.000        0.000        0.150
   940:       62.000       11.000        0.000        0.000       14.000
   945:       63.000        1.000        1.000        0.000        1.450
   950:       63.000        3.000        1.000        0.000        1.450
   955:       63.000        7.000        0.000        0.000       17.000
   960:       64.000        1.000        1.000        0.000        0.230
   965:       64.000        3.000        1.000        0.000        0.230
   970:       64.000       10.000        0.000        0.000       16.000
   975:       65.000        1.000        3.000        0.000        0.200
   980:       65.000        3.000        1.000        0.000        0.200
   985:       65.000       10.000        0.000        0.000       12.000
   990:       66.000        1.000        2.000        0.000        0.100
   995:       66.000        3.000        1.000        0.000        0.100
  1000:       66.000       11.000        0.000        0.000       15.000
  1005:       67.000        1.000        1.000        0.000        0.150
  1010:       67.000        3.000        1.000        0.000        0.150
  1015:       67.000       15.000        0.000        0.000       13.000
  1020:       68.000        1.000        3.000        0.000        0.250
  1025:       68.000        3.000        1.000        0.000        0.250
  1030:       68.000        4.000        0.000        0.000       14.000
  1035:       69.000        1.000        1.000        0.000        0.340
  1040:       69.000        3.000        1.000        0.000        0.340
  1045:       69.000       17.000        0.000        0.000       18.000
  1050:       70.000        1.000        3.000        0.000        0.300
  1055:       70.000        3.000        1.000        0.000        0.300
  1060:       70.000        4.000        0.000        0.000       17.000
  1065:       71.000        1.000        1.000        0.000        0.140
  1070:       71.000        3.000        1.000        0.000        0.140
  1075:       71.000        6.000        9.000        0.000       15.000
  1080:       72.000        1.000        1.000        0.000        0.120
  1085:       72.000        3.000        1.000        0.000        0.120
  1090:       72.000        8.000        0.000        0.000       16.000
  1095:       73.000        1.000        1.000        0.000        0.670
  1100:       73.000        3.000        1.000        0.000        0.670
  1105:       73.000        3.000        0.000        0.000       14.000
  1110:       74.000        1.000        1.000        0.000        0.220
  1115:       74.000        3.000        1.000        0.000        0.220
  1120:       74.000        1.000        0.000        0.000       15.000
  1125:       75.000        1.000        2.000        0.000        1.290
  1130:       75.000        3.000        1.000        0.000        1.290
  1135:       75.000        2.000        0.000        0.000       17.000
  1140:       76.000        1.000        1.000        0.000        0.440
  1145:       76.000        3.000        1.000        0.000        0.440
  1150:       76.000        3.000        0.000        0.000       16.000
  1155:       77.000        1.000        1.000        0.000        2.120
  1160:       77.000        3.000        1.000        0.000        2.120
  1165:       77.000        1.000        0.000        0.000       15.000
  1170:       78.000        1.000        2.000        0.000        2.230
  1175:       78.000        3.000        1.000        0.000        2.230
  1180:       78.000        2.000        0.000        0.000       16.000
  1185:       79.000        1.000        2.000        0.000        0.990
  1190:       79.000        3.000        1.000        0.000        0.990
  1195:       79.000        6.000        0.000        0.000       19.000
  1200:       80.000        1.000        2.000        0.000        1.450
  1205:       80.000        3.000        1.000        0.000        1.450
  1210:       80.000        4.000        0.000        0.000       16.000
  1215:       81.000        1.000        2.000        0.000        0.270
  1220:       81.000        3.000        1.000        0.000        0.270
  1225:       81.000        1.000        0.000        0.000       12.000
  1230:       82.000        1.000        1.000        0.000        3.470
  1235:       82.000        3.000        1.000        0.000        3.470
  1240:       82.000       11.000        0.000        0.000       17.000
  1245:       83.000        1.000        2.000        0.000        2.080
  1250:       83.000        3.000        1.000        0.000        2.080
  1255:       83.000        1.000        0.000        0.000       20.000
  1260:       84.000        1.000        2.000        0.000        2.610
  1265:       84.000        3.000        1.000        0.000        2.610
  1270:       84.000        5.000        0.000        0.000       18.000
  1275:       85.000        1.000        4.000        0.000        0.130
  1280:       85.000        3.000        1.000        0.000        0.130
  1285:       85.000        5.000        0.000        0.000       15.000
  1290:       86.000        1.000        4.000        0.000        0.250
  1295:       86.000        3.000        1.000        0.000        0.250
  1300:       86.000       11.000        0.000        0.000       13.000
  1305:       87.000        1.000        1.000        0.000        1.310
  1310:       87.000        3.000        1.000        0.000        1.310
  1315:       87.000        4.000        0.000        0.000       14.000
  1320:       88.000        1.000        3.000        0.000        0.230
  1325:       88.000        3.000        1.000        0.000        0.230
  1330:       88.000       15.000        0.000        0.000       14.000
  1335:       89.000        1.000        3.000        0.000        1.880
  1340:       89.000        3.000        1.000        0.000        1.880
  1345:       89.000        5.000        0.000        0.000       18.000
  1350:       90.000        1.000        1.000        0.000        1.520
  1355:       90.000        3.000        1.000        0.000        1.520
  1360:       90.000       11.000        0.000        0.000       11.000
  1365:       91.000        1.000        2.000        0.000        0.270
  1370:       91.000        3.000        1.000        0.000        0.270
  1375:       91.000        5.000        0.000        0.000       19.000
  1380:       92.000        1.000        1.000        0.000        0.280
  1385:       92.000        3.000        1.000        0.000        0.280
  1390:       92.000       12.000        0.000        0.000       16.000
  1395:       93.000        1.000        2.000        0.000        1.630
  1400:       93.000        3.000        1.000        0.000        1.630
  1405:       93.000        2.000        0.000        0.000       12.000
  1410:       94.000        1.000        2.000        0.000        0.220
  1415:       94.000        3.000        1.000        0.000        0.220
  1420:       94.000       11.000        0.000        0.000       17.000
  1425:       95.000        1.000        1.000        0.000        0.550
  1430:       95.000        3.000        1.000        0.000        0.550
  1435:       95.000       13.000        0.000        0.000       14.000
  1440:       96.000        1.000        2.000        0.000        0.180
  1445:       96.000        3.000        1.000        0.000        0.180
  1450:       96.000        4.000        0.000        0.000       15.000
  1455:       97.000        1.000        1.000        0.000        1.700
  1460:       97.000        3.000        1.000        0.000        1.700
  1465:       97.000       10.000        0.000        0.000       19.000
  1470:       98.000        1.000        2.000        0.000        0.210
  1475:       98.000        3.000        1.000        0.000        0.210
  1480:       98.000        6.000        0.000        0.000       16.000
  1485:       99.000        1.000        1.000        0.000        0.100
  1490:       99.000        3.000        1.000        0.000        0.100
  1495:       99.000        3.000        0.000        0.000       12.000
  1500:      100.000        1.000        1.000        0.000        2.850
  1505:      100.000        3.000        1.000        0.000        2.850
  1510:      100.000        1.000        0.000        0.000       12.000
D:
     0:        0.000        0.000        0.000        0.000        0.000
     5:        0.000        0.000        0.000        0.000        0.000
    10:        0.000        0.000        0.000        0.000        0.000
    15:        1.000       15.000       90.000       40.000       60.000
    20:        1.000        0.000        0.000        0.000        0.000
    25:        1.000       25.000       80.000       15.000       15.150
    30:        2.000      104.000      179.000      129.000      134.360
    35:        2.000      149.360      150.360      129.360      149.360
    40:        2.000      114.000      169.000      104.000      104.150
    45:        3.000      191.000      266.000      216.000      222.210
    50:        3.000      237.210      238.210      217.210      237.210
    55:        3.000      201.000      256.000      191.000      191.150
    60:        4.000      285.000      360.000      310.000      315.320
    65:        4.000      330.320      331.320      310.320      330.320
    70:        4.000      295.000      350.000      285.000      285.150
    75:        5.000      375.000      450.000      400.000      405.300
    80:        5.000      420.300      421.300      400.300      420.300
    85:        5.000      385.000      440.000      375.000      375.150
    90:        6.000      466.000      541.000      491.000      496.150
    95:        6.000      511.150      512.150      491.150      511.150
   100:        6.000      476.000      531.000      466.000      466.150
   105:        7.000      555.000      630.000      580.000      585.530
   110:        7.000      600.530      601.530      580.530      600.530
   115:        7.000      565.000      620.000      555.000      555.150
   120:        8.000      647.000      722.000      672.000      677.230
   125:        8.000      692.230      693.230      672.230      692.230
   130:        8.000      657.000      712.000      647.000      647.150
   135:        9.000      736.000      811.000      761.000      766.390
   140:        9.000      781.390      782.390      761.390      781.390
   145:        9.000      746.000      801.000      736.000      736.150
   150:       10.000      824.000      899.000      849.000      854.810
   155:       10.000      869.810      870.810      849.810      869.810
   160:       10.000      834.000      889.000      824.000      824.150
   165:       11.000      914.000      989.000      939.000      944.160
   170:       11.000      959.160      960.160      939.160      959.160
   175:       11.000      924.000      979.000      914.000      914.150
   180:       12.000     1005.000     1080.000     1030.000     1035.130
   185:       12.000     1050.130     1051.130     1030.130     1050.130
   190:       12.000     1015.000     1070.000     1005.000     1005.150
   195:       13.000     1093.000     1168.000     1118.000     1123.200
   200:       13.000     1138.200     1139.200     1118.200     1138.200
   205:       13.000     1103.000     1158.000     1093.000     1093.150
   210:       14.000     1185.000     1260.000     1210.000     1215.280
   215:       14.000     1230.280     1231.280     1210.280     1230.280
   220:       14.000     1195.000     1250.000     1185.000     1185.150
   225:       15.000     1273.000     1348.000     1298.000     1303.250
   230:       15.000     1318.250     1319.250     1298.250     1318.250
   235:       15.000     1283.000     1338.000     1273.000     1273.150
   240:       16.000     1366.000     1441.000     1391.000     1396.280
   245:       16.000     1411.280     1412.280     1391.280     1411.280
   250:       16.000     1376.000     1431.000     1366.000     1366.150
   255:       17.000     1454.000     1529.000     1479.000     1484.220
   260:       17.000     1499.220     1500.220     1479.220     1499.220
   265:       17.000     1464.000     1519.000     1454.000     1454.150
   270:       18.000     1544.000     1619.000     1569.000     1574.150
   275:       18.000     1589.150     1590.150     1569.150     1589.150
   280:       18.000     1554.000     1609.000     1544.000     1544.150
   285:       19.000     1632.000     1707.000     1657.000     1662.210
   290:       19.000     1677.210     1678.210     1657.210     1677.210
   295:       19.000     1642.000     1697.000     1632.000     1632.150
   300:       20.000     1721.000     1796.000     1746.000     1751.780
   305:       20.000     1766.780     1767.780     1746.780     1766.780
   310:       20.000     1731.000     1786.000     1721.000     1721.150
   315:       21.000     1811.000     1886.000     1836.000     1841.300
   320:       21.000     1856.300     1857.300     1836.300     1856.300
   325:       21.000     1821.000     1876.000     1811.000     1811.150
   330:       22.000     1900.000     1975.000     1925.000     1930.540
   335:       22.000     1945.540     1946.540     1925.540     1945.540
   340:       22.000     1910.000     1965.000     1900.000     1900.150
   345:       23.000     1985.000     2060.000     2010.000     2015.340
   350:       23.000     2030.340     2031.340     2010.340     2030.340
   355:       23.000     1995.000     2050.000     1985.000     1985.150
   360:       24.000     2078.000     2153.000     2103.000     2108.190
   365:       24.000     2123.190     2124.190     2103.190     2123.190
   370:       24.000     2088.000     2143.000     2078.000     2078.150
   375:       25.000     2165.000     2240.000     2190.000     2195.210
   380:       25.000     2210.210     2211.210     2190.210     2210.210
   385:       25.000     2175.000     2230.000     2165.000     2165.150
   390:       26.000     2257.000     2332.000     2282.000     2287.190
   395:       26.000     2302.190     2303.190     2282.190     2302.190
   400:       26.000     2267.000     2322.000     2257.000     2257.150
   405:       27.000     2347.000     2422.000     2372.000     2377.620
   410:       27.000     2392.620     2393.620     2372.620     2392.620
   415:       27.000     2357.000     2412.000     2347.000     2347.150
   420:       28.000     2438.000     2513.000     2463.000     2468.310
   425:       28.000     2483.310     2484.310     2463.310     2483.310
   430:       28.000     2448.000     2503.000     2438.000     2438.150
   435:       29.000     2526.000     2601.000     2551.000     2556.180
   440:       29.000     2571.180     2572.180     2551.180     2571.180
   445:       29.000     2536.000     2591.000     2526.000     2526.150
   450:       30.000     2614.000     2689.000     2639.000     2644.130
   455:       30.000     2659.130     2660.130     2639.130     2659.130
   460:       30.000     2624.000     2679.000     2614.000     2614.150
   465:       31.000     2705.000     2780.000     2730.000     2735.320
   470:       31.000     2750.320     2751.320     2730.320     2750.320
   475:       31.000     2715.000     2770.000     2705.000     2705.150
   480:       32.000     2796.000     2871.000     2821.000     2826.340
   485:       32.000     2841.340     2842.340     2821.340     2841.340
   490:       32.000     2806.000     2861.000     2796.000     2796.150
   495:       33.000     2888.000     2963.000     2913.000     2918.620
   500:       33.000     2933.620     2934.620     2913.620     2933.620
   505:       33.000     2898.000     2953.000     2888.000     2888.150
   510:       34.000     2977.000     3052.000     3002.000     3007.150
   515:       34.000     3022.150     3023.150     3002.150     3022.150
   520:       34.000     2987.000     3042.000     2977.000     2977.150
   525:       35.000     3062.000     3137.000     3087.000     3092.330
   530:       35.000     3107.330     3108.330     3087.330     3107.330
   535:       35.000     3072.000     3127.000     3062.000     3062.150
   540:       36.000     3153.000     3228.000     3178.000     3183.210
   545:       36.000     3198.210     3199.210     3178.210     3198.210
   550:       36.000     3163.000     3218.000     3153.000     3153.150
   555:       37.000     3244.000     3319.000     3269.000     3274.230
   560:       37.000     3289.230     3290.230     3269.230     3289.230
   565:       37.000     3254.000     3309.000     3244.000     3244.150
   570:       38.000     3332.000     3407.000     3357.000     3362.280
   575:       38.000     3377.280     3378.280     3357.280     3377.280
   580:       38.000     3342.000     3397.000     3332.000     3332.150
   585:       39.000     3418.000     3493.000     3443.000     3448.140
   590:       39.000     3463.140     3464.140     3443.140     3463.140
   595:       39.000     3428.000     3483.000     3418.000     3418.150
   600:       40.000     3507.000     3582.000     3532.000     3537.570
   605:       40.000     3552.570     3553.570     3532.570     3552.570
   610:       40.000     3517.000     3572.000     3507.000     3507.150
   615:       41.000     3597.000     3672.000     3622.000     3627.330
   620:       41.000     3642.330     3643.330     3622.330     3642.330
   625:       41.000     3607.000     3662.000     3597.000     3597.150
   630:       42.000     3689.000     3764.000     3714.000     3719.090
   635:       42.000     3734.090     3735.090     3714.090     3734.090
   640:       42.000     3699.000     3754.000     3689.000     3689.150
   645:       43.000     3778.000     3853.000     3803.000     3808.270
   650:       43.000     3823.270     3824.270     3803.270     3823.270
   655:       43.000     3788.000     3843.000     3778.000     3778.150
   660:       44.000     3865.000     3940.000     3890.000     3896.630
   665:       44.000     3911.630     3912.630     3891.630     3911.630
   670:       44.000     3875.000     3930.000     3865.000     3865.150
   675:       45.000     3954.000     4029.000     3979.000     3985.300
   680:       45.000     4000.300     4001.300     3980.300     4000.300
   685:       45.000     3964.000     4019.000     3954.000     3954.150
   690:       46.000     4044.000     4119.000     4069.000     4074.230
   695:       46.000     4089.230     4090.230     4069.230     4089.230
   700:       46.000     4054.000     4109.000     4044.000     4044.150
   705:       47.000     4135.000     4210.000     4160.000     4165.240
   710:       47.000     4180.240     4181.240     4160.240     4180.240
   715:       47.000     4145.000     4200.000     4135.000     4135.150
   720:       48.000     4224.000     4299.000     4249.000     4254.240
   725:       48.000     4269.240     4270.240     4249.240     4269.240
   730:       48.000     4234.000     4289.000     4224.000     4224.150
   735:       49.000     4314.000     4389.000     4339.000     4344.180
   740:       49.000     4359.180     4360.180     4339.180     4359.180
   745:       49.000     4324.000     4379.000     4314.000     4314.150
   750:       50.000     4405.000     4480.000     4430.000     4435.170
   755:       50.000     4450.170     4451.170     4430.170     4450.170
   760:       50.000     4415.000     4470.000     4405.000     4405.150
   765:       51.000     4496.000     4571.000     4521.000     4526.650
   770:       51.000     4541.650     4542.650     4521.650     4541.650
   775:       51.000     4506.000     4561.000     4496.000     4496.150
   780:       52.000     4585.000     4660.000     4610.000     4615.210
   785:       52.000     4630.210     4631.210     4610.210     4630.210
   790:       52.000     4595.000     4650.000     4585.000     4585.150
   795:       53.000     4674.000     4749.000     4699.000     4704.270
   800:       53.000     4719.270     4720.270     4699.270     4719.270
   805:       53.000     4684.000     4739.000     4674.000     4674.150
   810:       54.000     4761.000     4836.000     4786.000     4791.830
   815:       54.000     4806.830     4807.830     4786.830     4806.830
   820:       54.000     4771.000     4826.000     4761.000     4761.150
   825:       55.000     4849.000     4924.000     4874.000     4879.200
   830:       55.000     4894.200     4895.200     4874.200     4894.200
   835:       55.000     4859.000     4914.000     4849.000     4849.150
   840:       56.000     4938.000     5013.000     4963.000     4968.190
   845:       56.000     4983.190     4984.190     4963.190     4983.190
   850:       56.000     4948.000     5003.000     4938.000     4938.150
   855:       57.000     5031.000     5106.000     5056.000     5061.300
   860:       57.000     5076.300     5077.300     5056.300     5076.300
   865:       57.000     5041.000     5096.000     5031.000     5031.150
   870:       58.000     5122.000     5197.000     5147.000     5167.000
   875:       58.000        0.000        0.000        0.000        0.000
   880:       58.000     5132.000     5187.000     5122.000     5122.150
   885:       59.000     5212.000     5287.000     5237.000     5247.490
   890:       59.000     5262.490     5263.490     5242.490     5262.490
   895:       59.000     5222.000     5277.000     5212.000     5212.150
   900:       60.000     5304.000     5379.000     5329.000     5334.560
   905:       60.000     5349.560     5350.560     5329.560     5349.560
   910:       60.000     5314.000     5369.000     5304.000     5304.150
   915:       61.000     5394.000     5469.000     5419.000     5424.200
   920:       61.000     5439.200     5440.200     5419.200     5439.200
   925:       61.000     5404.000     5459.000     5394.000     5394.150
   930:       62.000     5488.000     5563.000     5513.000     5518.150
   935:       62.000     5533.150     5534.150     5513.150     5533.150
   940:       62.000     5498.000     5553.000     5488.000     5488.150
   945:       63.000     5577.000     5652.000     5602.000     5608.450
   950:       63.000     5623.450     5624.450     5603.450     5623.450
   955:       63.000     5587.000     5642.000     5577.000     5577.150
   960:       64.000     5669.000     5744.000     5694.000     5699.230
   965:       64.000     5714.230     5715.230     5694.230     5714.230
   970:       64.000     5679.000     5734.000     5669.000     5669.150
   975:       65.000     5760.000     5835.000     5785.000     5790.200
   980:       65.000     5805.200     5806.200     5785.200     5805.200
   985:       65.000     5770.000     5825.000     5760.000     5760.150
   990:       66.000     5847.000     5922.000     5872.000     5877.100
   995:       66.000     5892.100     5893.100     5872.100     5892.100
  1000:       66.000     5857.000     5912.000     5847.000     5847.150
  1005:       67.000     5937.000     6012.000     5962.000     5967.150
  1010:       67.000     5982.150     5983.150     5962.150     5982.150
  1015:       67.000     5947.000     6002.000     5937.000     5937.150
  1020:       68.000     6025.000     6100.000     6050.000     6055.250
  1025:       68.000     6070.250     6071.250     6050.250     6070.250
  1030:       68.000     6035.000     6090.000     6025.000     6025.150
  1035:       69.000     6114.000     6189.000     6139.000     6144.340
  1040:       69.000     6159.340     6160.340     6139.340     6159.340
  1045:       69.000     6124.000     6179.000     6114.000     6114.150
  1050:       70.000     6207.000     6282.000     6232.000     6237.300
  1055:       70.000     6252.300     6253.300     6232.300     6252.300
  1060:       70.000     6217.000     6272.000     6207.000     6207.150
  1065:       71.000     6299.000     6374.000     6324.000     6329.140
  1070:       71.000     6344.140     6345.140     6324.140     6344.140
  1075:       71.000     6309.000     6364.000     6299.000     6299.150
  1080:       72.000     6389.000     6464.000     6414.000     6419.120
  1085:       72.000     6434.120     6435.120     6414.120     6434.120
  1090:       72.000     6399.000     6454.000     6389.000     6389.150
  1095:       73.000     6480.000     6555.000     6505.000     6510.670
  1100:       73.000     6525.670     6526.670     6505.670     6525.670
  1105:       73.000     6490.000     6545.000     6480.000     6480.150
  1110:       74.000     6569.000     6644.000     6594.000     6599.220
  1115:       74.000     6614.220     6615.220     6594.220     6614.220
  1120:       74.000     6579.000     6634.000     6569.000     6569.150
  1125:       75.000     6659.000     6734.000     6684.000     6690.290
  1130:       75.000     6705.290     6706.290     6685.290     6705.290
  1135:       75.000     6669.000     6724.000     6659.000     6659.150
  1140:       76.000     6751.000     6826.000     6776.000     6781.440
  1145:       76.000     6796.440     6797.440     6776.440     6796.440
  1150:       76.000     6761.000     6816.000     6751.000     6751.150
  1155:       77.000     6842.000     6917.000     6867.000     6874.120
  1160:       77.000     6889.120     6890.120     6869.120     6889.120
  1165:       77.000     6852.000     6907.000     6842.000     6842.150
  1170:       78.000     6932.000     7007.000     6957.000     6964.230
  1175:       78.000     6979.230     6980.230     6959.230     6979.230
  1180:       78.000     6942.000     6997.000     6932.000     6932.150
  1185:       79.000     7023.000     7098.000     7048.000     7053.990
  1190:       79.000     7068.990     7069.990     7048.990     7068.990
  1195:       79.000     7033.000     7088.000     7023.000     7023.150
  1200:       80.000     7117.000     7192.000     7142.000     7148.450
  1205:       80.000     7163.450     7164.450     7143.450     7163.450
  1210:       80.000     7127.000     7182.000     7117.000     7117.150
  1215:       81.000     7208.000     7283.000     7233.000     7238.270
  1220:       81.000     7253.270     7254.270     7233.270     7253.270
  1225:       81.000     7218.000     7273.000     7208.000     7208.150
  1230:       82.000     7295.000     7370.000     7320.000     7328.470
  1235:       82.000     7343.470     7344.470     7323.470     7343.470
  1240:       82.000     7305.000     7360.000     7295.000     7295.150
  1245:       83.000     7387.000     7462.000     7412.000     7419.080
  1250:       83.000     7434.080     7435.080     7414.080     7434.080
  1255:       83.000     7397.000     7452.000     7387.000     7387.150
  1260:       84.000     7482.000     7557.000     7507.000     7514.610
  1265:       84.000     7529.610     7530.610     7509.610     7529.610
  1270:       84.000     7492.000     7547.000     7482.000     7482.150
  1275:       85.000     7575.000     7650.000     7600.000     7605.130
  1280:       85.000     7620.130     7621.130     7600.130     7620.130
  1285:       85.000     7585.000     7640.000     7575.000     7575.150
  1290:       86.000     7665.000     7740.000     7690.000     7695.250
  1295:       86.000     7710.250     7711.250     7690.250     7710.250
  1300:       86.000     7675.000     7730.000     7665.000     7665.150
  1305:       87.000     7753.000     7828.000     7778.000     7784.310
  1310:       87.000     7799.310     7800.310     7779.310     7799.310
  1315:       87.000     7763.000     7818.000     7753.000     7753.150
  1320:       88.000     7842.000     7917.000     7867.000     7872.230
  1325:       88.000     7887.230     7888.230     7867.230     7887.230
  1330:       88.000     7852.000     7907.000     7842.000     7842.150
  1335:       89.000     7931.000     8006.000     7956.000     7962.880
  1340:       89.000     7977.880     7978.880     7957.880     7977.880
  1345:       89.000     7941.000     7996.000     7931.000     7931.150
  1350:       90.000     8024.000     8099.000     8049.000     8055.520
  1355:       90.000     8070.520     8071.520     8050.520     8070.520
  1360:       90.000     8034.000     8089.000     8024.000     8024.150
  1365:       91.000     8110.000     8185.000     8135.000     8140.270
  1370:       91.000     8155.270     8156.270     8135.270     8155.270
  1375:       91.000     8120.000     8175.000     8110.000     8110.150
  1380:       92.000     8204.000     8279.000     8229.000     8234.280
  1385:       92.000     8249.280     8250.280     8229.280     8249.280
  1390:       92.000     8214.000     8269.000     8204.000     8204.150
  1395:       93.000     8295.000     8370.000     8320.000     8326.630
  1400:       93.000     8341.630     8342.630     8321.630     8341.630
  1405:       93.000     8305.000     8360.000     8295.000     8295.150
  1410:       94.000     8382.000     8457.000     8407.000     8412.220
  1415:       94.000     8427.220     8428.220     8407.220     8427.220
  1420:       94.000     8392.000     8447.000     8382.000     8382.150
  1425:       95.000     8474.000     8549.000     8499.000     8504.550
  1430:       95.000     8519.550     8520.550     8499.550     8519.550
  1435:       95.000     8484.000     8539.000     8474.000     8474.150
  1440:       96.000     8563.000     8638.000     8588.000     8593.180
  1445:       96.000     8608.180     8609.180     8588.180     8608.180
  1450:       96.000     8573.000     8628.000     8563.000     8563.150
  1455:       97.000     8653.000     8728.000     8678.000     8684.700
  1460:       97.000     8699.700     8700.700     8679.700     8699.700
  1465:       97.000     8663.000     8718.000     8653.000     8653.150
  1470:       98.000     8747.000     8822.000     8772.000     8777.210
  1475:       98.000     8792.210     8793.210     8772.210     8792.210
  1480:       98.000     8757.000     8812.000     8747.000     8747.150
  1485:       99.000     8838.000     8913.000     8863.000     8868.100
  1490:       99.000     8883.100     8884.100     8863.100     8883.100
  1495:       99.000     8848.000     8903.000     8838.000     8838.150
  1500:      100.000     8925.000     9000.000     8950.000     8957.850
  1505:      100.000     8972.850     8973.850     8952.850     8972.850
  1510:      100.000     8935.000     8990.000     8925.000     8925.150
F:
     0:      150.220      211.540      223.740      223.810      228.420
     5:      229.640      232.880      234.210      234.480      237.410
    10:      237.710      317.400      320.930      321.070      322.280
    15:      324.420      324.560      325.690      326.480      327.300
    20:      328.340      329.090      329.130      329.600      329.780
    25:      330.410      409.550      409.670      409.910      410.250
    30:      410.320      412.810      412.950      413.480      413.680
    35:      415.280      416.080      417.110      418.520      418.710
    40:      418.930      420.500      501.090      501.440      503.150
    45:      503.940      505.810      507.030      507.770      507.990
    50:      509.400      511.610      589.960      590.100      593.790
    55:      595.370      596.250      597.160      597.810      599.460
    60:      599.760      600.340      600.620      679.880      680.300
    65:      681.540      681.730      681.780      682.430      684.700
    70:      686.280      686.660      687.680      688.520      691.380
    75:      691.770      691.860      768.200      770.500      771.450
    80:      772.250      774.000      774.680      775.370      776.430
    85:      778.170      778.340      779.640      779.880      780.400
    90:      780.580      781.670      860.990      863.150      863.940
    95:      865.260      866.250      866.440      866.530      867.480
   100:      867.560      867.710      868.620      868.720      870.140
   105:      949.990      950.440      951.320      951.440      952.810
   110:      953.910      954.090      954.560      956.040      957.900
   115:      958.750      959.290     1028.380     1040.190     1041.340
   120:     1042.090     1042.740     1042.930     1043.290     1044.660
   125:     1045.400     1046.050     1046.360     1047.560     1049.440
   130:     1049.640     1126.790     1129.150     1129.850     1130.130
   135:     1133.230     1135.160     1135.310     1135.470     1136.670
   140:     1227.830     1228.660     1228.880     1230.730     1233.880
   145:     1234.090     1235.810     1237.750     1238.370     1239.070
   150:     1239.190     1239.970     1242.700     1242.800     1242.870
   155:     1243.540     1244.700     1245.690     1247.800     1247.900
   160:     1248.800     1249.190     1311.920     1312.870     1313.380
   165:     1313.910     1314.590     1314.750     1316.400     1316.430
   170:     1316.490     1316.620     1318.140     1322.110     1403.150
   175:     1408.000     1408.090     1412.170     1412.280     1414.630
   180:     1414.740     1492.120     1499.880     1582.910     1583.510
   185:     1583.820     1584.260     1584.470     1584.860     1586.020
   190:     1586.130     1586.330     1587.500     1587.750     1588.850
   195:     1588.920     1669.230     1670.390     1671.820     1672.020
   200:     1672.200     1672.600     1672.940     1675.370     1677.800
   205:     1758.340     1758.620     1760.920     1761.130     1761.180
   210:     1762.650     1764.000     1764.170     1764.410     1765.160
   215:     1765.350     1766.410     1843.250     1843.340     1844.440
   220:     1844.830     1848.520     1849.380     1849.420     1849.510
   225:     1851.120     1851.760     1852.530     1853.430     1855.150
   230:     1855.200     1855.240     1855.410     1856.690     1858.900
   235:     1933.340     1933.750     1936.950     1937.200     1939.300
   240:     1939.930     1940.400     1942.550     1942.640     1943.200
   245:     1943.640     1944.560     1946.390     2004.260     2004.660
   250:     2026.280     2029.980     2030.960     2109.800     2116.180
   255:     2121.470     2121.930     2122.060     2123.980     2202.120
   260:     2203.170     2203.240     2203.640     2205.450     2205.740
   265:     2206.380     2206.510     2206.740     2208.620     2208.680
   270:     2208.980     2209.670     2290.370     2290.770     2291.630
   275:     2292.320     2294.100     2294.210     2294.250     2295.360
   280:     2298.060     2298.190     2299.110     2300.470     2300.640
   285:     2302.260     2308.030     2381.210     2381.360     2382.060
   290:     2383.450     2384.840     2385.980     2386.190     2386.500
   295:     2389.910     2389.990     2390.390     2392.220     2392.230
   300:     2392.540     2392.670     2392.750     2473.810     2476.360
   305:     2476.710     2476.900     2480.070     2480.490     2482.530
   310:     2561.040     2561.090     2562.150     2562.700     2564.030
   315:     2565.910     2568.820     2569.370     2570.280     2571.490
   320:     2571.600     2647.140     2647.530     2648.670     2648.790
   325:     2651.020     2652.330     2653.240     2653.440     2655.200
   330:     2655.370     2659.180     2659.230     2738.540     2739.800
   335:     2739.900     2739.930     2742.810     2742.990     2743.000
   340:     2744.200     2746.980     2747.040     2748.560     2748.700
   345:     2749.630     2749.820     2750.170     2750.360     2750.700
   350:     2753.280     2753.650     2753.920     2754.160     2755.010
   355:     2755.180     2755.360     2757.290     2813.740     2820.750
   360:     2828.900     2829.820     2830.740     2830.880     2832.660
   365:     2833.110     2833.290     2835.220     2835.420     2836.380
   370:     2836.580     2837.170     2838.630     2840.110     2840.640
   375:     2840.720     2840.950     2841.800     2922.710     2922.850
   380:     2928.170     2928.310     2929.360     2930.640     2931.430
   385:     2931.590     2932.110     2933.300     2934.200     2934.340
   390:     3009.640     3010.680     3011.380     3011.480     3013.300
   395:     3013.950     3015.380     3017.120     3017.200     3019.070
   400:     3021.030     3021.060     3021.240     3021.580     3025.620
   405:     3094.450     3095.310     3096.200     3096.690     3097.800
   410:     3097.970     3099.060     3100.160     3100.340     3101.540
   415:     3101.680     3103.060     3103.200     3107.160     3107.440
   420:     3107.660     3111.090     3111.350     3186.050     3186.680
   425:     3187.370     3187.460     3187.580     3188.740     3190.630
   430:     3190.640     3190.890     3191.530     3191.660     3191.970
   435:     3192.740     3192.900     3194.640     3196.250     3198.070
   440:     3198.150     3198.200     3198.300     3200.410     3200.780
   445:     3200.860     3200.980     3201.050     3202.180     3275.680
   450:     3279.110     3279.770     3279.940     3281.700     3282.470
   455:     3282.480     3282.560     3282.590     3284.840     3285.230
   460:     3285.350     3286.290     3287.570     3287.860     3288.610
   465:     3288.850     3289.080     3289.880     3290.100     3292.400
   470:     3365.860     3367.350     3367.910     3367.920     3368.100
   475:     3368.950     3370.590     3370.670     3370.780     3370.970
   480:     3371.060     3371.350     3373.160     3373.430     3375.070
   485:     3375.450     3376.560     3376.820     3380.030     3380.160
   490:     3450.640     3450.980     3451.540     3452.160     3453.080
   495:     3454.250     3454.580     3454.870     3456.120     3456.250
   500:     3456.480     3457.410     3459.110     3459.380     3459.600
   505:     3460.720     3461.680     3461.770     3462.390     3463.060
   510:     3463.430     3466.910     3466.950     3469.060     3545.330
   515:     3545.370     3545.610     3547.380     3548.110     3550.020
   520:     3551.310     3551.990     3630.210     3631.460     3634.570
   525:     3634.960     3636.220     3636.430     3638.470     3638.570
   530:     3638.730     3639.530     3639.690     3639.860     3639.960
   535:     3643.050     3643.150     3724.770     3725.330     3725.470
   540:     3725.540     3726.500     3728.190     3729.680     3730.180
   545:     3730.570     3731.420     3732.940     3733.200     3814.760
   550:     3818.940     3819.010     3820.160     3820.400     3821.960
   555:     3823.420     3899.580     3902.420     3902.530     3902.670
   560:     3903.350     3905.640     3907.940     3910.150     3910.570
   565:     3910.630     3912.350     3912.430     3996.620     3997.330
   570:     3997.580     4000.980     4002.720     4082.340     4085.330
   575:     4085.390     4086.850     4087.050     4088.550     4088.630
   580:     4088.670     4088.790     4089.520     4098.310     4099.780
   585:     4171.980     4172.630     4172.730     4172.770     4174.600
   590:     4174.850     4175.390     4177.490     4178.520     4179.900
   595:     4180.060     4180.240     4180.710     4256.080     4257.140
   600:     4257.280     4257.650     4257.990     4258.480     4258.610
   605:     4260.840     4261.090     4262.390     4262.540     4264.790
   610:     4264.940     4266.730     4266.840     4266.920     4268.020
   615:     4268.390     4268.400     4268.470     4268.950     4269.240
   620:     4269.490     4352.230     4353.200     4354.470     4355.590
   625:     4358.340     4358.770     4358.960     4359.830     4446.980
   630:     4449.480     4449.990     4454.960     4541.250     4541.880
   635:     4622.790     4624.000     4624.220     4625.740     4626.440
   640:     4628.480     4628.620     4629.750     4706.720     4707.910
   645:     4709.980     4710.950     4713.380     4714.600     4715.030
   650:     4715.230     4718.740     4718.920     4719.230     4719.760
   655:     4799.110     4801.130     4801.230     4801.350     4801.890
   660:     4802.070     4802.280     4803.080     4803.120     4803.240
   665:     4803.880     4804.040     4804.540     4804.750     4807.180
   670:     4885.640     4885.920     4886.590     4886.910     4887.530
   675:     4887.660     4888.220     4888.260     4890.390     4890.480
   680:     4890.510     4891.500     4892.980     4894.410     4970.330
   685:     4972.610     4973.890     4976.360     4976.530     4978.590
   690:     4981.040     4981.080     4982.030     4983.780     4983.920
   695:     4986.230     5064.930     5066.580     5067.470     5067.820
   700:     5069.840     5069.940     5070.160     5071.470     5073.550
   705:     5073.900     5074.500     5074.730     5076.020     5077.080
   710:     5079.530     5079.610     5079.670     5081.280     5254.510
   715:     5256.390     5258.480     5260.180     5260.770     5262.740
   720:     5339.050     5341.330     5341.890     5341.960     5342.200
   725:     5342.400     5343.960     5344.060     5344.190     5347.960
   730:     5348.960     5431.010     5431.960     5432.990     5433.350
   735:     5434.860     5435.180     5436.150     5438.560     5439.030
   740:     5439.200     5523.060     5527.000     5527.160     5528.140
   745:     5529.380     5530.340     5531.110     5532.010     5532.230
   750:     5533.110     5533.300     5615.740     5616.990     5618.860
   755:     5618.990     5620.410     5621.050     5623.060     5706.360
   760:     5707.440     5709.480     5709.640     5710.240     5711.510
   765:     5711.560     5712.450     5713.040     5714.390     5797.360
   770:     5799.830     5800.950     5801.130     5803.280     5804.170
   775:     5804.960     5805.210     5805.270     5805.450     5883.720
   780:     5884.010     5886.660     5886.960     5887.910     5888.140
   785:     5890.000     5890.520     5890.820     5890.900     5891.610
   790:     5975.830     5977.540     5977.810     5979.070     5981.710
   795:     5981.900     5985.370     5985.460     5988.780     5988.890
   800:     5989.080     5989.820     5989.990     5990.380     5995.100
   805:     6066.050     6067.020     6069.280     6070.570     6154.100
   810:     6155.320     6155.710     6156.410     6157.850     6158.000
   815:     6159.530     6162.340     6162.470     6163.100     6163.610
   820:     6164.260     6165.420     6165.610     6166.530     6167.740
   825:     6167.900     6242.580     6242.950     6245.570     6245.700
   830:     6339.560     6344.310     6346.730     6347.000     6347.280
   835:     6349.860     6425.590     6428.350     6429.930     6430.280
   840:     6432.080     6433.300     6434.120     6434.370     6527.640
   845:     6529.450     6533.470     6615.190     6705.480     6707.940
   850:     6796.720     6806.260     6806.740     6890.440     6979.760
   855:     6981.940     7063.910     7069.750     7070.360     7073.110
   860:     7073.310     7080.620     7158.280     7163.280     7171.110
   865:     7171.300     7253.060     7333.280     7335.180     7335.810
   870:     7337.230     7339.010     7339.900     7341.960     7342.590
   875:     7343.140     7343.410     7346.170     7434.150     7521.160
   880:     7521.230     7529.930     7532.140     7532.790     7617.070
   885:     7617.770     7617.840     7618.690     7620.280     7701.680
   890:     7702.940     7703.790     7705.240     7705.260     7705.480
   895:     7707.020     7707.850     7708.800     7710.580     7710.780
   900:     7790.520     7798.710     7799.350     7799.780     7881.300
   905:     7882.140     7884.310     7884.630     7885.640     7885.660
   910:     7885.970     7886.620     7887.160     7887.760     7887.830
   915:     7887.860     7890.390     7890.560     7890.730     7970.360
   920:     7973.250     7975.920     7977.260     7977.790     8061.480
   925:     8061.630     8063.410     8066.600     8067.700     8067.710
   930:     8067.960     8069.450     8069.520     8069.800     8070.510
   935:     8146.770     8147.620     8148.300     8150.730     8155.410
   940:     8240.530     8241.470     8242.020     8243.140     8243.190
   945:     8243.220     8245.140     8246.580     8247.130     8247.870
   950:     8248.210     8249.960     8334.870     8342.140     8413.350
   955:     8419.120     8420.360     8420.530     8421.360     8421.840
   960:     8424.510     8424.660     8425.570     8426.810     8427.680
   965:     8488.440     8497.530     8505.550     8511.280     8513.150
   970:     8515.770     8516.860     8517.430     8518.240     8520.360
   975:     8520.450     8520.660     8522.390     8605.330     8606.580
   980:     8608.400     8610.270     8690.050     8691.450     8693.750
   985:     8694.770     8694.930     8697.510     8697.610     8697.690
   990:     8699.930     8702.930     8786.820     8790.780     8791.250
   995:     8791.300     8792.330     8792.690     8859.670     8879.470
  1000:     8883.540     8972.760
G:
     0:      179.810      182.190      186.920      369.050      741.140
     5:      742.210      744.500     2052.200     2052.300     5005.270
    10:     6286.510     6287.400     6293.420     6294.360     6294.620
    15:     6295.750     6295.770     6296.120     6296.670
H:
     0:      286.600
I:
K:
L:
     0:      129.360      131.270      132.430      134.170      217.210
     5:      219.090      221.100      310.320      400.300      400.710
    10:      400.940      401.760      491.150      580.530      580.840
    15:      581.770      672.230      672.610      676.460      676.900
    20:      761.390      761.870      849.810      850.500      850.960
    25:      939.160      941.030     1030.130     1030.280     1030.890
    30:     1032.780     1118.200     1210.280     1298.250     1391.280
    35:     1393.210     1479.220     1569.150     1569.680     1570.440
    40:     1571.290     1573.140     1657.210     1657.690     1746.780
    45:     1836.300     1836.540     1925.540     1926.060     1929.680
    50:     2010.340     2013.000     2015.340     2103.190     2103.480
    55:     2104.350     2190.210     2190.940     2192.580     2282.190
    60:     2372.620     2463.310     2551.180     2639.130     2730.320
    65:     2730.640     2821.340     2913.620     2913.830     2915.310
    70:     3002.150     3087.330     3087.880     3088.830     3178.210
    75:     3269.230     3269.400     3357.280     3443.140     3444.520
    80:     3532.570     3622.330     3622.460     3714.090     3718.370
    85:     3803.270     3891.630     3980.300     3983.100     4069.230
    90:     4071.040     4073.150     4160.240     4249.240     4339.180
    95:     4430.170     4430.960     4521.650     4523.330     4525.620
   100:     4610.210     4699.270     4786.830     4874.200     4963.190
   105:     5056.300     5242.490     5247.120     5329.560     5419.200
   110:     5420.510     5424.010     5513.150     5517.500     5603.450
   115:     5694.230     5785.200     5785.900     5788.840     5872.100
   120:     5876.280     5962.150     6050.250     6050.700     6055.000
   125:     6139.340     6232.300     6233.390     6234.430     6324.140
   130:     6414.120     6505.670     6594.220     6685.290     6685.830
   135:     6776.440     6869.120     6959.230     6962.500     7048.990
   140:     7051.310     7143.450     7144.090     7233.270     7233.610
   145:     7323.470     7414.080     7416.390     7509.610     7511.020
   150:     7600.130     7600.710     7601.260     7602.350     7690.250
   155:     7692.700     7693.840     7694.500     7779.310     7867.230
   160:     7869.380     7869.850     7957.880     7960.030     7961.400
   165:     8050.520     8135.270     8139.230     8229.280     8321.630
   170:     8324.510     8407.220     8412.050     8499.550     8588.180
   175:     8588.600     8679.700     8772.210     8772.700     8863.100
   180:     8952.850
M:
     0:       10.000       12.000       12.000       13.000       14.000
     5:       17.000       12.000       15.000       16.000       14.000
    10:       12.000       15.000       14.000       14.000       12.000
    15:       14.000       15.000       14.000       16.000       10.000
    20:       15.000       14.000       16.000       17.000       15.000
    25:       14.000       18.000       12.000       14.000       16.000
    30:       11.000       13.000       13.000       14.000       15.000
    35:       18.000       13.000       16.000       17.000       15.000
    40:       13.000       16.000       15.000       15.000       13.000
    45:       15.000       16.000       15.000       17.000       11.000
    50:       16.000       15.000       17.000       18.000       16.000
    55:       15.000       19.000       13.000       15.000       17.000
    60:       12.000       14.000       14.000       15.000       16.000
    65:       19.000       14.000       17.000       18.000       16.000
    70:       14.000       17.000       16.000       16.000       14.000
    75:       16.000       17.000       16.000       18.000       12.000
    80:       17.000       16.000       18.000       19.000       17.000
    85:       16.000       20.000       14.000       16.000       19.000
    90:       13.000       14.000       13.000       19.000       13.000
    95:       15.000       14.000       13.000       14.000
P:
     0:      149.360      149.860      150.360      237.210      237.710
     5:      238.210      330.320      330.820      331.320      420.300
    10:      420.800      421.300      511.150      511.650      512.150
    15:      600.530      601.030      601.530      692.230      692.730
    20:      693.230      781.390      781.890      782.390      869.810
    25:      870.310      870.810      959.160      959.660      960.160
    30:     1050.130     1050.630     1051.130     1138.200     1138.700
    35:     1139.200     1230.280     1230.780     1231.280     1318.250
    40:     1318.750     1319.250     1411.280     1411.780     1412.280
    45:     1499.220     1499.720     1500.220     1589.150     1589.650
    50:     1590.150     1677.210     1677.710     1678.210     1766.780
    55:     1767.280     1767.780     1856.300     1856.800     1857.300
    60:     1945.540     1946.040     1946.540     2030.340     2030.840
    65:     2031.340     2123.190     2123.690     2124.190     2210.210
    70:     2210.710     2211.210     2302.190     2302.690     2303.190
    75:     2392.620     2393.120     2393.620     2483.310     2483.810
    80:     2484.310     2571.180     2571.680     2572.180     2659.130
    85:     2659.630     2660.130     2750.320     2750.820     2751.320
    90:     2841.340     2841.840     2842.340     2933.620     2934.120
    95:     2934.620     3022.150     3022.650     3023.150     3107.330
   100:     3107.830     3108.330     3198.210     3198.710     3199.210
   105:     3289.230     3289.730     3290.230     3377.280     3377.780
   110:     3378.280     3463.140     3463.640     3464.140     3552.570
   115:     3553.070     3553.570     3642.330     3642.830     3643.330
   120:     3734.090     3734.590     3735.090     3823.270     3823.770
   125:     3824.270     3911.630     3912.130     3912.630     4000.300
   130:     4000.800     4001.300     4089.230     4089.730     4090.230
   135:     4180.240     4180.740     4181.240     4269.240     4269.740
   140:     4270.240     4359.180     4359.680     4360.180     4450.170
   145:     4450.670     4451.170     4541.650     4542.150     4542.650
   150:     4630.210     4630.710     4631.210     4719.270     4719.770
   155:     4720.270     4806.830     4807.330     4807.830     4894.200
   160:     4894.700     4895.200     4983.190     4983.690     4984.190
   165:     5076.300     5076.800     5077.300     5262.490     5262.990
   170:     5263.490     5349.560     5350.060     5350.560     5439.200
   175:     5439.700     5440.200     5533.150     5533.650     5534.150
   180:     5623.450     5623.950     5624.450     5714.230     5714.730
   185:     5715.230     5805.200     5805.700     5806.200     5892.100
   190:     5892.600     5893.100     5982.150     5982.650     5983.150
   195:     6070.250     6070.750     6071.250     6159.340     6159.840
   200:     6160.340     6252.300     6252.800     6253.300     6344.140
   205:     6344.640     6345.140     6434.120     6434.620     6435.120
   210:     6525.670     6526.170     6526.670     6614.220     6614.720
   215:     6615.220     6705.290     6705.790     6706.290     6796.440
   220:     6796.940     6797.440     6889.120     6889.620     6890.120
   225:     6979.230     6979.730     6980.230     7068.990     7069.490
   230:     7069.990     7163.450     7163.950     7164.450     7253.270
   235:     7253.770     7254.270     7343.470     7343.970     7344.470
   240:     7434.080     7434.580     7435.080     7529.610     7530.110
   245:     7530.610     7620.130     7620.630     7621.130     7710.250
   250:     7710.750     7711.250     7799.310     7799.810     7800.310
   255:     7887.230     7887.730     7888.230     7977.880     7978.380
   260:     7978.880     8070.520     8071.020     8071.520     8155.270
   265:     8155.770     8156.270     8249.280     8249.780     8250.280
   270:     8341.630     8342.130     8342.630     8427.220     8427.720
   275:     8428.220     8519.550     8520.050     8520.550     8608.180
   280:     8608.680     8609.180     8699.700     8700.200     8700.700
   285:     8792.210     8792.710     8793.210     8883.100     8883.600
   290:     8884.100     8972.850     8973.350     8973.850
R:
     0:      129.360      217.210      310.320      400.300      491.150
     5:      580.530      672.230      761.390      849.810      939.160
    10:     1030.130     1118.200     1210.280     1298.250     1391.280
    15:     1479.220     1569.150     1657.210     1746.780     1836.300
    20:     1925.540     2010.340     2103.190     2190.210     2282.190
    25:     2372.620     2463.310     2551.180     2639.130     2730.320
    30:     2821.340     2913.620     3002.150     3087.330     3178.210
    35:     3269.230     3357.280     3443.140     3532.570     3622.330
    40:     3714.090     3803.270     3891.630     3980.300     4069.230
    45:     4160.240     4249.240     4339.180     4430.170     4521.650
    50:     4610.210     4699.270     4786.830     4874.200     4963.190
    55:     5056.300     5242.490     5329.560     5419.200     5513.150
    60:     5603.450     5694.230     5785.200     5872.100     5962.150
    65:     6050.250     6139.340     6232.300     6324.140     6414.120
    70:     6505.670     6594.220     6685.290     6776.440     6869.120
    75:     6959.230     7048.990     7143.450     7233.270     7323.470
    80:     7414.080     7509.610     7600.130     7690.250     7779.310
    85:     7867.230     7957.880     8050.520     8135.270     8229.280
    90:     8321.630     8407.220     8499.550     8588.180     8679.700
    95:     8772.210     8863.100     8952.850
V:
W:
     0:        1.000        1.000        1.000        1.000        1.000
     5:        1.000        1.000        1.000        1.000        1.000
    10:        1.000        1.000        1.000        1.000        1.000
    15:        1.000        1.000        1.000        1.000        1.000
    20:        1.000        1.000        1.000        1.000        1.000
    25:        1.000        1.000        1.000        1.000        1.000
    30:        1.000        1.000        1.000        1.000        1.000
    35:        1.000        1.000        1.000        1.000        1.000
    40:        1.000        1.000        1.000        1.000        1.000
    45:        1.000        1.000        1.000        1.000        1.000
    50:        1.000        1.000        1.000        1.000        1.000
    55:        1.000        1.000        1.000        1.000        1.000
    60:        1.000        1.000        1.000        1.000        1.000
    65:        1.000        1.000        1.000        1.000        1.000
    70:        1.000        1.000        1.000        1.000        1.000
    75:        1.000        1.000        1.000        1.000        1.000
    80:        1.000        1.000        1.000        1.000        1.000
    85:        1.000        1.000        1.000        1.000        1.000
    90:        1.000        1.000        1.000        1.000        1.000
    95:        1.000        1.000        1.000        1.000        1.000
   100:        1.000        1.000        1.000        1.000        1.000
   105:        1.000        1.000        1.000        1.000        1.000
X:
     0:       15.000       15.150      104.000      104.150      191.000
     5:      191.150      285.000      285.150      375.000      375.150
    10:      466.000      466.150      555.000      555.150      647.000
    15:      647.150      736.000      736.150      824.000      824.150
    20:      914.000      914.150     1005.000     1005.150     1093.000
    25:     1093.150     1185.000     1185.150     1273.000     1273.150
    30:     1366.000     1366.150     1454.000     1454.150     1544.000
    35:     1544.150     1632.000     1632.150     1721.000     1721.150
    40:     1811.000     1811.150     1900.000     1900.150     1985.000
    45:     1985.150     2078.000     2078.150     2165.000     2165.150
    50:     2257.000     2257.150     2347.000     2347.150     2438.000
    55:     2438.150     2526.000     2526.150     2614.000     2614.150
    60:     2705.000     2705.150     2796.000     2796.150     2888.000
    65:     2888.150     2977.000     2977.150     3062.000     3062.150
    70:     3153.000     3153.150     3244.000     3244.150     3332.000
    75:     3332.150     3418.000     3418.150     3507.000     3507.150
    80:     3597.000     3597.150     3689.000     3689.150     3778.000
    85:     3778.150     3865.000     3865.150     3954.000     3954.150
    90:     4044.000     4044.150     4135.000     4135.150     4224.000
    95:     4224.150     4314.000     4314.150     4405.000     4405.150
   100:     4496.000     4496.150     4585.000     4585.150     4674.000
   105:     4674.150     4761.000     4761.150     4849.000     4849.150
   110:     4938.000     4938.150     5031.000     5031.150     5122.000
   115:     5122.150     5212.000     5212.150     5304.000     5304.150
   120:     5394.000     5394.150     5488.000     5488.150     5577.000
   125:     5577.150     5669.000     5669.150     5760.000     5760.150
   130:     5847.000     5847.150     5937.000     5937.150     6025.000
   135:     6025.150     6114.000     6114.150     6207.000     6207.150
   140:     6299.000     6299.150     6389.000     6389.150     6480.000
   145:     6480.150     6569.000     6569.150     6659.000     6659.150
   150:     6751.000     6751.150     6842.000     6842.150     6932.000
   155:     6932.150     7023.000     7023.150     7117.000     7117.150
   160:     7208.000     7208.150     7295.000     7295.150     7387.000
   165:     7387.150     7482.000     7482.150     7575.000     7575.150
   170:     7665.000     7665.150     7753.000     7753.150     7842.000
   175:     7842.150     7931.000     7931.150     8024.000     8024.150
   180:     8110.000     8110.150     8204.000     8204.150     8295.000
   185:     8295.150     8382.000     8382.150     8474.000     8474.150
   190:     8563.000     8563.150     8653.000     8653.150     8747.000
   195:     8747.150     8838.000     8838.150     8925.000     8925.150
Y:
Z:
     0:        0.000       98.000      181.000        0.000        1.000
     5:        0.000      294.000      200.000        0.000        0.000
    10:        0.000     1002.000       19.000        0.000        0.000
    15:        0.000
