File: C:\MED-PC IV\Data\Tarun\RM-B12_RM036\postBaseplate\R20\S03_R20_FR1_20s_100trials


Start Date: 06/19/17
End Date: 06/19/17
Subject: 20
Experiment: 0
Group: 0
Box: 4
Start Time:  9:42:29
End Time: 12:13:16
MSN: MiniScope_FR1-3p_100trials_05222017
A:       0.000
E:       0.000
J:     101.000
N:       0.000
O:       0.000
Q:       0.000
S:       0.000
T:    9019.000
U:       0.000
B:
     0:        0.000       10.000       10.000       15.000       20.000
     5:       20.000       20.000       10.000       19.000      100.000
    10:        1.000        3.000       15.000        0.010        1.000
    15:        0.000        0.000        5.000       20.000        5.000
C:
     0:      100.000      100.000      259.000        0.000        0.357
     5:        0.000      300.000      100.000        4.000        0.357
    10:        0.000     2026.000       50.000        0.000       15.020
    15:        1.000        1.000        3.000        0.000        0.590
    20:        1.000        3.000        1.000        0.000        0.590
    25:        1.000        9.000        0.000        0.000       15.000
    30:        2.000        1.000        5.000        0.000        0.230
    35:        2.000        3.000        1.000        0.000        0.230
    40:        2.000       14.000        3.000        0.000       15.000
    45:        3.000        1.000        3.000        0.000        1.140
    50:        3.000        3.000        1.000        0.000        1.140
    55:        3.000        8.000        0.000        0.000       14.000
    60:        4.000        1.000        1.000        0.000        0.970
    65:        4.000        3.000        1.000        0.000        0.970
    70:        4.000       14.000        0.000        0.000       12.000
    75:        5.000        1.000        3.000        0.000        0.890
    80:        5.000        3.000        1.000        0.000        0.890
    85:        5.000       13.000        0.000        0.000       12.000
    90:        6.000        1.000        2.000        0.000        2.040
    95:        6.000        3.000        1.000        0.000        2.040
   100:        6.000        1.000        0.000        0.000       17.000
   105:        7.000        1.000        3.000        0.000        0.260
   110:        7.000        3.000        1.000        0.000        0.260
   115:        7.000       24.000        0.000        0.000       16.000
   120:        8.000        1.000        2.000        0.000        0.220
   125:        8.000        3.000        1.000        0.000        0.220
   130:        8.000       16.000        0.000        0.000       12.000
   135:        9.000        1.000        2.000        0.000        0.280
   140:        9.000        3.000        1.000        0.000        0.280
   145:        9.000       22.000        0.000        0.000       18.000
   150:       10.000        1.000        2.000        0.000        0.350
   155:       10.000        3.000        1.000        0.000        0.350
   160:       10.000       24.000        0.000        0.000       19.000
   165:       11.000        1.000        2.000        0.000        0.270
   170:       11.000        3.000        1.000        0.000        0.270
   175:       11.000       29.000        2.000        0.000       17.000
   180:       12.000        1.000        2.000        0.000        0.220
   185:       12.000        3.000        1.000        0.000        0.220
   190:       12.000       23.000        0.000        0.000       16.000
   195:       13.000        1.000        2.000        0.000        0.750
   200:       13.000        3.000        1.000        0.000        0.750
   205:       13.000       18.000        0.000        0.000       16.000
   210:       14.000        1.000        1.000        0.000        0.720
   215:       14.000        3.000        1.000        0.000        0.720
   220:       14.000       26.000        0.000        0.000       13.000
   225:       15.000        1.000        2.000        0.000        0.230
   230:       15.000        3.000        1.000        0.000        0.230
   235:       15.000       22.000        0.000        0.000       17.000
   240:       16.000        1.000        1.000        0.000        0.380
   245:       16.000        3.000        1.000        0.000        0.380
   250:       16.000       21.000        1.000        0.000       15.000
   255:       17.000        1.000        2.000        0.000        0.730
   260:       17.000        3.000        1.000        0.000        0.730
   265:       17.000       17.000        5.000        0.000       14.000
   270:       18.000        1.000        2.000        0.000        0.260
   275:       18.000        3.000        1.000        0.000        0.260
   280:       18.000       10.000        0.000        0.000       11.000
   285:       19.000        1.000        1.000        0.000        0.200
   290:       19.000        3.000        1.000        0.000        0.200
   295:       19.000       24.000        1.000        0.000       16.000
   300:       20.000        1.000        5.000        0.000        0.190
   305:       20.000        3.000        1.000        0.000        0.190
   310:       20.000       22.000        1.000        0.000       16.000
   315:       21.000        1.000        2.000        0.000        0.330
   320:       21.000        3.000        1.000        0.000        0.330
   325:       21.000       21.000        0.000        0.000       14.000
   330:       22.000        1.000        1.000        0.000        0.360
   335:       22.000        3.000        1.000        0.000        0.360
   340:       22.000       25.000        0.000        0.000       18.000
   345:       23.000        1.000        3.000        0.000        0.240
   350:       23.000        3.000        1.000        0.000        0.240
   355:       23.000       20.000        6.000        0.000       16.000
   360:       24.000        1.000        2.000        0.000        0.260
   365:       24.000        3.000        1.000        0.000        0.260
   370:       24.000       20.000       11.000        0.000       19.000
   375:       25.000        1.000        3.000        0.000        0.300
   380:       25.000        3.000        1.000        0.000        0.300
   385:       25.000        9.000        0.000        0.000       14.000
   390:       26.000        1.000        1.000        0.000        0.390
   395:       26.000        3.000        1.000        0.000        0.390
   400:       26.000       21.000        0.000        0.000       15.000
   405:       27.000        1.000        1.000        0.000        0.230
   410:       27.000        3.000        1.000        0.000        0.230
   415:       27.000       22.000        0.000        0.000       13.000
   420:       28.000        1.000        3.000        0.000        0.150
   425:       28.000        3.000        1.000        0.000        0.150
   430:       28.000       17.000        0.000        0.000       15.000
   435:       29.000        1.000        3.000        0.000        0.370
   440:       29.000        3.000        1.000        0.000        0.370
   445:       29.000       22.000        0.000        0.000       18.000
   450:       30.000        1.000        2.000        0.000        0.220
   455:       30.000        3.000        1.000        0.000        0.220
   460:       30.000       14.000        1.000        0.000       14.000
   465:       31.000        1.000        1.000        0.000        0.200
   470:       31.000        3.000        1.000        0.000        0.200
   475:       31.000       28.000        1.000        0.000       15.000
   480:       32.000        1.000        2.000        0.000        0.230
   485:       32.000        3.000        1.000        0.000        0.230
   490:       32.000       15.000        0.000        0.000       20.000
   495:       33.000        1.000        3.000        0.000        0.240
   500:       33.000        3.000        1.000        0.000        0.240
   505:       33.000       16.000        0.000        0.000       14.000
   510:       34.000        1.000        3.000        0.000        0.320
   515:       34.000        3.000        1.000        0.000        0.320
   520:       34.000       14.000        0.000        0.000       16.000
   525:       35.000        1.000        1.000        0.000        0.140
   530:       35.000        3.000        1.000        0.000        0.140
   535:       35.000       25.000        0.000        0.000       13.000
   540:       36.000        1.000        2.000        0.000        0.200
   545:       36.000        3.000        1.000        0.000        0.200
   550:       36.000       15.000        0.000        0.000       16.000
   555:       37.000        1.000        2.000        0.000        0.260
   560:       37.000        3.000        1.000        0.000        0.260
   565:       37.000        4.000        1.000        0.000       13.000
   570:       38.000        1.000        4.000        0.000        1.610
   575:       38.000        3.000        1.000        0.000        1.610
   580:       38.000        7.000        0.000        0.000       14.000
   585:       39.000        1.000        4.000        0.000        0.210
   590:       39.000        3.000        1.000        0.000        0.210
   595:       39.000       13.000        0.000        0.000       13.000
   600:       40.000        1.000        3.000        0.000        0.170
   605:       40.000        3.000        1.000        0.000        0.170
   610:       40.000       16.000        0.000        0.000       15.000
   615:       41.000        1.000        4.000        0.000        0.230
   620:       41.000        3.000        1.000        0.000        0.230
   625:       41.000       18.000        0.000        0.000       14.000
   630:       42.000        1.000        2.000        0.000        0.270
   635:       42.000        3.000        1.000        0.000        0.270
   640:       42.000       20.000        0.000        0.000       13.000
   645:       43.000        1.000        2.000        0.000        0.290
   650:       43.000        3.000        1.000        0.000        0.290
   655:       43.000       15.000        0.000        0.000       14.000
   660:       44.000        1.000        5.000        0.000        0.250
   665:       44.000        3.000        1.000        0.000        0.250
   670:       44.000       17.000        0.000        0.000       15.000
   675:       45.000        1.000        4.000        0.000        0.270
   680:       45.000        3.000        1.000        0.000        0.270
   685:       45.000       23.000        0.000        0.000       19.000
   690:       46.000        1.000        1.000        0.000        0.330
   695:       46.000        3.000        1.000        0.000        0.330
   700:       46.000       26.000        1.000        0.000       16.000
   705:       47.000        1.000        4.000        0.000        0.270
   710:       47.000        3.000        1.000        0.000        0.270
   715:       47.000       19.000        0.000        0.000       17.000
   720:       48.000        1.000        1.000        0.000        0.340
   725:       48.000        3.000        1.000        0.000        0.340
   730:       48.000       31.000        1.000        0.000       16.000
   735:       49.000        1.000        1.000        0.000        0.270
   740:       49.000        3.000        1.000        0.000        0.270
   745:       49.000       23.000        3.000        0.000       16.000
   750:       50.000        1.000        3.000        0.000        0.260
   755:       50.000        3.000        1.000        0.000        0.260
   760:       50.000       27.000        2.000        0.000       15.000
   765:       51.000        1.000        1.000        0.000        0.130
   770:       51.000        3.000        1.000        0.000        0.130
   775:       51.000       22.000        0.000        0.000       12.000
   780:       52.000        1.000        4.000        0.000        0.210
   785:       52.000        3.000        1.000        0.000        0.210
   790:       52.000       19.000        0.000        0.000       14.000
   795:       53.000        1.000        1.000        0.000        0.240
   800:       53.000        3.000        1.000        0.000        0.240
   805:       53.000       26.000        1.000        0.000       14.000
   810:       54.000        1.000        1.000        0.000        0.290
   815:       54.000        3.000        1.000        0.000        0.290
   820:       54.000       28.000        0.000        0.000       11.000
   825:       55.000        1.000        2.000        0.000        0.380
   830:       55.000        3.000        1.000        0.000        0.380
   835:       55.000       23.000        1.000        0.000       19.000
   840:       56.000        1.000        6.000        0.000        0.370
   845:       56.000        3.000        1.000        0.000        0.370
   850:       56.000       32.000        0.000        0.000       17.000
   855:       57.000        1.000        4.000        0.000        0.260
   860:       57.000        3.000        1.000        0.000        0.260
   865:       57.000       32.000        0.000        0.000       14.000
   870:       58.000        1.000        1.000        0.000        0.340
   875:       58.000        3.000        1.000        0.000        0.340
   880:       58.000       32.000        0.000        0.000       14.000
   885:       59.000        1.000        3.000        0.000        0.600
   890:       59.000        3.000        1.000        0.000        0.600
   895:       59.000       22.000        0.000        0.000       16.000
   900:       60.000        1.000        4.000        0.000        0.250
   905:       60.000        3.000        1.000        0.000        0.250
   910:       60.000       38.000        1.000        0.000       10.000
   915:       61.000        1.000        5.000        0.000        0.280
   920:       61.000        3.000        1.000        0.000        0.280
   925:       61.000       29.000        0.000        0.000       16.000
   930:       62.000        1.000        4.000        0.000        0.740
   935:       62.000        3.000        1.000        0.000        0.740
   940:       62.000       21.000        0.000        0.000       14.000
   945:       63.000        1.000        1.000        0.000        0.290
   950:       63.000        3.000        1.000        0.000        0.290
   955:       63.000       33.000        1.000        0.000       13.000
   960:       64.000        1.000        6.000        0.000        0.450
   965:       64.000        3.000        1.000        0.000        0.450
   970:       64.000       29.000        0.000        0.000       19.000
   975:       65.000        1.000        5.000        0.000        0.290
   980:       65.000        3.000        1.000        0.000        0.290
   985:       65.000       24.000        2.000        0.000       18.000
   990:       66.000        1.000        4.000        0.000        0.280
   995:       66.000        3.000        1.000        0.000        0.280
  1000:       66.000       29.000        1.000        0.000       18.000
  1005:       67.000        1.000        1.000        0.000        0.260
  1010:       67.000        3.000        1.000        0.000        0.260
  1015:       67.000       23.000        0.000        0.000       16.000
  1020:       68.000        1.000        3.000        0.000        0.290
  1025:       68.000        3.000        1.000        0.000        0.290
  1030:       68.000       20.000        0.000        0.000       13.000
  1035:       69.000        1.000        5.000        0.000        0.160
  1040:       69.000        3.000        1.000        0.000        0.160
  1045:       69.000       19.000        1.000        0.000       14.000
  1050:       70.000        1.000        1.000        0.000        0.370
  1055:       70.000        3.000        1.000        0.000        0.370
  1060:       70.000       24.000        0.000        0.000       18.000
  1065:       71.000        1.000        2.000        0.000        0.270
  1070:       71.000        3.000        1.000        0.000        0.270
  1075:       71.000       17.000        0.000        0.000       13.000
  1080:       72.000        1.000        2.000        0.000        0.230
  1085:       72.000        3.000        1.000        0.000        0.230
  1090:       72.000       28.000        0.000        0.000       15.000
  1095:       73.000        1.000        3.000        0.000        0.290
  1100:       73.000        3.000        1.000        0.000        0.290
  1105:       73.000       25.000        0.000        0.000       14.000
  1110:       74.000        1.000        1.000        0.000        0.270
  1115:       74.000        3.000        1.000        0.000        0.270
  1120:       74.000       25.000        0.000        0.000       14.000
  1125:       75.000        1.000        1.000        0.000        0.440
  1130:       75.000        3.000        1.000        0.000        0.440
  1135:       75.000       27.000        0.000        0.000       10.000
  1140:       76.000        1.000        2.000        0.000        0.320
  1145:       76.000        3.000        1.000        4.000        0.320
  1150:       76.000       28.000        0.000        0.000       16.000
  1155:       77.000        1.000        1.000        0.000        0.300
  1160:       77.000        3.000        1.000        0.000        0.300
  1165:       77.000       10.000        0.000        0.000       12.000
  1170:       78.000        1.000        3.000        0.000        0.300
  1175:       78.000        3.000        1.000        0.000        0.300
  1180:       78.000       21.000        0.000        0.000       12.000
  1185:       79.000        1.000        4.000        0.000        0.360
  1190:       79.000        3.000        1.000        0.000        0.360
  1195:       79.000        9.000        0.000        0.000       15.000
  1200:       80.000        1.000        3.000        0.000        0.280
  1205:       80.000        3.000        1.000        0.000        0.280
  1210:       80.000       16.000        1.000        0.000       15.000
  1215:       81.000        1.000        2.000        0.000        0.260
  1220:       81.000        3.000        1.000        0.000        0.260
  1225:       81.000        9.000        0.000        0.000       13.000
  1230:       82.000        1.000        1.000        0.000        0.250
  1235:       82.000        3.000        1.000        0.000        0.250
  1240:       82.000       18.000        0.000        0.000       17.000
  1245:       83.000        1.000        4.000        0.000        0.360
  1250:       83.000        3.000        1.000        0.000        0.360
  1255:       83.000       27.000        0.000        0.000       16.000
  1260:       84.000        1.000        2.000        0.000        0.310
  1265:       84.000        3.000        1.000        0.000        0.310
  1270:       84.000       24.000        0.000        0.000       12.000
  1275:       85.000        1.000        6.000        0.000        0.330
  1280:       85.000        3.000        1.000        0.000        0.330
  1285:       85.000       29.000        0.000        0.000       17.000
  1290:       86.000        1.000        1.000        0.000        0.200
  1295:       86.000        3.000        1.000        0.000        0.200
  1300:       86.000       18.000        0.000        0.000       15.000
  1305:       87.000        1.000        1.000        0.000        0.240
  1310:       87.000        3.000        1.000        0.000        0.240
  1315:       87.000       13.000        0.000        0.000       17.000
  1320:       88.000        1.000        2.000        0.000        0.250
  1325:       88.000        3.000        1.000        0.000        0.250
  1330:       88.000        3.000        0.000        0.000       13.000
  1335:       89.000        1.000        1.000        0.000        0.250
  1340:       89.000        3.000        1.000        0.000        0.250
  1345:       89.000       22.000        0.000        0.000       16.000
  1350:       90.000        1.000        2.000        0.000        0.270
  1355:       90.000        3.000        1.000        0.000        0.270
  1360:       90.000       18.000        0.000        0.000       17.000
  1365:       91.000        1.000        5.000        0.000        0.330
  1370:       91.000        3.000        1.000        0.000        0.330
  1375:       91.000       15.000        0.000        0.000       14.000
  1380:       92.000        1.000        1.000        0.000        0.370
  1385:       92.000        3.000        1.000        0.000        0.370
  1390:       92.000       13.000        0.000        0.000       17.000
  1395:       93.000        1.000        2.000        0.000        0.170
  1400:       93.000        3.000        1.000        0.000        0.170
  1405:       93.000       30.000        0.000        0.000       14.000
  1410:       94.000        1.000        3.000        0.000        0.580
  1415:       94.000        3.000        1.000        0.000        0.580
  1420:       94.000        3.000        0.000        0.000       12.000
  1425:       95.000        1.000        2.000        0.000        0.290
  1430:       95.000        3.000        1.000        0.000        0.290
  1435:       95.000       26.000        0.000        0.000       15.000
  1440:       96.000        1.000        3.000        0.000        0.360
  1445:       96.000        3.000        1.000        0.000        0.360
  1450:       96.000       18.000        0.000        0.000       16.000
  1455:       97.000        1.000        7.000        0.000        0.230
  1460:       97.000        3.000        1.000        0.000        0.230
  1465:       97.000       15.000        0.000        0.000       17.000
  1470:       98.000        1.000        5.000        0.000        0.360
  1475:       98.000        3.000        1.000        0.000        0.360
  1480:       98.000       22.000        0.000        0.000       15.000
  1485:       99.000        1.000        3.000        0.000        0.260
  1490:       99.000        3.000        1.000        0.000        0.260
  1495:       99.000       33.000        1.000        0.000       15.000
  1500:      100.000        1.000        3.000        0.000        0.310
  1505:      100.000        3.000        1.000        0.000        0.310
  1510:      100.000       19.000        0.000        0.000       19.000
D:
     0:        0.000        0.000        0.000        0.000        0.000
     5:        0.000        0.000        0.000        0.000        0.000
    10:        0.000        0.000        0.000        0.000        0.000
    15:        1.000       15.000       90.000       40.000       45.590
    20:        1.000       60.590       61.590       40.590       60.590
    25:        1.000       25.000       80.000       15.000       15.150
    30:        2.000      105.000      180.000      130.000      135.230
    35:        2.000      150.230      151.230      130.230      150.230
    40:        2.000      115.000      170.000      105.000      105.150
    45:        3.000      195.000      270.000      220.000      226.140
    50:        3.000      241.140      242.140      221.140      241.140
    55:        3.000      205.000      260.000      195.000      195.150
    60:        4.000      284.000      359.000      309.000      314.970
    65:        4.000      329.970      330.970      309.970      329.970
    70:        4.000      294.000      349.000      284.000      284.150
    75:        5.000      371.000      446.000      396.000      401.890
    80:        5.000      416.890      417.890      396.890      416.890
    85:        5.000      381.000      436.000      371.000      371.150
    90:        6.000      458.000      533.000      483.000      490.040
    95:        6.000      505.040      506.040      485.040      505.040
   100:        6.000      468.000      523.000      458.000      458.150
   105:        7.000      550.000      625.000      575.000      580.260
   110:        7.000      595.260      596.260      575.260      595.260
   115:        7.000      560.000      615.000      550.000      550.150
   120:        8.000      641.000      716.000      666.000      671.220
   125:        8.000      686.220      687.220      666.220      686.220
   130:        8.000      651.000      706.000      641.000      641.150
   135:        9.000      728.000      803.000      753.000      758.280
   140:        9.000      773.280      774.280      753.280      773.280
   145:        9.000      738.000      793.000      728.000      728.150
   150:       10.000      821.000      896.000      846.000      851.350
   155:       10.000      866.350      867.350      846.350      866.350
   160:       10.000      831.000      886.000      821.000      821.150
   165:       11.000      915.000      990.000      940.000      945.270
   170:       11.000      960.270      961.270      940.270      960.270
   175:       11.000      925.000      980.000      915.000      915.150
   180:       12.000     1007.000     1082.000     1032.000     1037.220
   185:       12.000     1052.220     1053.220     1032.220     1052.220
   190:       12.000     1017.000     1072.000     1007.000     1007.150
   195:       13.000     1098.000     1173.000     1123.000     1128.750
   200:       13.000     1143.750     1144.750     1123.750     1143.750
   205:       13.000     1108.000     1163.000     1098.000     1098.150
   210:       14.000     1189.000     1264.000     1214.000     1219.720
   215:       14.000     1234.720     1235.720     1214.720     1234.720
   220:       14.000     1199.000     1254.000     1189.000     1189.150
   225:       15.000     1277.000     1352.000     1302.000     1307.230
   230:       15.000     1322.230     1323.230     1302.230     1322.230
   235:       15.000     1287.000     1342.000     1277.000     1277.150
   240:       16.000     1369.000     1444.000     1394.000     1399.380
   245:       16.000     1414.380     1415.380     1394.380     1414.380
   250:       16.000     1379.000     1434.000     1369.000     1369.150
   255:       17.000     1459.000     1534.000     1484.000     1489.730
   260:       17.000     1504.730     1505.730     1484.730     1504.730
   265:       17.000     1469.000     1524.000     1459.000     1459.150
   270:       18.000     1548.000     1623.000     1573.000     1578.260
   275:       18.000     1593.260     1594.260     1573.260     1593.260
   280:       18.000     1558.000     1613.000     1548.000     1548.150
   285:       19.000     1634.000     1709.000     1659.000     1664.200
   290:       19.000     1679.200     1680.200     1659.200     1679.200
   295:       19.000     1644.000     1699.000     1634.000     1634.150
   300:       20.000     1725.000     1800.000     1750.000     1755.190
   305:       20.000     1770.190     1771.190     1750.190     1770.190
   310:       20.000     1735.000     1790.000     1725.000     1725.150
   315:       21.000     1816.000     1891.000     1841.000     1846.330
   320:       21.000     1861.330     1862.330     1841.330     1861.330
   325:       21.000     1826.000     1881.000     1816.000     1816.150
   330:       22.000     1905.000     1980.000     1930.000     1935.360
   335:       22.000     1950.360     1951.360     1930.360     1950.360
   340:       22.000     1915.000     1970.000     1905.000     1905.150
   345:       23.000     1998.000     2073.000     2023.000     2028.240
   350:       23.000     2043.240     2044.240     2023.240     2043.240
   355:       23.000     2008.000     2063.000     1998.000     1998.150
   360:       24.000     2089.000     2164.000     2114.000     2119.260
   365:       24.000     2134.260     2135.260     2114.260     2134.260
   370:       24.000     2099.000     2154.000     2089.000     2089.150
   375:       25.000     2183.000     2258.000     2208.000     2213.300
   380:       25.000     2228.300     2229.300     2208.300     2228.300
   385:       25.000     2193.000     2248.000     2183.000     2183.150
   390:       26.000     2272.000     2347.000     2297.000     2302.390
   395:       26.000     2317.390     2318.390     2297.390     2317.390
   400:       26.000     2282.000     2337.000     2272.000     2272.150
   405:       27.000     2362.000     2437.000     2387.000     2392.230
   410:       27.000     2407.230     2408.230     2387.230     2407.230
   415:       27.000     2372.000     2427.000     2362.000     2362.150
   420:       28.000     2450.000     2525.000     2475.000     2480.150
   425:       28.000     2495.150     2496.150     2475.150     2495.150
   430:       28.000     2460.000     2515.000     2450.000     2450.150
   435:       29.000     2540.000     2615.000     2565.000     2570.370
   440:       29.000     2585.370     2586.370     2565.370     2585.370
   445:       29.000     2550.000     2605.000     2540.000     2540.150
   450:       30.000     2633.000     2708.000     2658.000     2663.220
   455:       30.000     2678.220     2679.220     2658.220     2678.220
   460:       30.000     2643.000     2698.000     2633.000     2633.150
   465:       31.000     2722.000     2797.000     2747.000     2752.200
   470:       31.000     2767.200     2768.200     2747.200     2767.200
   475:       31.000     2732.000     2787.000     2722.000     2722.150
   480:       32.000     2812.000     2887.000     2837.000     2842.230
   485:       32.000     2857.230     2858.230     2837.230     2857.230
   490:       32.000     2822.000     2877.000     2812.000     2812.150
   495:       33.000     2907.000     2982.000     2932.000     2937.240
   500:       33.000     2952.240     2953.240     2932.240     2952.240
   505:       33.000     2917.000     2972.000     2907.000     2907.150
   510:       34.000     2996.000     3071.000     3021.000     3026.320
   515:       34.000     3041.320     3042.320     3021.320     3041.320
   520:       34.000     3006.000     3061.000     2996.000     2996.150
   525:       35.000     3087.000     3162.000     3112.000     3117.140
   530:       35.000     3132.140     3133.140     3112.140     3132.140
   535:       35.000     3097.000     3152.000     3087.000     3087.150
   540:       36.000     3175.000     3250.000     3200.000     3205.200
   545:       36.000     3220.200     3221.200     3200.200     3220.200
   550:       36.000     3185.000     3240.000     3175.000     3175.150
   555:       37.000     3266.000     3341.000     3291.000     3296.260
   560:       37.000     3311.260     3312.260     3291.260     3311.260
   565:       37.000     3276.000     3331.000     3266.000     3266.150
   570:       38.000     3354.000     3429.000     3379.000     3385.610
   575:       38.000     3400.610     3401.610     3380.610     3400.610
   580:       38.000     3364.000     3419.000     3354.000     3354.150
   585:       39.000     3443.000     3518.000     3468.000     3473.210
   590:       39.000     3488.210     3489.210     3468.210     3488.210
   595:       39.000     3453.000     3508.000     3443.000     3443.150
   600:       40.000     3531.000     3606.000     3556.000     3561.170
   605:       40.000     3576.170     3577.170     3556.170     3576.170
   610:       40.000     3541.000     3596.000     3531.000     3531.150
   615:       41.000     3621.000     3696.000     3646.000     3651.230
   620:       41.000     3666.230     3667.230     3646.230     3666.230
   625:       41.000     3631.000     3686.000     3621.000     3621.150
   630:       42.000     3710.000     3785.000     3735.000     3740.270
   635:       42.000     3755.270     3756.270     3735.270     3755.270
   640:       42.000     3720.000     3775.000     3710.000     3710.150
   645:       43.000     3798.000     3873.000     3823.000     3828.290
   650:       43.000     3843.290     3844.290     3823.290     3843.290
   655:       43.000     3808.000     3863.000     3798.000     3798.150
   660:       44.000     3887.000     3962.000     3912.000     3917.250
   665:       44.000     3932.250     3933.250     3912.250     3932.250
   670:       44.000     3897.000     3952.000     3887.000     3887.150
   675:       45.000     3977.000     4052.000     4002.000     4007.270
   680:       45.000     4022.270     4023.270     4002.270     4022.270
   685:       45.000     3987.000     4042.000     3977.000     3977.150
   690:       46.000     4071.000     4146.000     4096.000     4101.330
   695:       46.000     4116.330     4117.330     4096.330     4116.330
   700:       46.000     4081.000     4136.000     4071.000     4071.150
   705:       47.000     4162.000     4237.000     4187.000     4192.270
   710:       47.000     4207.270     4208.270     4187.270     4207.270
   715:       47.000     4172.000     4227.000     4162.000     4162.150
   720:       48.000     4254.000     4329.000     4279.000     4284.340
   725:       48.000     4299.340     4300.340     4279.340     4299.340
   730:       48.000     4264.000     4319.000     4254.000     4254.150
   735:       49.000     4345.000     4420.000     4370.000     4375.270
   740:       49.000     4390.270     4391.270     4370.270     4390.270
   745:       49.000     4355.000     4410.000     4345.000     4345.150
   750:       50.000     4436.000     4511.000     4461.000     4466.260
   755:       50.000     4481.260     4482.260     4461.260     4481.260
   760:       50.000     4446.000     4501.000     4436.000     4436.150
   765:       51.000     4526.000     4601.000     4551.000     4556.130
   770:       51.000     4571.130     4572.130     4551.130     4571.130
   775:       51.000     4536.000     4591.000     4526.000     4526.150
   780:       52.000     4613.000     4688.000     4638.000     4643.210
   785:       52.000     4658.210     4659.210     4638.210     4658.210
   790:       52.000     4623.000     4678.000     4613.000     4613.150
   795:       53.000     4702.000     4777.000     4727.000     4732.240
   800:       53.000     4747.240     4748.240     4727.240     4747.240
   805:       53.000     4712.000     4767.000     4702.000     4702.150
   810:       54.000     4791.000     4866.000     4816.000     4821.290
   815:       54.000     4836.290     4837.290     4816.290     4836.290
   820:       54.000     4801.000     4856.000     4791.000     4791.150
   825:       55.000     4877.000     4952.000     4902.000     4907.380
   830:       55.000     4922.380     4923.380     4902.380     4922.380
   835:       55.000     4887.000     4942.000     4877.000     4877.150
   840:       56.000     4971.000     5046.000     4996.000     5001.370
   845:       56.000     5016.370     5017.370     4996.370     5016.370
   850:       56.000     4981.000     5036.000     4971.000     4971.150
   855:       57.000     5063.000     5138.000     5088.000     5093.260
   860:       57.000     5108.260     5109.260     5088.260     5108.260
   865:       57.000     5073.000     5128.000     5063.000     5063.150
   870:       58.000     5152.000     5227.000     5177.000     5182.340
   875:       58.000     5197.340     5198.340     5177.340     5197.340
   880:       58.000     5162.000     5217.000     5152.000     5152.150
   885:       59.000     5241.000     5316.000     5266.000     5271.600
   890:       59.000     5286.600     5287.600     5266.600     5286.600
   895:       59.000     5251.000     5306.000     5241.000     5241.150
   900:       60.000     5332.000     5407.000     5357.000     5362.250
   905:       60.000     5377.250     5378.250     5357.250     5377.250
   910:       60.000     5342.000     5397.000     5332.000     5332.150
   915:       61.000     5417.000     5492.000     5442.000     5447.280
   920:       61.000     5462.280     5463.280     5442.280     5462.280
   925:       61.000     5427.000     5482.000     5417.000     5417.150
   930:       62.000     5508.000     5583.000     5533.000     5538.740
   935:       62.000     5553.740     5554.740     5533.740     5553.740
   940:       62.000     5518.000     5573.000     5508.000     5508.150
   945:       63.000     5597.000     5672.000     5622.000     5627.290
   950:       63.000     5642.290     5643.290     5622.290     5642.290
   955:       63.000     5607.000     5662.000     5597.000     5597.150
   960:       64.000     5685.000     5760.000     5710.000     5715.450
   965:       64.000     5730.450     5731.450     5710.450     5730.450
   970:       64.000     5695.000     5750.000     5685.000     5685.150
   975:       65.000     5779.000     5854.000     5804.000     5809.290
   980:       65.000     5824.290     5825.290     5804.290     5824.290
   985:       65.000     5789.000     5844.000     5779.000     5779.150
   990:       66.000     5872.000     5947.000     5897.000     5902.280
   995:       66.000     5917.280     5918.280     5897.280     5917.280
  1000:       66.000     5882.000     5937.000     5872.000     5872.150
  1005:       67.000     5965.000     6040.000     5990.000     5995.260
  1010:       67.000     6010.260     6011.260     5990.260     6010.260
  1015:       67.000     5975.000     6030.000     5965.000     5965.150
  1020:       68.000     6056.000     6131.000     6081.000     6086.290
  1025:       68.000     6101.290     6102.290     6081.290     6101.290
  1030:       68.000     6066.000     6121.000     6056.000     6056.150
  1035:       69.000     6144.000     6219.000     6169.000     6174.160
  1040:       69.000     6189.160     6190.160     6169.160     6189.160
  1045:       69.000     6154.000     6209.000     6144.000     6144.150
  1050:       70.000     6233.000     6308.000     6258.000     6263.370
  1055:       70.000     6278.370     6279.370     6258.370     6278.370
  1060:       70.000     6243.000     6298.000     6233.000     6233.150
  1065:       71.000     6326.000     6401.000     6351.000     6356.270
  1070:       71.000     6371.270     6372.270     6351.270     6371.270
  1075:       71.000     6336.000     6391.000     6326.000     6326.150
  1080:       72.000     6414.000     6489.000     6439.000     6444.230
  1085:       72.000     6459.230     6460.230     6439.230     6459.230
  1090:       72.000     6424.000     6479.000     6414.000     6414.150
  1095:       73.000     6504.000     6579.000     6529.000     6534.290
  1100:       73.000     6549.290     6550.290     6529.290     6549.290
  1105:       73.000     6514.000     6569.000     6504.000     6504.150
  1110:       74.000     6593.000     6668.000     6618.000     6623.270
  1115:       74.000     6638.270     6639.270     6618.270     6638.270
  1120:       74.000     6603.000     6658.000     6593.000     6593.150
  1125:       75.000     6682.000     6757.000     6707.000     6712.440
  1130:       75.000     6727.440     6728.440     6707.440     6727.440
  1135:       75.000     6692.000     6747.000     6682.000     6682.150
  1140:       76.000     6767.000     6842.000     6792.000     6797.320
  1145:       76.000     6812.320     6813.320     6792.320     6812.320
  1150:       76.000     6777.000     6832.000     6767.000     6767.150
  1155:       77.000     6858.000     6933.000     6883.000     6888.300
  1160:       77.000     6903.300     6904.300     6883.300     6903.300
  1165:       77.000     6868.000     6923.000     6858.000     6858.150
  1170:       78.000     6945.000     7020.000     6970.000     6975.300
  1175:       78.000     6990.300     6991.300     6970.300     6990.300
  1180:       78.000     6955.000     7010.000     6945.000     6945.150
  1185:       79.000     7032.000     7107.000     7057.000     7062.360
  1190:       79.000     7077.360     7078.360     7057.360     7077.360
  1195:       79.000     7042.000     7097.000     7032.000     7032.150
  1200:       80.000     7122.000     7197.000     7147.000     7152.280
  1205:       80.000     7167.280     7168.280     7147.280     7167.280
  1210:       80.000     7132.000     7187.000     7122.000     7122.150
  1215:       81.000     7212.000     7287.000     7237.000     7242.260
  1220:       81.000     7257.260     7258.260     7237.260     7257.260
  1225:       81.000     7222.000     7277.000     7212.000     7212.150
  1230:       82.000     7300.000     7375.000     7325.000     7330.250
  1235:       82.000     7345.250     7346.250     7325.250     7345.250
  1240:       82.000     7310.000     7365.000     7300.000     7300.150
  1245:       83.000     7392.000     7467.000     7417.000     7422.360
  1250:       83.000     7437.360     7438.360     7417.360     7437.360
  1255:       83.000     7402.000     7457.000     7392.000     7392.150
  1260:       84.000     7483.000     7558.000     7508.000     7513.310
  1265:       84.000     7528.310     7529.310     7508.310     7528.310
  1270:       84.000     7493.000     7548.000     7483.000     7483.150
  1275:       85.000     7570.000     7645.000     7595.000     7600.330
  1280:       85.000     7615.330     7616.330     7595.330     7615.330
  1285:       85.000     7580.000     7635.000     7570.000     7570.150
  1290:       86.000     7662.000     7737.000     7687.000     7692.200
  1295:       86.000     7707.200     7708.200     7687.200     7707.200
  1300:       86.000     7672.000     7727.000     7662.000     7662.150
  1305:       87.000     7752.000     7827.000     7777.000     7782.240
  1310:       87.000     7797.240     7798.240     7777.240     7797.240
  1315:       87.000     7762.000     7817.000     7752.000     7752.150
  1320:       88.000     7844.000     7919.000     7869.000     7874.250
  1325:       88.000     7889.250     7890.250     7869.250     7889.250
  1330:       88.000     7854.000     7909.000     7844.000     7844.150
  1335:       89.000     7932.000     8007.000     7957.000     7962.250
  1340:       89.000     7977.250     7978.250     7957.250     7977.250
  1345:       89.000     7942.000     7997.000     7932.000     7932.150
  1350:       90.000     8023.000     8098.000     8048.000     8053.270
  1355:       90.000     8068.270     8069.270     8048.270     8068.270
  1360:       90.000     8033.000     8088.000     8023.000     8023.150
  1365:       91.000     8115.000     8190.000     8140.000     8145.330
  1370:       91.000     8160.330     8161.330     8140.330     8160.330
  1375:       91.000     8125.000     8180.000     8115.000     8115.150
  1380:       92.000     8204.000     8279.000     8229.000     8234.370
  1385:       92.000     8249.370     8250.370     8229.370     8249.370
  1390:       92.000     8214.000     8269.000     8204.000     8204.150
  1395:       93.000     8296.000     8371.000     8321.000     8326.170
  1400:       93.000     8341.170     8342.170     8321.170     8341.170
  1405:       93.000     8306.000     8361.000     8296.000     8296.150
  1410:       94.000     8385.000     8460.000     8410.000     8415.580
  1415:       94.000     8430.580     8431.580     8410.580     8430.580
  1420:       94.000     8395.000     8450.000     8385.000     8385.150
  1425:       95.000     8472.000     8547.000     8497.000     8502.290
  1430:       95.000     8517.290     8518.290     8497.290     8517.290
  1435:       95.000     8482.000     8537.000     8472.000     8472.150
  1440:       96.000     8562.000     8637.000     8587.000     8592.360
  1445:       96.000     8607.360     8608.360     8587.360     8607.360
  1450:       96.000     8572.000     8627.000     8562.000     8562.150
  1455:       97.000     8653.000     8728.000     8678.000     8683.230
  1460:       97.000     8698.230     8699.230     8678.230     8698.230
  1465:       97.000     8663.000     8718.000     8653.000     8653.150
  1470:       98.000     8745.000     8820.000     8770.000     8775.360
  1475:       98.000     8790.360     8791.360     8770.360     8790.360
  1480:       98.000     8755.000     8810.000     8745.000     8745.150
  1485:       99.000     8835.000     8910.000     8860.000     8865.260
  1490:       99.000     8880.260     8881.260     8860.260     8880.260
  1495:       99.000     8845.000     8900.000     8835.000     8835.150
  1500:      100.000     8925.000     9000.000     8950.000     8955.310
  1505:      100.000     8970.310     8971.310     8950.310     8970.310
  1510:      100.000     8935.000     8990.000     8925.000     8925.150
F:
     0:       52.330       54.870       55.660       56.440       56.480
     5:       57.440       58.550       61.080       63.620      139.400
    10:      139.910      141.640      144.970      145.070      146.020
    15:      146.990      148.780      149.230      152.900      153.180
    20:      155.280      156.080      156.410      234.460      234.980
    25:      235.750      237.310      237.840      239.100      240.120
    30:      240.550      317.470      318.850      321.290      321.390
    35:      323.210      324.650      324.840      325.710      326.040
    40:      327.620      327.810      329.330      330.440      332.660
    45:      405.780      406.080      407.700      408.460      408.670
    50:      409.490      411.560      412.310      413.100      416.550
    55:      416.710      416.970      417.320      505.520      582.120
    60:      585.120      585.280      585.360      585.960      586.650
    65:      587.890      587.960      588.210      588.870      590.520
    70:      591.110      591.720      592.140      592.390      592.560
    75:      593.150      593.280      593.440      594.920      595.210
    80:      595.300      595.320      595.730      675.860      676.470
    85:      679.440      679.560      679.750      680.330      681.000
    90:      681.280      681.750      682.530      682.630      682.830
    95:      683.080      685.250      685.350      689.510      759.660
   100:      760.660      762.030      762.140      762.710      763.460
   105:      763.590      763.740      764.490      764.990      767.040
   110:      767.420      767.680      768.450      768.590      769.070
   115:      769.170      769.470      771.990      772.050      775.430
   120:      775.470      852.820      853.260      853.930      854.340
   125:      855.140      855.360      855.670      855.750      855.780
   130:      855.900      857.870      858.150      858.230      859.310
   135:      859.470      860.780      861.170      863.390      863.680
   140:      863.720      866.310      869.560      869.630      871.790
   145:      947.010      947.410      947.680      948.560      948.940
   150:      949.300      949.860      950.650      950.770      951.760
   155:      951.900      952.010      952.540      953.700      954.410
   160:      954.580      954.740      956.740      956.890      958.060
   165:      958.500      959.400      959.690      959.760      960.040
   170:      960.090      960.150      965.610      975.090     1028.550
   175:     1040.080     1041.330     1042.380     1042.600     1043.790
   180:     1044.550     1044.630     1044.960     1045.220     1047.670
   185:     1047.750     1047.800     1047.950     1048.060     1048.680
   190:     1049.110     1050.010     1050.190     1052.120     1052.210
   195:     1052.290     1052.480     1130.360     1133.310     1134.170
   200:     1135.020     1136.900     1137.370     1137.650     1137.690
   205:     1138.030     1138.090     1139.000     1139.170     1140.290
   210:     1140.800     1142.300     1142.450     1142.510     1143.970
   215:     1222.370     1222.460     1222.660     1222.890     1222.960
   220:     1223.470     1223.970     1224.510     1225.410     1227.190
   225:     1227.280     1227.400     1229.550     1230.150     1230.410
   230:     1230.630     1231.770     1231.950     1233.080     1234.040
   235:     1234.210     1234.410     1234.490     1235.310     1235.400
   240:     1237.590     1309.490     1311.970     1312.130     1312.430
   245:     1312.820     1312.970     1313.720     1314.530     1316.490
   250:     1316.520     1316.600     1316.960     1317.060     1317.830
   255:     1318.230     1319.610     1319.770     1321.080     1321.270
   260:     1321.470     1321.830     1325.720     1401.060     1401.760
   265:     1402.670     1404.200     1404.320     1404.340     1404.500
   270:     1405.060     1405.700     1409.190     1409.350     1409.480
   275:     1409.980     1410.010     1410.150     1410.550     1410.620
   280:     1410.710     1413.480     1413.520     1415.940     1469.020
   285:     1469.230     1495.240     1495.570     1495.750     1495.880
   290:     1496.000     1496.220     1496.310     1496.410     1498.550
   295:     1500.340     1500.540     1500.710     1501.830     1502.000
   300:     1504.610     1585.450     1586.090     1586.330     1586.760
   305:     1587.760     1589.510     1589.980     1590.140     1590.280
   310:     1592.730     1665.630     1666.630     1666.750     1666.780
   315:     1666.820     1666.830     1666.980     1667.220     1669.850
   320:     1670.010     1670.220     1670.500     1671.580     1673.660
   325:     1673.750     1673.900     1673.930     1673.980     1674.730
   330:     1674.870     1676.030     1676.240     1683.150     1696.370
   335:     1757.410     1757.490     1757.760     1758.920     1758.940
   340:     1758.950     1759.700     1760.050     1764.310     1764.640
   345:     1764.890     1765.430     1765.470     1765.600     1766.390
   350:     1768.120     1768.150     1768.240     1768.300     1768.450
   355:     1769.620     1773.450     1847.670     1849.300     1850.060
   360:     1850.400     1850.510     1850.610     1850.850     1851.870
   365:     1852.860     1853.990     1855.480     1855.670     1855.940
   370:     1858.700     1859.890     1860.000     1865.930     1868.710
   375:     1871.400     1871.490     1872.370     1937.010     1937.310
   380:     1937.880     1938.790     1938.990     1939.060     1939.510
   385:     1939.870     1940.290     1943.080     1943.240     1943.450
   390:     1943.900     1945.510     1945.540     1945.610     1945.710
   395:     1945.930     1946.070     1947.120     1947.240     1947.640
   400:     1949.900     1949.970     1961.520     2030.440     2030.740
   405:     2031.050     2031.990     2032.320     2033.820     2033.990
   410:     2034.050     2034.130     2034.360     2034.380     2034.540
   415:     2037.370     2037.920     2038.120     2038.420     2039.140
   420:     2041.620     2042.410     2043.500     2121.580     2121.920
   425:     2122.550     2123.870     2124.040     2124.500     2125.610
   430:     2125.820     2127.560     2127.780     2127.870     2127.920
   435:     2130.120     2130.150     2130.280     2131.810     2132.010
   440:     2133.470     2134.830     2134.960     2219.540     2221.490
   445:     2221.820     2222.030     2223.270     2223.860     2224.120
   450:     2226.240     2227.870     2303.960     2305.740     2305.890
   455:     2306.140     2306.490     2307.750     2309.830     2310.220
   460:     2311.550     2311.730     2313.870     2314.050     2314.170
   465:     2314.320     2314.980     2315.140     2315.180     2315.880
   470:     2316.220     2316.300     2317.710     2396.030     2396.510
   475:     2396.670     2396.960     2397.540     2397.930     2397.940
   480:     2398.700     2398.940     2399.140     2400.790     2401.010
   485:     2402.650     2402.670     2402.750     2404.120     2404.940
   490:     2405.490     2405.590     2405.920     2406.000     2407.810
   495:     2485.170     2485.520     2486.060     2486.190     2486.430
   500:     2487.500     2488.130     2488.200     2488.270     2488.620
   505:     2488.730     2488.950     2489.690     2492.060     2494.550
   510:     2494.690     2494.730     2573.410     2573.990     2574.390
   515:     2575.210     2575.650     2575.880     2576.150     2576.210
   520:     2577.320     2577.420     2577.470     2579.720     2580.030
   525:     2580.050     2580.550     2581.050     2582.730     2582.920
   530:     2584.410     2584.570     2585.710     2603.900     2668.810
   535:     2669.140     2669.380     2669.770     2670.970     2671.720
   540:     2672.940     2673.090     2674.020     2674.730     2675.850
   545:     2677.320     2677.380     2677.440     2756.270     2756.640
   550:     2756.920     2757.470     2757.940     2759.300     2761.330
   555:     2763.500     2763.780     2763.870     2765.360     2765.470
   560:     2765.650     2766.910     2767.010     2767.840     2772.060
   565:     2772.200     2772.270     2780.470     2780.560     2780.650
   570:     2780.770     2781.040     2781.370     2781.530     2785.810
   575:     2785.910     2847.760     2848.290     2850.470     2850.790
   580:     2851.030     2851.050     2851.270     2852.200     2852.910
   585:     2853.010     2854.640     2854.870     2854.920     2857.190
   590:     2861.160     2940.380     2940.740     2941.510     2941.720
   595:     2942.400     2943.440     2943.600     2947.190     2947.430
   600:     2947.860     2948.930     2949.210     2949.300     2951.010
   605:     2951.050     2951.140     3031.850     3031.960     3032.930
   610:     3033.650     3033.760     3033.970     3036.250     3038.420
   615:     3040.110     3040.320     3040.500     3040.530     3041.730
   620:     3041.770     3118.790     3118.860     3119.360     3121.240
   625:     3121.410     3122.090     3122.400     3122.530     3122.670
   630:     3122.690     3124.680     3126.040     3126.190     3126.210
   635:     3126.290     3128.240     3128.340     3128.380     3129.800
   640:     3130.110     3130.510     3130.880     3131.080     3131.160
   645:     3131.870     3207.260     3207.390     3207.800     3208.320
   650:     3208.940     3210.970     3210.980     3212.200     3214.650
   655:     3216.220     3218.250     3218.330     3219.300     3219.790
   660:     3220.440     3301.370     3302.200     3310.070     3311.390
   665:     3393.090     3393.170     3394.770     3396.550     3397.040
   670:     3399.150     3399.720     3479.040     3479.240     3479.690
   675:     3480.570     3480.820     3481.260     3481.590     3482.040
   680:     3485.650     3485.710     3487.380     3487.860     3491.450
   685:     3564.070     3564.780     3565.150     3566.130     3566.740
   690:     3567.590     3569.070     3569.200     3569.250     3569.420
   695:     3570.900     3570.960     3573.730     3575.150     3575.990
   700:     3576.160     3638.310     3638.630     3640.780     3656.210
   705:     3657.140     3658.030     3658.090     3660.210     3660.310
   710:     3660.340     3660.420     3661.240     3662.440     3662.870
   715:     3663.890     3663.990     3666.170     3666.300     3742.900
   720:     3743.410     3743.930     3745.310     3745.490     3745.520
   725:     3746.280     3746.490     3747.130     3748.360     3748.530
   730:     3749.900     3749.970     3751.350     3751.450     3752.650
   735:     3752.970     3754.680     3754.990     3755.290     3831.230
   740:     3832.520     3833.010     3834.290     3835.200     3836.640
   745:     3837.050     3837.470     3837.700     3838.210     3839.660
   750:     3839.950     3840.480     3842.490     3842.510     3920.990
   755:     3921.360     3921.840     3922.730     3923.290     3923.940
   760:     3924.620     3925.550     3925.760     3925.900     3925.920
   765:     3926.180     3926.910     3928.540     3928.850     3929.730
   770:     3932.170     4011.290     4011.790     4011.900     4012.070
   775:     4012.860     4012.960     4013.220     4013.250     4013.450
   780:     4014.080     4014.090     4014.310     4014.910     4016.290
   785:     4016.330     4016.510     4018.610     4018.890     4019.680
   790:     4020.460     4020.690     4020.860     4022.240     4103.030
   795:     4103.750     4104.300     4104.930     4105.090     4105.530
   800:     4106.630     4106.730     4106.770     4108.050     4108.210
   805:     4108.760     4110.160     4110.240     4110.300     4111.290
   810:     4113.000     4113.030     4113.060     4114.230     4114.810
   815:     4114.950     4115.040     4116.470     4116.490     4119.190
   820:     4195.940     4196.080     4197.000     4197.460     4198.180
   825:     4198.290     4199.070     4199.340     4201.780     4201.840
   830:     4201.960     4203.860     4204.460     4204.750     4204.980
   835:     4205.770     4206.210     4206.610     4206.780     4285.500
   840:     4286.840     4287.090     4287.360     4287.660     4287.780
   845:     4288.540     4288.850     4289.810     4289.990     4290.140
   850:     4290.160     4290.370     4290.390     4290.580     4292.370
   855:     4292.460     4293.750     4294.140     4294.440     4294.470
   860:     4294.550     4296.180     4297.580     4297.820     4298.350
   865:     4298.890     4304.160     4306.460     4306.670     4306.750
   870:     4378.320     4380.150     4380.310     4380.540     4381.570
   875:     4382.440     4382.640     4383.240     4384.400     4384.620
   880:     4384.760     4384.770     4386.240     4387.350     4387.840
   885:     4388.210     4388.390     4388.500     4389.630     4389.750
   890:     4390.090     4390.640     4390.750     4469.620     4470.360
   895:     4470.550     4470.940     4471.120     4471.230     4472.380
   900:     4472.510     4473.310     4473.590     4474.820     4475.220
   905:     4475.260     4476.030     4477.680     4478.440     4479.260
   910:     4480.330     4480.810     4480.940     4481.240     4483.240
   915:     4485.880     4485.990     4486.030     4490.340     4493.840
   920:     4557.650     4558.950     4559.210     4560.030     4560.810
   925:     4561.170     4561.410     4561.700     4563.240     4564.400
   930:     4564.530     4564.740     4566.460     4566.640     4567.750
   935:     4567.770     4568.040     4568.270     4569.060     4569.190
   940:     4570.460     4571.170     4647.260     4647.420     4647.590
   945:     4647.890     4648.390     4648.650     4648.760     4648.940
   950:     4648.980     4650.040     4650.220     4651.350     4652.470
   955:     4652.640     4653.100     4656.110     4656.290     4657.820
   960:     4658.230     4733.680     4734.700     4735.500     4735.610
   965:     4735.730     4736.090     4736.220     4736.540     4737.440
   970:     4737.610     4738.380     4739.660     4739.740     4740.030
   975:     4740.720     4741.000     4741.110     4741.140     4741.850
   980:     4741.900     4742.040     4742.300     4744.630     4745.370
   985:     4745.960     4748.230     4823.750     4825.310     4825.630
   990:     4825.750     4825.790     4827.170     4827.300     4827.440
   995:     4827.510     4827.940     4827.990     4828.460     4829.020
  1000:     4829.130     4830.630     4830.710     4830.770     4830.980
  1005:     4831.080     4831.430     4831.700     4834.120     4834.610
  1010:     4835.080     4835.620     4836.120     4836.540     4851.210
  1015:     4910.820     4911.230     4911.240     4911.400     4911.550
  1020:     4911.840     4912.360     4912.450     4912.550     4913.030
  1025:     4914.560     4914.790     4915.180     4915.910     4918.360
  1030:     4918.420     4918.940     4919.820     4920.150     4920.850
  1035:     4920.970     4921.110     4922.980     5005.950     5006.170
  1040:     5006.860     5007.050     5007.100     5007.340     5008.100
  1045:     5008.190     5008.360     5008.480     5008.560     5008.730
  1050:     5008.810     5008.900     5009.120     5010.920     5011.090
  1055:     5012.470     5012.490     5012.800     5013.370     5013.820
  1060:     5014.010     5014.150     5014.340     5016.240     5016.310
  1065:     5016.380     5016.610     5035.050     5035.200     5035.470
  1070:     5094.460     5095.500     5095.700     5096.480     5096.730
  1075:     5096.830     5097.190     5098.330     5098.460     5098.560
  1080:     5098.840     5098.980     5099.180     5099.390     5100.770
  1085:     5100.860     5101.490     5101.750     5102.470     5102.670
  1090:     5103.190     5103.320     5104.660     5104.970     5106.910
  1095:     5107.120     5107.150     5107.550     5107.850     5107.930
  1100:     5108.700     5123.390     5185.330     5185.560     5185.750
  1105:     5185.950     5187.040     5187.240     5187.620     5187.720
  1110:     5187.940     5189.050     5189.150     5189.290     5189.810
  1115:     5189.960     5190.770     5191.330     5191.860     5191.870
  1120:     5192.740     5192.790     5193.570     5193.960     5193.990
  1125:     5194.210     5194.650     5195.430     5195.480     5195.880
  1130:     5196.190     5197.790     5197.960     5200.760     5274.000
  1135:     5274.310     5275.030     5275.460     5275.760     5278.480
  1140:     5278.510     5280.250     5280.760     5281.070     5281.580
  1145:     5281.690     5282.190     5283.600     5283.640     5283.670
  1150:     5283.680     5283.790     5284.420     5284.580     5285.490
  1155:     5290.960     5363.580     5366.330     5366.820     5366.980
  1160:     5367.280     5368.060     5368.180     5368.490     5368.580
  1165:     5368.600     5368.840     5369.640     5369.720     5369.860
  1170:     5370.580     5370.690     5370.830     5371.370     5372.720
  1175:     5372.950     5373.000     5373.480     5374.200     5374.260
  1180:     5374.310     5374.350     5374.690     5374.930     5375.480
  1185:     5376.430     5376.460     5376.650     5376.800     5377.050
  1190:     5377.240     5377.260     5377.510     5377.680     5449.300
  1195:     5449.810     5450.210     5451.410     5451.550     5451.940
  1200:     5452.240     5453.670     5453.890     5454.330     5454.810
  1205:     5455.210     5455.450     5455.990     5456.100     5456.550
  1210:     5456.690     5457.940     5458.000     5458.170     5458.780
  1215:     5460.290     5461.200     5461.620     5462.080     5467.160
  1220:     5467.790     5472.790     5473.030     5542.030     5542.300
  1225:     5542.980     5543.180     5543.360     5543.490     5544.410
  1230:     5545.830     5545.900     5546.070     5546.950     5547.920
  1235:     5548.870     5549.050     5549.200     5549.230     5550.810
  1240:     5550.920     5551.720     5552.300     5552.680     5629.390
  1245:     5629.560     5630.000     5630.400     5630.580     5631.200
  1250:     5631.490     5631.620     5631.780     5631.940     5631.970
  1255:     5632.080     5632.900     5633.090     5633.510     5633.610
  1260:     5634.210     5635.390     5635.850     5636.250     5637.710
  1265:     5637.950     5638.120     5638.200     5639.690     5639.860
  1270:     5639.920     5640.580     5640.920     5641.570     5641.840
  1275:     5641.970     5644.370     5718.250     5718.540     5718.960
  1280:     5720.260     5720.350     5720.560     5720.790     5721.080
  1285:     5722.140     5722.210     5722.330     5722.770     5722.940
  1290:     5723.290     5724.290     5724.620     5725.150     5725.510
  1295:     5725.890     5726.310     5726.500     5726.550     5727.620
  1300:     5728.080     5728.650     5728.970     5730.540     5733.320
  1305:     5733.420     5813.890     5814.420     5815.050     5815.560
  1310:     5815.970     5816.320     5818.440     5818.450     5819.940
  1315:     5820.020     5820.190     5821.000     5821.120     5821.520
  1320:     5823.200     5823.750     5824.090     5824.990     5825.050
  1325:     5827.940     5828.030     5828.100     5828.470     5830.620
  1330:     5903.540     5904.700     5905.360     5905.490     5905.650
  1335:     5905.880     5905.930     5906.160     5906.190     5906.290
  1340:     5907.140     5907.450     5907.760     5909.010     5909.130
  1345:     5909.580     5910.100     5911.070     5911.280     5911.430
  1350:     5913.650     5913.750     5914.610     5915.170     5915.640
  1355:     5916.300     5929.960     5930.470     5931.520     5996.620
  1360:     5996.950     5997.180     5998.290     5998.610     5999.160
  1365:     5999.950     6001.300     6001.630     6001.660     6001.740
  1370:     6003.460     6003.660     6004.130     6005.590     6007.210
  1375:     6007.780     6010.020     6010.490     6010.730     6016.350
  1380:     6016.660     6016.990     6087.460     6087.740     6093.700
  1385:     6093.830     6094.050     6094.550     6094.920     6095.410
  1390:     6095.640     6097.880     6098.070     6099.100     6099.450
  1395:     6099.750     6100.230     6100.630     6100.890     6104.560
  1400:     6113.720     6113.870     6175.650     6177.570     6177.690
  1405:     6178.940     6181.370     6181.500     6181.910     6182.190
  1410:     6182.330     6182.710     6182.930     6184.560     6184.720
  1415:     6185.970     6186.110     6188.040     6188.270     6188.310
  1420:     6188.950     6265.110     6265.380     6265.750     6267.450
  1425:     6267.590     6268.660     6268.840     6269.130     6269.730
  1430:     6270.920     6271.010     6271.130     6271.660     6271.860
  1435:     6272.430     6274.010     6274.330     6274.730     6275.170
  1440:     6275.440     6275.470     6277.440     6279.650     6281.680
  1445:     6360.680     6362.540     6363.380     6363.600     6363.820
  1450:     6364.080     6365.370     6365.410     6365.620     6366.170
  1455:     6368.160     6368.560     6369.000     6369.380     6371.270
  1460:     6375.560     6388.250     6445.810     6446.750     6447.450
  1465:     6447.680     6447.760     6449.320     6449.420     6450.660
  1470:     6451.280     6451.870     6452.740     6452.840     6453.120
  1475:     6453.390     6453.890     6454.210     6455.240     6455.600
  1480:     6455.870     6456.050     6456.230     6457.550     6457.740
  1485:     6458.310     6458.570     6458.870     6458.970     6463.110
  1490:     6538.200     6538.480     6538.490     6538.610     6538.880
  1495:     6539.210     6539.960     6540.130     6540.380     6540.740
  1500:     6542.870     6544.030     6544.530     6544.730     6544.760
  1505:     6545.260     6545.800     6545.820     6546.010     6546.110
  1510:     6546.640     6546.900     6547.200     6547.650     6556.900
  1515:     6624.740     6624.960     6627.150     6627.490     6628.240
  1520:     6632.350     6632.520     6632.650     6633.870     6635.190
  1525:     6635.370     6635.840     6636.240     6636.340     6636.820
  1530:     6637.080     6637.140     6638.290     6638.320     6638.370
  1535:     6644.830     6645.110     6647.100     6648.420     6649.490
  1540:     6713.580     6716.510     6716.810     6717.110     6717.280
  1545:     6718.180     6719.230     6719.560     6720.680     6720.860
  1550:     6720.930     6721.000     6721.160     6721.530     6722.450
  1555:     6722.650     6723.720     6724.380     6724.730     6725.810
  1560:     6726.170     6726.750     6727.020     6727.200     6731.800
  1565:     6732.460     6732.740     6777.140     6799.190     6799.620
  1570:     6800.810     6801.030     6801.140     6801.620     6802.910
  1575:     6803.020     6803.070     6804.670     6804.980     6805.720
  1580:     6805.920     6806.090     6806.420     6807.700     6807.790
  1585:     6807.880     6809.380     6809.940     6809.960     6810.140
  1590:     6810.320     6810.580     6810.970     6812.770     6812.800
  1595:     6890.050     6893.900     6894.480     6894.510     6898.090
  1600:     6899.940     6900.250     6900.940     6901.330     6902.940
  1605:     6978.450     6979.520     6980.120     6980.760     6981.870
  1610:     6982.130     6982.530     6983.530     6983.770     6984.060
  1615:     6985.260     6985.410     6985.460     6986.160     6986.560
  1620:     6986.750     6987.110     6987.550     6989.530     6990.140
  1625:     6990.330     7065.040     7072.220     7072.640     7073.400
  1630:     7074.770     7076.180     7076.190     7076.280     7077.920
  1635:     7157.690     7157.930     7157.950     7158.850     7159.240
  1640:     7161.090     7161.150     7161.490     7162.910     7163.080
  1645:     7163.320     7163.860     7166.010     7166.230     7170.820
  1650:     7175.300     7252.520     7252.820     7253.050     7255.060
  1655:     7256.510     7256.920     7257.350     7260.430     7264.310
  1660:     7331.450     7332.880     7333.090     7335.400     7336.420
  1665:     7336.720     7339.310     7340.470     7340.500     7341.110
  1670:     7341.660     7342.010     7342.500     7342.750     7343.050
  1675:     7343.270     7349.240     7359.140     7424.230     7424.500
  1680:     7424.740     7424.930     7425.170     7425.480     7426.040
  1685:     7426.400     7426.480     7428.060     7428.070     7428.080
  1690:     7428.130     7428.240     7428.400     7429.290     7429.540
  1695:     7429.800     7431.440     7431.740     7433.960     7434.180
  1700:     7434.470     7434.550     7434.750     7435.520     7437.550
  1705:     7514.490     7515.410     7515.620     7515.960     7515.970
  1710:     7516.360     7517.280     7517.770     7519.020     7519.170
  1715:     7519.240     7520.030     7520.250     7520.810     7522.180
  1720:     7522.520     7522.820     7524.150     7524.450     7524.680
  1725:     7526.010     7526.120     7528.040     7528.440     7603.240
  1730:     7603.620     7603.730     7604.000     7604.410     7604.910
  1735:     7604.990     7605.000     7605.160     7605.490     7605.810
  1740:     7606.730     7607.360     7607.550     7610.460     7610.680
  1745:     7611.860     7612.100     7612.450     7613.360     7613.600
  1750:     7613.760     7613.790     7613.880     7615.430     7615.540
  1755:     7615.800     7618.580     7626.220     7693.610     7695.640
  1760:     7696.320     7697.780     7698.770     7699.120     7699.470
  1765:     7700.400     7700.650     7702.750     7702.780     7702.850
  1770:     7702.930     7704.830     7705.590     7706.300     7706.400
  1775:     7714.010     7793.690     7793.930     7794.620     7794.940
  1780:     7795.000     7795.610     7795.630     7795.720     7795.740
  1785:     7796.480     7796.640     7800.990     7803.170     7886.420
  1790:     7887.200     7889.180     7966.290     7966.310     7966.830
  1795:     7966.930     7967.330     7967.620     7967.960     7969.280
  1800:     7969.440     7971.330     7971.920     7972.200     7974.160
  1805:     7974.200     7975.670     7975.910     7976.030     7976.460
  1810:     7976.550     7977.020     7977.200     7977.730     8059.120
  1815:     8059.530     8059.620     8059.930     8060.100     8060.520
  1820:     8061.810     8061.910     8061.970     8062.590     8062.880
  1825:     8063.110     8063.270     8064.300     8064.430     8064.700
  1830:     8065.980     8066.290     8146.530     8147.590     8148.200
  1835:     8148.570     8149.680     8152.060     8153.000     8153.680
  1840:     8154.670     8154.850     8156.690     8158.550     8158.850
  1845:     8160.130     8167.320     8235.570     8238.800     8238.910
  1850:     8240.500     8242.190     8242.390     8242.650     8244.270
  1855:     8244.350     8244.450     8245.780     8248.970     8249.130
  1860:     8327.240     8327.460     8328.600     8328.780     8328.890
  1865:     8328.920     8329.860     8330.040     8330.480     8330.690
  1870:     8330.780     8331.770     8331.780     8332.010     8332.080
  1875:     8332.260     8332.320     8332.750     8332.920     8334.710
  1880:     8334.970     8335.270     8337.550     8337.650     8339.810
  1885:     8340.700     8340.940     8341.070     8341.130     8341.360
  1890:     8422.860     8428.390     8430.890     8506.140     8506.660
  1895:     8507.170     8507.400     8507.840     8508.110     8508.530
  1900:     8509.390     8509.710     8511.890     8511.990     8512.260
  1905:     8512.410     8512.520     8512.730     8514.020     8514.070
  1910:     8514.100     8514.330     8514.910     8516.630     8516.960
  1915:     8517.310     8517.690     8522.720     8523.940     8594.500
  1920:     8597.440     8597.790     8599.610     8599.720     8600.290
  1925:     8601.150     8603.500     8603.780     8604.530     8605.490
  1930:     8605.690     8605.880     8607.390     8607.420     8609.310
  1935:     8612.940     8614.330     8687.950     8688.220     8693.350
  1940:     8694.360     8694.550     8695.690     8695.830     8696.000
  1945:     8696.430     8697.340     8697.510     8697.560     8698.300
  1950:     8698.510     8713.130     8776.290     8776.580     8778.130
  1955:     8778.860     8779.390     8779.440     8779.640     8779.900
  1960:     8780.270     8781.830     8781.990     8782.480     8784.250
  1965:     8784.520     8785.520     8785.770     8787.090     8789.200
  1970:     8789.250     8790.430     8790.490     8795.150     8868.850
  1975:     8869.120     8869.250     8869.490     8869.950     8870.220
  1980:     8870.350     8870.430     8870.700     8871.130     8872.810
  1985:     8872.930     8873.010     8873.990     8874.230     8874.620
  1990:     8876.650     8876.730     8876.850     8876.920     8878.280
  1995:     8878.750     8879.140     8879.520     8880.210     8880.340
  2000:     8880.460     8883.480     8883.570     8883.650     8883.750
  2005:     8886.900     8891.510     8958.430     8958.900     8959.140
  2010:     8959.520     8959.890     8960.150     8961.210     8961.420
  2015:     8962.110     8964.420     8965.360     8965.480     8965.510
  2020:     8965.630     8967.040     8969.600     8969.690     8970.350
  2025:     8970.600
G:
     0:       91.850      109.920      110.660      981.320      981.390
     5:     1368.540     1468.390     1468.490     1468.540     1468.650
    10:     1468.910     1706.210     1709.870     1986.940     1988.020
    15:     1988.290     1988.390     2066.020     2066.250     2156.780
    20:     2158.000     2159.380     2160.090     2160.280     2160.530
    25:     2161.240     2161.690     2161.890     2162.130     2163.920
    30:     2635.980     2793.110     3332.290     4068.330     4257.740
    35:     4413.790     4414.270     4417.360     4422.260     4422.360
    40:     4771.000     4943.410     5403.470     5663.480     5853.320
    45:     5853.390     5854.240     6212.910     7190.070     8900.140
H:
     0:     6773.920     6774.050     6774.600     6775.940
I:
K:
L:
     0:       40.590       41.650       43.490      130.230      130.380
     5:      130.580      130.960      133.750      221.140      222.380
    10:      223.990      309.970      396.890      397.610      398.200
    15:      485.040      485.500      575.260      575.460      577.380
    20:      666.220      666.330      753.280      753.430      846.350
    25:      847.580      940.270      941.180     1032.220     1032.720
    30:     1123.750     1124.730     1214.720     1302.230     1303.450
    35:     1394.380     1484.730     1485.130     1573.260     1573.820
    40:     1659.200     1750.190     1750.480     1750.800     1751.840
    45:     1752.810     1841.330     1841.540     1930.360     2023.240
    50:     2023.860     2024.050     2114.260     2114.580     2208.300
    55:     2208.540     2212.350     2297.390     2387.230     2475.150
    60:     2476.210     2476.640     2565.370     2565.520     2566.560
    65:     2658.220     2658.480     2747.200     2837.230     2840.680
    70:     2932.240     2932.730     2934.970     3021.320     3022.080
    75:     3025.000     3112.140     3200.200     3200.610     3291.260
    80:     3294.090     3380.610     3380.980     3381.400     3382.330
    85:     3468.210     3468.490     3470.070     3472.250     3556.170
    90:     3559.070     3560.390     3646.230     3646.740     3649.300
    95:     3650.180     3735.270     3737.730     3823.290     3827.240
   100:     3912.250     3912.840     3913.200     3913.900     3914.220
   105:     4002.270     4003.070     4003.580     4005.460     4096.330
   110:     4187.270     4187.870     4189.340     4189.540     4279.340
   115:     4370.270     4461.260     4462.790     4463.110     4551.130
   120:     4638.210     4638.430     4639.320     4640.500     4727.240
   125:     4816.290     4902.380     4903.720     4996.370     4997.290
   130:     4997.510     4998.090     4998.250     4998.630     5088.260
   135:     5089.290     5090.760     5092.020     5177.340     5266.600
   140:     5269.410     5271.470     5357.250     5358.210     5359.160
   145:     5361.570     5442.280     5443.310     5443.710     5444.550
   150:     5444.850     5533.740     5534.700     5534.950     5535.190
   155:     5622.290     5710.450     5710.910     5711.250     5711.580
   160:     5713.140     5714.930     5804.290     5805.440     5805.660
   165:     5806.660     5808.870     5897.280     5897.620     5898.430
   170:     5899.770     5990.260     6081.290     6082.960     6084.070
   175:     6169.160     6169.510     6171.780     6173.440     6173.870
   180:     6258.370     6351.270     6352.840     6439.230     6440.020
   185:     6529.290     6529.600     6530.920     6618.270     6707.440
   190:     6792.320     6794.860     6883.300     6970.300     6970.880
   195:     6971.110     7057.360     7057.900     7060.080     7062.200
   200:     7147.280     7147.550     7149.810     7237.260     7237.950
   205:     7325.250     7417.360     7417.650     7418.250     7421.190
   210:     7508.310     7512.690     7595.330     7595.480     7597.300
   215:     7598.850     7599.200     7599.520     7687.200     7777.240
   220:     7869.250     7869.600     7957.250     8048.270     8048.960
   225:     8140.330     8140.710     8141.010     8141.510     8144.990
   230:     8229.370     8321.170     8321.400     8410.580     8412.150
   235:     8413.550     8497.290     8497.540     8587.360     8587.600
   240:     8588.550     8678.230     8678.510     8679.300     8680.180
   245:     8680.970     8682.620     8682.760     8770.360     8770.800
   250:     8771.530     8771.740     8773.570     8860.260     8861.010
   255:     8861.810     8950.310     8950.560     8954.550
M:
     0:       10.000       12.000       12.000       13.000       14.000
     5:       17.000       12.000       15.000       16.000       14.000
    10:       12.000       15.000       14.000       14.000       12.000
    15:       14.000       15.000       14.000       16.000       10.000
    20:       15.000       14.000       16.000       17.000       15.000
    25:       14.000       18.000       12.000       14.000       16.000
    30:       11.000       13.000       13.000       14.000       15.000
    35:       18.000       13.000       16.000       17.000       15.000
    40:       13.000       16.000       15.000       15.000       13.000
    45:       15.000       16.000       15.000       17.000       11.000
    50:       16.000       15.000       17.000       18.000       16.000
    55:       15.000       19.000       13.000       15.000       17.000
    60:       12.000       14.000       14.000       15.000       16.000
    65:       19.000       14.000       17.000       18.000       16.000
    70:       14.000       17.000       16.000       16.000       14.000
    75:       16.000       17.000       16.000       18.000       12.000
    80:       17.000       16.000       18.000       19.000       17.000
    85:       16.000       20.000       14.000       16.000       19.000
    90:       13.000       14.000       13.000       19.000       13.000
    95:       15.000       14.000       13.000       14.000
P:
     0:       60.590       61.090       61.590      150.230      150.730
     5:      151.230      241.140      241.640      242.140      329.970
    10:      330.470      330.970      416.890      417.390      417.890
    15:      505.040      505.540      506.040      595.260      595.760
    20:      596.260      686.220      686.720      687.220      773.280
    25:      773.780      774.280      866.350      866.850      867.350
    30:      960.270      960.770      961.270     1052.220     1052.720
    35:     1053.220     1143.750     1144.250     1144.750     1234.720
    40:     1235.220     1235.720     1322.230     1322.730     1323.230
    45:     1414.380     1414.880     1415.380     1504.730     1505.230
    50:     1505.730     1593.260     1593.760     1594.260     1679.200
    55:     1679.700     1680.200     1770.190     1770.690     1771.190
    60:     1861.330     1861.830     1862.330     1950.360     1950.860
    65:     1951.360     2043.240     2043.740     2044.240     2134.260
    70:     2134.760     2135.260     2228.300     2228.800     2229.300
    75:     2317.390     2317.890     2318.390     2407.230     2407.730
    80:     2408.230     2495.150     2495.650     2496.150     2585.370
    85:     2585.870     2586.370     2678.220     2678.720     2679.220
    90:     2767.200     2767.700     2768.200     2857.230     2857.730
    95:     2858.230     2952.240     2952.740     2953.240     3041.320
   100:     3041.820     3042.320     3132.140     3132.640     3133.140
   105:     3220.200     3220.700     3221.200     3311.260     3311.760
   110:     3312.260     3400.610     3401.110     3401.610     3488.210
   115:     3488.710     3489.210     3576.170     3576.670     3577.170
   120:     3666.230     3666.730     3667.230     3755.270     3755.770
   125:     3756.270     3843.290     3843.790     3844.290     3932.250
   130:     3932.750     3933.250     4022.270     4022.770     4023.270
   135:     4116.330     4116.830     4117.330     4207.270     4207.770
   140:     4208.270     4299.340     4299.840     4300.340     4390.270
   145:     4390.770     4391.270     4481.260     4481.760     4482.260
   150:     4571.130     4571.630     4572.130     4658.210     4658.710
   155:     4659.210     4747.240     4747.740     4748.240     4836.290
   160:     4836.790     4837.290     4922.380     4922.880     4923.380
   165:     5016.370     5016.870     5017.370     5108.260     5108.760
   170:     5109.260     5197.340     5197.840     5198.340     5286.600
   175:     5287.100     5287.600     5377.250     5377.750     5378.250
   180:     5462.280     5462.780     5463.280     5553.740     5554.240
   185:     5554.740     5642.290     5642.790     5643.290     5730.450
   190:     5730.950     5731.450     5824.290     5824.790     5825.290
   195:     5917.280     5917.780     5918.280     6010.260     6010.760
   200:     6011.260     6101.290     6101.790     6102.290     6189.160
   205:     6189.660     6190.160     6278.370     6278.870     6279.370
   210:     6371.270     6371.770     6372.270     6459.230     6459.730
   215:     6460.230     6549.290     6549.790     6550.290     6638.270
   220:     6638.770     6639.270     6727.440     6727.940     6728.440
   225:     6812.320     6812.820     6813.320     6903.300     6903.800
   230:     6904.300     6990.300     6990.800     6991.300     7077.360
   235:     7077.860     7078.360     7167.280     7167.780     7168.280
   240:     7257.260     7257.760     7258.260     7345.250     7345.750
   245:     7346.250     7437.360     7437.860     7438.360     7528.310
   250:     7528.810     7529.310     7615.330     7615.830     7616.330
   255:     7707.200     7707.700     7708.200     7797.240     7797.740
   260:     7798.240     7889.250     7889.750     7890.250     7977.250
   265:     7977.750     7978.250     8068.270     8068.770     8069.270
   270:     8160.330     8160.830     8161.330     8249.370     8249.870
   275:     8250.370     8341.170     8341.670     8342.170     8430.580
   280:     8431.080     8431.580     8517.290     8517.790     8518.290
   285:     8607.360     8607.860     8608.360     8698.230     8698.730
   290:     8699.230     8790.360     8790.860     8791.360     8880.260
   295:     8880.760     8881.260     8970.310     8970.810     8971.310
R:
     0:       40.590      130.230      221.140      309.970      396.890
     5:      485.040      575.260      666.220      753.280      846.350
    10:      940.270     1032.220     1123.750     1214.720     1302.230
    15:     1394.380     1484.730     1573.260     1659.200     1750.190
    20:     1841.330     1930.360     2023.240     2114.260     2208.300
    25:     2297.390     2387.230     2475.150     2565.370     2658.220
    30:     2747.200     2837.230     2932.240     3021.320     3112.140
    35:     3200.200     3291.260     3380.610     3468.210     3556.170
    40:     3646.230     3735.270     3823.290     3912.250     4002.270
    45:     4096.330     4187.270     4279.340     4370.270     4461.260
    50:     4551.130     4638.210     4727.240     4816.290     4902.380
    55:     4996.370     5088.260     5177.340     5266.600     5357.250
    60:     5442.280     5533.740     5622.290     5710.450     5804.290
    65:     5897.280     5990.260     6081.290     6169.160     6258.370
    70:     6351.270     6439.230     6529.290     6618.270     6707.440
    75:     6792.320     6883.300     6970.300     7057.360     7147.280
    80:     7237.260     7325.250     7417.360     7508.310     7595.330
    85:     7687.200     7777.240     7869.250     7957.250     8048.270
    90:     8140.330     8229.370     8321.170     8410.580     8497.290
    95:     8587.360     8678.230     8770.360     8860.260     8950.310
V:
W:
     0:        1.000        1.000        1.000        1.000        1.000
     5:        1.000        1.000        1.000        1.000        1.000
    10:        1.000        1.000        1.000        1.000        1.000
    15:        1.000        1.000        1.000        1.000        1.000
    20:        1.000        1.000        1.000        1.000        1.000
    25:        1.000        1.000        1.000        1.000        1.000
    30:        1.000        1.000        1.000        1.000        1.000
    35:        1.000        1.000        1.000        1.000        1.000
    40:        1.000        1.000        1.000        1.000        1.000
    45:        1.000        1.000        1.000        1.000        1.000
    50:        1.000        1.000        1.000        1.000        1.000
    55:        1.000        1.000        1.000        1.000        1.000
    60:        1.000        1.000        1.000        1.000        1.000
    65:        1.000        1.000        1.000        1.000        1.000
    70:        1.000        1.000        1.000        1.000        1.000
    75:        1.000        1.000        1.000        1.000        1.000
    80:        1.000        1.000        1.000        1.000        1.000
    85:        1.000        1.000        1.000        1.000        1.000
    90:        1.000        1.000        1.000        1.000        1.000
    95:        1.000        1.000        1.000        1.000        1.000
   100:        1.000        1.000        1.000        1.000        1.000
   105:        1.000        1.000        1.000        1.000        1.000
X:
     0:       15.000       15.150      105.000      105.150      195.000
     5:      195.150      284.000      284.150      371.000      371.150
    10:      458.000      458.150      550.000      550.150      641.000
    15:      641.150      728.000      728.150      821.000      821.150
    20:      915.000      915.150     1007.000     1007.150     1098.000
    25:     1098.150     1189.000     1189.150     1277.000     1277.150
    30:     1369.000     1369.150     1459.000     1459.150     1548.000
    35:     1548.150     1634.000     1634.150     1725.000     1725.150
    40:     1816.000     1816.150     1905.000     1905.150     1998.000
    45:     1998.150     2089.000     2089.150     2183.000     2183.150
    50:     2272.000     2272.150     2362.000     2362.150     2450.000
    55:     2450.150     2540.000     2540.150     2633.000     2633.150
    60:     2722.000     2722.150     2812.000     2812.150     2907.000
    65:     2907.150     2996.000     2996.150     3087.000     3087.150
    70:     3175.000     3175.150     3266.000     3266.150     3354.000
    75:     3354.150     3443.000     3443.150     3531.000     3531.150
    80:     3621.000     3621.150     3710.000     3710.150     3798.000
    85:     3798.150     3887.000     3887.150     3977.000     3977.150
    90:     4071.000     4071.150     4162.000     4162.150     4254.000
    95:     4254.150     4345.000     4345.150     4436.000     4436.150
   100:     4526.000     4526.150     4613.000     4613.150     4702.000
   105:     4702.150     4791.000     4791.150     4877.000     4877.150
   110:     4971.000     4971.150     5063.000     5063.150     5152.000
   115:     5152.150     5241.000     5241.150     5332.000     5332.150
   120:     5417.000     5417.150     5508.000     5508.150     5597.000
   125:     5597.150     5685.000     5685.150     5779.000     5779.150
   130:     5872.000     5872.150     5965.000     5965.150     6056.000
   135:     6056.150     6144.000     6144.150     6233.000     6233.150
   140:     6326.000     6326.150     6414.000     6414.150     6504.000
   145:     6504.150     6593.000     6593.150     6682.000     6682.150
   150:     6767.000     6767.150     6858.000     6858.150     6945.000
   155:     6945.150     7032.000     7032.150     7122.000     7122.150
   160:     7212.000     7212.150     7300.000     7300.150     7392.000
   165:     7392.150     7483.000     7483.150     7570.000     7570.150
   170:     7662.000     7662.150     7752.000     7752.150     7844.000
   175:     7844.150     7932.000     7932.150     8023.000     8023.150
   180:     8115.000     8115.150     8204.000     8204.150     8296.000
   185:     8296.150     8385.000     8385.150     8472.000     8472.150
   190:     8562.000     8562.150     8653.000     8653.150     8745.000
   195:     8745.150     8835.000     8835.150     8925.000     8925.150
Y:
Z:
     0:        0.000      100.000      259.000        0.000        4.000
     5:        0.000      300.000      200.000        0.000        0.000
    10:        0.000     2026.000       50.000        0.000        0.000
    15:        0.000
