File: C:\MED-PC IV\Data\Tarun\RM-B012__Rat17\S1_100trials_20s lever


Start Date: 04/28/17
End Date: 04/28/17
Subject: 17
Experiment: 0
Group: 0
Box: 1
Start Time: 17:39:38
End Time: 19:16:35
MSN: MiniScope_FR1-3p_100trials_01182017
A:       0.000
E:       0.000
J:      65.000
N:       0.000
O:       0.000
Q:       0.000
S:       0.000
T:    5797.000
U:       0.000
B:
     0:        2.000       10.000       10.000       15.000       20.000
     5:       20.000       20.000       10.000       11.000      100.000
    10:        1.000        3.000       15.000        0.010        1.000
    15:        0.000        0.000        5.000       20.000        5.000
C:
     0:       64.000        4.000        4.000        0.000       34.690
     5:        0.000       12.000        4.000        0.000       34.690
    10:        0.000       30.000        1.000        0.000       15.020
    15:        1.000        0.000        0.000        0.000       20.000
    20:        1.000        0.000        0.000        0.000       20.000
    25:        1.000        0.000        0.000        0.000       17.000
    30:        2.000        1.000        1.000        0.000        1.950
    35:        2.000        3.000        1.000        0.000        1.950
    40:        2.000        7.000        0.000        0.000       15.000
    45:        3.000        0.000        0.000        0.000       20.000
    50:        3.000        0.000        0.000        0.000       20.000
    55:        3.000       12.000        0.000        0.000       18.000
    60:        4.000        0.000        0.000        0.000       20.000
    65:        4.000        0.000        0.000        0.000       20.000
    70:        4.000        0.000        0.000        0.000       16.000
    75:        5.000        0.000        0.000        0.000       20.000
    80:        5.000        0.000        0.000        0.000       20.000
    85:        5.000        2.000        0.000        0.000       16.000
    90:        6.000        0.000        0.000        0.000       20.000
    95:        6.000        0.000        0.000        0.000       20.000
   100:        6.000        0.000        0.000        0.000       17.000
   105:        7.000        1.000        1.000        0.000       19.260
   110:        7.000        3.000        1.000        0.000       19.260
   115:        7.000        0.000        0.000        0.000       17.000
   120:        8.000        0.000        0.000        0.000       20.000
   125:        8.000        0.000        0.000        0.000       20.000
   130:        8.000        0.000        0.000        0.000       14.000
   135:        9.000        0.000        0.000        0.000       20.000
   140:        9.000        0.000        0.000        0.000       20.000
   145:        9.000        0.000        0.000        0.000       19.000
   150:       10.000        0.000        0.000        0.000       20.000
   155:       10.000        0.000        0.000        0.000       20.000
   160:       10.000        0.000        0.000        0.000       17.000
   165:       11.000        0.000        0.000        0.000       20.000
   170:       11.000        0.000        0.000        0.000       20.000
   175:       11.000        0.000        0.000        0.000       10.000
   180:       12.000        0.000        0.000        0.000       20.000
   185:       12.000        0.000        0.000        0.000       20.000
   190:       12.000        0.000        0.000        0.000       14.000
   195:       13.000        0.000        0.000        0.000       20.000
   200:       13.000        0.000        0.000        0.000       20.000
   205:       13.000        0.000        0.000        0.000       15.000
   210:       14.000        0.000        0.000        0.000       20.000
   215:       14.000        0.000        0.000        0.000       20.000
   220:       14.000        0.000        0.000        0.000       15.000
   225:       15.000        0.000        0.000        0.000       20.000
   230:       15.000        0.000        0.000        0.000       20.000
   235:       15.000        0.000        0.000        0.000       13.000
   240:       16.000        1.000        1.000        0.000       10.440
   245:       16.000        3.000        1.000        0.000       10.440
   250:       16.000        1.000        1.000        0.000       15.000
   255:       17.000        1.000        1.000        0.000        3.040
   260:       17.000        3.000        1.000        0.000        3.040
   265:       17.000        8.000        0.000        0.000       15.000
   270:       18.000        0.000        0.000        0.000       20.000
   275:       18.000        0.000        0.000        0.000       20.000
   280:       18.000        0.000        0.000        0.000       16.000
   285:       19.000        0.000        0.000        0.000       20.000
   290:       19.000        0.000        0.000        0.000       20.000
   295:       19.000        0.000        0.000        0.000       20.000
   300:       20.000        0.000        0.000        0.000       20.000
   305:       20.000        0.000        0.000        0.000       20.000
   310:       20.000        0.000        0.000        0.000       19.000
   315:       21.000        0.000        0.000        0.000       20.000
   320:       21.000        0.000        0.000        0.000       20.000
   325:       21.000        0.000        0.000        0.000       13.000
   330:       22.000        0.000        0.000        0.000       20.000
   335:       22.000        0.000        0.000        0.000       20.000
   340:       22.000        0.000        0.000        0.000       16.000
   345:       23.000        0.000        0.000        0.000       20.000
   350:       23.000        0.000        0.000        0.000       20.000
   355:       23.000        0.000        0.000        0.000       18.000
   360:       24.000        0.000        0.000        0.000       20.000
   365:       24.000        0.000        0.000        0.000       20.000
   370:       24.000        0.000        0.000        0.000       14.000
   375:       25.000        0.000        0.000        0.000       20.000
   380:       25.000        0.000        0.000        0.000       20.000
   385:       25.000        0.000        0.000        0.000       14.000
   390:       26.000        0.000        0.000        0.000       20.000
   395:       26.000        0.000        0.000        0.000       20.000
   400:       26.000        0.000        0.000        0.000       14.000
   405:       27.000        0.000        0.000        0.000       20.000
   410:       27.000        0.000        0.000        0.000       20.000
   415:       27.000        0.000        0.000        0.000       13.000
   420:       28.000        0.000        0.000        0.000       20.000
   425:       28.000        0.000        0.000        0.000       20.000
   430:       28.000        0.000        0.000        0.000       14.000
   435:       29.000        0.000        0.000        0.000       20.000
   440:       29.000        0.000        0.000        0.000       20.000
   445:       29.000        0.000        0.000        0.000       15.000
   450:       30.000        0.000        0.000        0.000       20.000
   455:       30.000        0.000        0.000        0.000       20.000
   460:       30.000        0.000        0.000        0.000       16.000
   465:       31.000        0.000        0.000        0.000       20.000
   470:       31.000        0.000        0.000        0.000       20.000
   475:       31.000        0.000        0.000        0.000       19.000
   480:       32.000        0.000        0.000        0.000       20.000
   485:       32.000        0.000        0.000        0.000       20.000
   490:       32.000        0.000        0.000        0.000       15.000
   495:       33.000        0.000        0.000        0.000       20.000
   500:       33.000        0.000        0.000        0.000       20.000
   505:       33.000        0.000        0.000        0.000       14.000
   510:       34.000        0.000        0.000        0.000       20.000
   515:       34.000        0.000        0.000        0.000       20.000
   520:       34.000        0.000        0.000        0.000       13.000
   525:       35.000        0.000        0.000        0.000       20.000
   530:       35.000        0.000        0.000        0.000       20.000
   535:       35.000        0.000        0.000        0.000       15.000
   540:       36.000        0.000        0.000        0.000       20.000
   545:       36.000        0.000        0.000        0.000       20.000
   550:       36.000        0.000        0.000        0.000       13.000
   555:       37.000        0.000        0.000        0.000       20.000
   560:       37.000        0.000        0.000        0.000       20.000
   565:       37.000        0.000        0.000        0.000       14.000
   570:       38.000        0.000        0.000        0.000       20.000
   575:       38.000        0.000        0.000        0.000       20.000
   580:       38.000        0.000        0.000        0.000       15.000
   585:       39.000        0.000        0.000        0.000       20.000
   590:       39.000        0.000        0.000        0.000       20.000
   595:       39.000        0.000        0.000        0.000       12.000
   600:       40.000        0.000        0.000        0.000       20.000
   605:       40.000        0.000        0.000        0.000       20.000
   610:       40.000        0.000        0.000        0.000       15.000
   615:       41.000        0.000        0.000        0.000       20.000
   620:       41.000        0.000        0.000        0.000       20.000
   625:       41.000        0.000        0.000        0.000       15.000
   630:       42.000        0.000        0.000        0.000       20.000
   635:       42.000        0.000        0.000        0.000       20.000
   640:       42.000        0.000        0.000        0.000       16.000
   645:       43.000        0.000        0.000        0.000       20.000
   650:       43.000        0.000        0.000        0.000       20.000
   655:       43.000        0.000        0.000        0.000       12.000
   660:       44.000        0.000        0.000        0.000       20.000
   665:       44.000        0.000        0.000        0.000       20.000
   670:       44.000        0.000        0.000        0.000       14.000
   675:       45.000        0.000        0.000        0.000       20.000
   680:       45.000        0.000        0.000        0.000       20.000
   685:       45.000        0.000        0.000        0.000       18.000
   690:       46.000        0.000        0.000        0.000       20.000
   695:       46.000        0.000        0.000        0.000       20.000
   700:       46.000        0.000        0.000        0.000       12.000
   705:       47.000        0.000        0.000        0.000       20.000
   710:       47.000        0.000        0.000        0.000       20.000
   715:       47.000        0.000        0.000        0.000       11.000
   720:       48.000        0.000        0.000        0.000       20.000
   725:       48.000        0.000        0.000        0.000       20.000
   730:       48.000        0.000        0.000        0.000       17.000
   735:       49.000        0.000        0.000        0.000       20.000
   740:       49.000        0.000        0.000        0.000       20.000
   745:       49.000        0.000        0.000        0.000       18.000
   750:       50.000        0.000        0.000        0.000       20.000
   755:       50.000        0.000        0.000        0.000       20.000
   760:       50.000        0.000        0.000        0.000       15.000
   765:       51.000        0.000        0.000        0.000       20.000
   770:       51.000        0.000        0.000        0.000       20.000
   775:       51.000        0.000        0.000        0.000       14.000
   780:       52.000        0.000        0.000        0.000       20.000
   785:       52.000        0.000        0.000        0.000       20.000
   790:       52.000        0.000        0.000        0.000       18.000
   795:       53.000        0.000        0.000        0.000       20.000
   800:       53.000        0.000        0.000        0.000       20.000
   805:       53.000        0.000        0.000        0.000       14.000
   810:       54.000        0.000        0.000        0.000       20.000
   815:       54.000        0.000        0.000        0.000       20.000
   820:       54.000        0.000        0.000        0.000       16.000
   825:       55.000        0.000        0.000        0.000       20.000
   830:       55.000        0.000        0.000        0.000       20.000
   835:       55.000        0.000        0.000        0.000       18.000
   840:       56.000        0.000        0.000        0.000       20.000
   845:       56.000        0.000        0.000        0.000       20.000
   850:       56.000        0.000        0.000        0.000       16.000
   855:       57.000        0.000        0.000        0.000       20.000
   860:       57.000        0.000        0.000        0.000       20.000
   865:       57.000        0.000        0.000        0.000       19.000
   870:       58.000        0.000        0.000        0.000       20.000
   875:       58.000        0.000        0.000        0.000       20.000
   880:       58.000        0.000        0.000        0.000       15.000
   885:       59.000        0.000        0.000        0.000       20.000
   890:       59.000        0.000        0.000        0.000       20.000
   895:       59.000        0.000        0.000        0.000       16.000
   900:       60.000        0.000        0.000        0.000       20.000
   905:       60.000        0.000        0.000        0.000       20.000
   910:       60.000        0.000        0.000        0.000       14.000
   915:       61.000        0.000        0.000        0.000       20.000
   920:       61.000        0.000        0.000        0.000       20.000
   925:       61.000        0.000        0.000        0.000       17.000
   930:       62.000        0.000        0.000        0.000       20.000
   935:       62.000        0.000        0.000        0.000       20.000
   940:       62.000        0.000        0.000        0.000       15.000
   945:       63.000        0.000        0.000        0.000       20.000
   950:       63.000        0.000        0.000        0.000       20.000
   955:       63.000        0.000        0.000        0.000       13.000
   960:       64.000        0.000        0.000        0.000       20.000
   965:       64.000        0.000        0.000        0.000       20.000
   970:       64.000        0.000        0.000        0.000       11.000
D:
     0:        0.000        0.000        0.000        0.000        0.000
     5:        0.000        0.000        0.000        0.000        0.000
    10:        0.000        0.000        0.000        0.000        0.000
    15:        1.000       15.000       90.000       40.000       60.000
    20:        1.000        0.000        0.000        0.000        0.000
    25:        1.000       25.000       80.000       15.000       15.150
    30:        2.000      107.000      182.000      132.000      138.950
    35:        2.000      153.950      154.950      133.950      153.950
    40:        2.000      117.000      172.000      107.000      107.150
    45:        3.000      197.000      272.000      222.000      242.000
    50:        3.000        0.000        0.000        0.000        0.000
    55:        3.000      207.000      262.000      197.000      197.150
    60:        4.000      290.000      365.000      315.000      335.000
    65:        4.000        0.000        0.000        0.000        0.000
    70:        4.000      300.000      355.000      290.000      290.150
    75:        5.000      381.000      456.000      406.000      426.000
    80:        5.000        0.000        0.000        0.000        0.000
    85:        5.000      391.000      446.000      381.000      381.150
    90:        6.000      472.000      547.000      497.000      517.000
    95:        6.000        0.000        0.000        0.000        0.000
   100:        6.000      482.000      537.000      472.000      472.150
   105:        7.000      564.000      639.000      589.000      613.260
   110:        7.000      628.260      629.260      608.260      628.260
   115:        7.000      574.000      629.000      564.000      564.150
   120:        8.000      656.000      731.000      681.000      701.000
   125:        8.000        0.000        0.000        0.000        0.000
   130:        8.000      666.000      721.000      656.000      656.150
   135:        9.000      745.000      820.000      770.000      790.000
   140:        9.000        0.000        0.000        0.000        0.000
   145:        9.000      755.000      810.000      745.000      745.150
   150:       10.000      839.000      914.000      864.000      884.000
   155:       10.000        0.000        0.000        0.000        0.000
   160:       10.000      849.000      904.000      839.000      839.150
   165:       11.000      931.000     1006.000      956.000      976.000
   170:       11.000        0.000        0.000        0.000        0.000
   175:       11.000      941.000      996.000      931.000      931.150
   180:       12.000     1016.000     1091.000     1041.000     1061.000
   185:       12.000        0.000        0.000        0.000        0.000
   190:       12.000     1026.000     1081.000     1016.000     1016.150
   195:       13.000     1105.000     1180.000     1130.000     1150.000
   200:       13.000        0.000        0.000        0.000        0.000
   205:       13.000     1115.000     1170.000     1105.000     1105.150
   210:       14.000     1195.000     1270.000     1220.000     1240.000
   215:       14.000        0.000        0.000        0.000        0.000
   220:       14.000     1205.000     1260.000     1195.000     1195.150
   225:       15.000     1285.000     1360.000     1310.000     1330.000
   230:       15.000        0.000        0.000        0.000        0.000
   235:       15.000     1295.000     1350.000     1285.000     1285.150
   240:       16.000     1373.000     1448.000     1398.000     1413.440
   245:       16.000     1428.440     1429.440     1408.440     1428.440
   250:       16.000     1383.000     1438.000     1373.000     1373.150
   255:       17.000     1463.000     1538.000     1488.000     1496.040
   260:       17.000     1511.040     1512.040     1491.040     1511.040
   265:       17.000     1473.000     1528.000     1463.000     1463.150
   270:       18.000     1553.000     1628.000     1578.000     1598.000
   275:       18.000        0.000        0.000        0.000        0.000
   280:       18.000     1563.000     1618.000     1553.000     1553.150
   285:       19.000     1644.000     1719.000     1669.000     1689.000
   290:       19.000        0.000        0.000        0.000        0.000
   295:       19.000     1654.000     1709.000     1644.000     1644.150
   300:       20.000     1739.000     1814.000     1764.000     1784.000
   305:       20.000        0.000        0.000        0.000        0.000
   310:       20.000     1749.000     1804.000     1739.000     1739.150
   315:       21.000     1833.000     1908.000     1858.000     1878.000
   320:       21.000        0.000        0.000        0.000        0.000
   325:       21.000     1843.000     1898.000     1833.000     1833.150
   330:       22.000     1921.000     1996.000     1946.000     1966.000
   335:       22.000        0.000        0.000        0.000        0.000
   340:       22.000     1931.000     1986.000     1921.000     1921.150
   345:       23.000     2012.000     2087.000     2037.000     2057.000
   350:       23.000        0.000        0.000        0.000        0.000
   355:       23.000     2022.000     2077.000     2012.000     2012.150
   360:       24.000     2105.000     2180.000     2130.000     2150.000
   365:       24.000        0.000        0.000        0.000        0.000
   370:       24.000     2115.000     2170.000     2105.000     2105.150
   375:       25.000     2194.000     2269.000     2219.000     2239.000
   380:       25.000        0.000        0.000        0.000        0.000
   385:       25.000     2204.000     2259.000     2194.000     2194.150
   390:       26.000     2283.000     2358.000     2308.000     2328.000
   395:       26.000        0.000        0.000        0.000        0.000
   400:       26.000     2293.000     2348.000     2283.000     2283.150
   405:       27.000     2372.000     2447.000     2397.000     2417.000
   410:       27.000        0.000        0.000        0.000        0.000
   415:       27.000     2382.000     2437.000     2372.000     2372.150
   420:       28.000     2460.000     2535.000     2485.000     2505.000
   425:       28.000        0.000        0.000        0.000        0.000
   430:       28.000     2470.000     2525.000     2460.000     2460.150
   435:       29.000     2549.000     2624.000     2574.000     2594.000
   440:       29.000        0.000        0.000        0.000        0.000
   445:       29.000     2559.000     2614.000     2549.000     2549.150
   450:       30.000     2639.000     2714.000     2664.000     2684.000
   455:       30.000        0.000        0.000        0.000        0.000
   460:       30.000     2649.000     2704.000     2639.000     2639.150
   465:       31.000     2730.000     2805.000     2755.000     2775.000
   470:       31.000        0.000        0.000        0.000        0.000
   475:       31.000     2740.000     2795.000     2730.000     2730.150
   480:       32.000     2824.000     2899.000     2849.000     2869.000
   485:       32.000        0.000        0.000        0.000        0.000
   490:       32.000     2834.000     2889.000     2824.000     2824.150
   495:       33.000     2914.000     2989.000     2939.000     2959.000
   500:       33.000        0.000        0.000        0.000        0.000
   505:       33.000     2924.000     2979.000     2914.000     2914.150
   510:       34.000     3003.000     3078.000     3028.000     3048.000
   515:       34.000        0.000        0.000        0.000        0.000
   520:       34.000     3013.000     3068.000     3003.000     3003.150
   525:       35.000     3091.000     3166.000     3116.000     3136.000
   530:       35.000        0.000        0.000        0.000        0.000
   535:       35.000     3101.000     3156.000     3091.000     3091.150
   540:       36.000     3181.000     3256.000     3206.000     3226.000
   545:       36.000        0.000        0.000        0.000        0.000
   550:       36.000     3191.000     3246.000     3181.000     3181.150
   555:       37.000     3269.000     3344.000     3294.000     3314.000
   560:       37.000        0.000        0.000        0.000        0.000
   565:       37.000     3279.000     3334.000     3269.000     3269.150
   570:       38.000     3358.000     3433.000     3383.000     3403.000
   575:       38.000        0.000        0.000        0.000        0.000
   580:       38.000     3368.000     3423.000     3358.000     3358.150
   585:       39.000     3448.000     3523.000     3473.000     3493.000
   590:       39.000        0.000        0.000        0.000        0.000
   595:       39.000     3458.000     3513.000     3448.000     3448.150
   600:       40.000     3535.000     3610.000     3560.000     3580.000
   605:       40.000        0.000        0.000        0.000        0.000
   610:       40.000     3545.000     3600.000     3535.000     3535.150
   615:       41.000     3625.000     3700.000     3650.000     3670.000
   620:       41.000        0.000        0.000        0.000        0.000
   625:       41.000     3635.000     3690.000     3625.000     3625.150
   630:       42.000     3715.000     3790.000     3740.000     3760.000
   635:       42.000        0.000        0.000        0.000        0.000
   640:       42.000     3725.000     3780.000     3715.000     3715.150
   645:       43.000     3806.000     3881.000     3831.000     3851.000
   650:       43.000        0.000        0.000        0.000        0.000
   655:       43.000     3816.000     3871.000     3806.000     3806.150
   660:       44.000     3893.000     3968.000     3918.000     3938.000
   665:       44.000        0.000        0.000        0.000        0.000
   670:       44.000     3903.000     3958.000     3893.000     3893.150
   675:       45.000     3982.000     4057.000     4007.000     4027.000
   680:       45.000        0.000        0.000        0.000        0.000
   685:       45.000     3992.000     4047.000     3982.000     3982.150
   690:       46.000     4075.000     4150.000     4100.000     4120.000
   695:       46.000        0.000        0.000        0.000        0.000
   700:       46.000     4085.000     4140.000     4075.000     4075.150
   705:       47.000     4162.000     4237.000     4187.000     4207.000
   710:       47.000        0.000        0.000        0.000        0.000
   715:       47.000     4172.000     4227.000     4162.000     4162.150
   720:       48.000     4248.000     4323.000     4273.000     4293.000
   725:       48.000        0.000        0.000        0.000        0.000
   730:       48.000     4258.000     4313.000     4248.000     4248.150
   735:       49.000     4340.000     4415.000     4365.000     4385.000
   740:       49.000        0.000        0.000        0.000        0.000
   745:       49.000     4350.000     4405.000     4340.000     4340.150
   750:       50.000     4433.000     4508.000     4458.000     4478.000
   755:       50.000        0.000        0.000        0.000        0.000
   760:       50.000     4443.000     4498.000     4433.000     4433.150
   765:       51.000     4523.000     4598.000     4548.000     4568.000
   770:       51.000        0.000        0.000        0.000        0.000
   775:       51.000     4533.000     4588.000     4523.000     4523.150
   780:       52.000     4612.000     4687.000     4637.000     4657.000
   785:       52.000        0.000        0.000        0.000        0.000
   790:       52.000     4622.000     4677.000     4612.000     4612.150
   795:       53.000     4705.000     4780.000     4730.000     4750.000
   800:       53.000        0.000        0.000        0.000        0.000
   805:       53.000     4715.000     4770.000     4705.000     4705.150
   810:       54.000     4794.000     4869.000     4819.000     4839.000
   815:       54.000        0.000        0.000        0.000        0.000
   820:       54.000     4804.000     4859.000     4794.000     4794.150
   825:       55.000     4885.000     4960.000     4910.000     4930.000
   830:       55.000        0.000        0.000        0.000        0.000
   835:       55.000     4895.000     4950.000     4885.000     4885.150
   840:       56.000     4978.000     5053.000     5003.000     5023.000
   845:       56.000        0.000        0.000        0.000        0.000
   850:       56.000     4988.000     5043.000     4978.000     4978.150
   855:       57.000     5069.000     5144.000     5094.000     5114.000
   860:       57.000        0.000        0.000        0.000        0.000
   865:       57.000     5079.000     5134.000     5069.000     5069.150
   870:       58.000     5163.000     5238.000     5188.000     5208.000
   875:       58.000        0.000        0.000        0.000        0.000
   880:       58.000     5173.000     5228.000     5163.000     5163.150
   885:       59.000     5253.000     5328.000     5278.000     5298.000
   890:       59.000        0.000        0.000        0.000        0.000
   895:       59.000     5263.000     5318.000     5253.000     5253.150
   900:       60.000     5344.000     5419.000     5369.000     5389.000
   905:       60.000        0.000        0.000        0.000        0.000
   910:       60.000     5354.000     5409.000     5344.000     5344.150
   915:       61.000     5433.000     5508.000     5458.000     5478.000
   920:       61.000        0.000        0.000        0.000        0.000
   925:       61.000     5443.000     5498.000     5433.000     5433.150
   930:       62.000     5525.000     5600.000     5550.000     5570.000
   935:       62.000        0.000        0.000        0.000        0.000
   940:       62.000     5535.000     5590.000     5525.000     5525.150
   945:       63.000     5615.000     5690.000     5640.000     5660.000
   950:       63.000        0.000        0.000        0.000        0.000
   955:       63.000     5625.000     5680.000     5615.000     5615.150
   960:       64.000     5703.000     5778.000     5728.000     5748.000
   965:       64.000        0.000        0.000        0.000        0.000
   970:       64.000     5713.000     5768.000     5703.000     5703.150
   975:       65.000     5789.000        0.000        0.000        0.000
   980:       65.000        0.000        0.000        0.000        0.000
   985:       65.000        0.000        0.000     5789.000     5789.150
F:
     0:      154.700      156.510      162.220      162.770      166.220
     5:      166.310      167.720      214.630      214.760      215.130
    10:      215.210      215.810      216.130      227.420      227.480
    15:      227.580      228.940      229.090      244.350      418.880
    20:      419.200     1411.100     1491.390     1491.630     1491.770
    25:     1501.500     1502.180     1502.650     1502.840     1504.040
G:
     0:     1444.530
H:
I:
K:
L:
     0:      133.950      608.260     1408.440     1491.040
M:
     0:       10.000       12.000       12.000       13.000       14.000
     5:       17.000       12.000       15.000       16.000       14.000
    10:       12.000       15.000       14.000       14.000       12.000
    15:       14.000       15.000       14.000       16.000       10.000
    20:       15.000       14.000       16.000       17.000       15.000
    25:       14.000       18.000       12.000       14.000       16.000
    30:       11.000       13.000       13.000       14.000       15.000
    35:       18.000       13.000       16.000       17.000       15.000
    40:       13.000       16.000       15.000       15.000       13.000
    45:       15.000       16.000       15.000       17.000       11.000
    50:       16.000       15.000       17.000       18.000       16.000
    55:       15.000       19.000       13.000       15.000       17.000
    60:       12.000       14.000       14.000       15.000       16.000
    65:       19.000       14.000       17.000       18.000       16.000
    70:       14.000       17.000       16.000       16.000       14.000
    75:       16.000       17.000       16.000       18.000       12.000
    80:       17.000       16.000       18.000       19.000       17.000
    85:       16.000       20.000       14.000       16.000       19.000
    90:       13.000       14.000       13.000       19.000       13.000
    95:       15.000       14.000       13.000       14.000
P:
     0:      153.950      154.450      154.950      628.260      628.760
     5:      629.260     1428.440     1428.940     1429.440     1511.040
    10:     1511.540     1512.040
R:
     0:      133.950      608.260     1408.440     1491.040
V:
W:
     0:        1.000        1.000        1.000        1.000        1.000
     5:        1.000        1.000        1.000        1.000        1.000
    10:        1.000        1.000        1.000        1.000        1.000
    15:        1.000        1.000        1.000        1.000        1.000
    20:        1.000        1.000        1.000        1.000        1.000
    25:        1.000        1.000        1.000        1.000        1.000
    30:        1.000        1.000        1.000        1.000        1.000
    35:        1.000
X:
     0:       15.000       15.150      107.000      107.150      197.000
     5:      197.150      290.000      290.150      381.000      381.150
    10:      472.000      472.150      564.000      564.150      656.000
    15:      656.150      745.000      745.150      839.000      839.150
    20:      931.000      931.150     1016.000     1016.150     1105.000
    25:     1105.150     1195.000     1195.150     1285.000     1285.150
    30:     1373.000     1373.150     1463.000     1463.150     1553.000
    35:     1553.150     1644.000     1644.150     1739.000     1739.150
    40:     1833.000     1833.150     1921.000     1921.150     2012.000
    45:     2012.150     2105.000     2105.150     2194.000     2194.150
    50:     2283.000     2283.150     2372.000     2372.150     2460.000
    55:     2460.150     2549.000     2549.150     2639.000     2639.150
    60:     2730.000     2730.150     2824.000     2824.150     2914.000
    65:     2914.150     3003.000     3003.150     3091.000     3091.150
    70:     3181.000     3181.150     3269.000     3269.150     3358.000
    75:     3358.150     3448.000     3448.150     3535.000     3535.150
    80:     3625.000     3625.150     3715.000     3715.150     3806.000
    85:     3806.150     3893.000     3893.150     3982.000     3982.150
    90:     4075.000     4075.150     4162.000     4162.150     4248.000
    95:     4248.150     4340.000     4340.150     4433.000     4433.150
   100:     4523.000     4523.150     4612.000     4612.150     4705.000
   105:     4705.150     4794.000     4794.150     4885.000     4885.150
   110:     4978.000     4978.150     5069.000     5069.150     5163.000
   115:     5163.150     5253.000     5253.150     5344.000     5344.150
   120:     5433.000     5433.150     5525.000     5525.150     5615.000
   125:     5615.150     5703.000     5703.150     5789.000     5789.150
Y:
Z:
     0:        0.000        4.000        4.000        0.000        0.000
     5:        0.000       12.000      130.000        0.000        0.000
    10:        0.000       30.000        1.000        0.000        0.000
    15:        0.000
