File: C:\MED-PC IV\Data\Tarun\RM-B12_RM036\postBaseplate\R21\S01_R21_FR1_20s_100trials


Start Date: 06/23/17
End Date: 06/23/17
Subject: 21
Experiment: 0
Group: 0
Box: 5
Start Time:  9:19:51
End Time: 11:50:35
MSN: MiniScope_FR1-3p_100trials_05222017
A:       0.000
E:       0.000
J:     101.000
N:       0.000
O:       0.000
Q:       0.000
S:       0.000
T:    9014.000
U:       0.000
B:
     0:        0.000       10.000       10.000       15.000       20.000
     5:       20.000       20.000       10.000       14.000      100.000
    10:        1.000        3.000       15.000        0.010        1.000
    15:        0.000        0.000        5.000       20.000        5.000
C:
     0:      100.000       99.000      308.000        1.000        0.828
     5:        0.000      297.000       99.000        5.000        0.828
    10:        0.000     2190.000      242.000        0.000       15.020
    15:        1.000        1.000        4.000        0.000        7.190
    20:        1.000        3.000        1.000        0.000        7.190
    25:        1.000        5.000        0.000        0.000       14.000
    30:        2.000        0.000        0.000        0.000       20.000
    35:        2.000        0.000        0.000        0.000       20.000
    40:        2.000        3.000        1.000        0.000       13.000
    45:        3.000        1.000        7.000        0.000        1.820
    50:        3.000        3.000        1.000        0.000        1.820
    55:        3.000       22.000        0.000        0.000       12.000
    60:        4.000        1.000        4.000        0.000        2.780
    65:        4.000        3.000        1.000        0.000        2.780
    70:        4.000       17.000        0.000        0.000       13.000
    75:        5.000        1.000        4.000        0.000        1.120
    80:        5.000        3.000        1.000        0.000        1.120
    85:        5.000       29.000       14.000        0.000       14.000
    90:        6.000        1.000        3.000        0.000        1.740
    95:        6.000        3.000        1.000        0.000        1.740
   100:        6.000       13.000        9.000        0.000       10.000
   105:        7.000        1.000        8.000        0.000        0.340
   110:        7.000        3.000        1.000        0.000        0.340
   115:        7.000        9.000        2.000        0.000       19.000
   120:        8.000        1.000        8.000        0.000        5.640
   125:        8.000        3.000        1.000        0.000        5.640
   130:        8.000        8.000        2.000        0.000       16.000
   135:        9.000        1.000        4.000        0.000        0.530
   140:        9.000        3.000        1.000        0.000        0.530
   145:        9.000       17.000        0.000        0.000       17.000
   150:       10.000        1.000        2.000        0.000        2.170
   155:       10.000        3.000        1.000        0.000        2.170
   160:       10.000       25.000        6.000        0.000       15.000
   165:       11.000        1.000        4.000        0.000        0.680
   170:       11.000        3.000        1.000        0.000        0.680
   175:       11.000       20.000        4.000        0.000       13.000
   180:       12.000        1.000        3.000        0.000        0.900
   185:       12.000        3.000        1.000        0.000        0.900
   190:       12.000       18.000        0.000        0.000       16.000
   195:       13.000        1.000        5.000        0.000        0.940
   200:       13.000        3.000        1.000        0.000        0.940
   205:       13.000       38.000        7.000        0.000       13.000
   210:       14.000        1.000        1.000        0.000        2.840
   215:       14.000        3.000        1.000        0.000        2.840
   220:       14.000       42.000        3.000        0.000       14.000
   225:       15.000        1.000        4.000        0.000        0.310
   230:       15.000        3.000        1.000        0.000        0.310
   235:       15.000       18.000       25.000        0.000       13.000
   240:       16.000        1.000        6.000        0.000        0.380
   245:       16.000        3.000        1.000        0.000        0.380
   250:       16.000       28.000        1.000        0.000       15.000
   255:       17.000        1.000        5.000        0.000        0.100
   260:       17.000        3.000        1.000        0.000        0.100
   265:       17.000       34.000       37.000        0.000       16.000
   270:       18.000        1.000        4.000        0.000        0.370
   275:       18.000        3.000        1.000        0.000        0.370
   280:       18.000       15.000        8.000        0.000       15.000
   285:       19.000        1.000        8.000        0.000        0.320
   290:       19.000        3.000        1.000        0.000        0.320
   295:       19.000       23.000        1.000        0.000       16.000
   300:       20.000        1.000        4.000        0.000        0.470
   305:       20.000        3.000        1.000        0.000        0.470
   310:       20.000       21.000        3.000        0.000       14.000
   315:       21.000        1.000        4.000        0.000        0.590
   320:       21.000        3.000        1.000        0.000        0.590
   325:       21.000       30.000        0.000        0.000       16.000
   330:       22.000        1.000        3.000        0.000        0.840
   335:       22.000        3.000        1.000        1.000        0.840
   340:       22.000       20.000        4.000        0.000       17.000
   345:       23.000        1.000        2.000        0.000        0.280
   350:       23.000        3.000        1.000        0.000        0.280
   355:       23.000       16.000       56.000        0.000       12.000
   360:       24.000        1.000        3.000        0.000        0.330
   365:       24.000        3.000        1.000        0.000        0.330
   370:       24.000       13.000        0.000        0.000       17.000
   375:       25.000        1.000        4.000        0.000        0.290
   380:       25.000        3.000        1.000        0.000        0.290
   385:       25.000       30.000        3.000        0.000       16.000
   390:       26.000        1.000        1.000        0.000        0.900
   395:       26.000        3.000        1.000        0.000        0.900
   400:       26.000       16.000        2.000        0.000       19.000
   405:       27.000        1.000        6.000        0.000        0.250
   410:       27.000        3.000        1.000        0.000        0.250
   415:       27.000       14.000        3.000        0.000       18.000
   420:       28.000        1.000        4.000        0.000        0.500
   425:       28.000        3.000        1.000        0.000        0.500
   430:       28.000       20.000        1.000        0.000       14.000
   435:       29.000        1.000        2.000        0.000        0.370
   440:       29.000        3.000        1.000        1.000        0.370
   445:       29.000       18.000        3.000        0.000       14.000
   450:       30.000        1.000        4.000        0.000        0.420
   455:       30.000        3.000        1.000        0.000        0.420
   460:       30.000       23.000        0.000        0.000       14.000
   465:       31.000        1.000        2.000        0.000        0.270
   470:       31.000        3.000        1.000        0.000        0.270
   475:       31.000       10.000        0.000        0.000       17.000
   480:       32.000        1.000        2.000        0.000        0.410
   485:       32.000        3.000        1.000        0.000        0.410
   490:       32.000       27.000        2.000        0.000       17.000
   495:       33.000        1.000        1.000        0.000        0.300
   500:       33.000        3.000        1.000        0.000        0.300
   505:       33.000       24.000        0.000        0.000       15.000
   510:       34.000        1.000        2.000        0.000        0.430
   515:       34.000        3.000        1.000        0.000        0.430
   520:       34.000       13.000        0.000        0.000       13.000
   525:       35.000        1.000        8.000        0.000        0.230
   530:       35.000        3.000        1.000        0.000        0.230
   535:       35.000       35.000       14.000        0.000       15.000
   540:       36.000        1.000        3.000        0.000        0.310
   545:       36.000        3.000        1.000        0.000        0.310
   550:       36.000       25.000        2.000        0.000       19.000
   555:       37.000        1.000        2.000        0.000        0.370
   560:       37.000        3.000        1.000        0.000        0.370
   565:       37.000       18.000        0.000        0.000       15.000
   570:       38.000        1.000        2.000        1.000        0.260
   575:       38.000        3.000        1.000        0.000        0.260
   580:       38.000       15.000        0.000        0.000       13.000
   585:       39.000        1.000        2.000        0.000        0.250
   590:       39.000        3.000        1.000        0.000        0.250
   595:       39.000       20.000        0.000        0.000       18.000
   600:       40.000        1.000        3.000        0.000        0.420
   605:       40.000        3.000        1.000        1.000        0.420
   610:       40.000       21.000        2.000        0.000       10.000
   615:       41.000        1.000        2.000        0.000        0.260
   620:       41.000        3.000        1.000        0.000        0.260
   625:       41.000       15.000        1.000        0.000       14.000
   630:       42.000        1.000        3.000        0.000        0.240
   635:       42.000        3.000        1.000        0.000        0.240
   640:       42.000       14.000        0.000        0.000       16.000
   645:       43.000        1.000        2.000        0.000        0.280
   650:       43.000        3.000        1.000        0.000        0.280
   655:       43.000       14.000        0.000        0.000       12.000
   660:       44.000        1.000        5.000        0.000        0.380
   665:       44.000        3.000        1.000        0.000        0.380
   670:       44.000       23.000        0.000        0.000       14.000
   675:       45.000        1.000        2.000        0.000        0.420
   680:       45.000        3.000        1.000        0.000        0.420
   685:       45.000       27.000        0.000        0.000       18.000
   690:       46.000        1.000        7.000        0.000        1.330
   695:       46.000        3.000        1.000        0.000        1.330
   700:       46.000       24.000        2.000        0.000       13.000
   705:       47.000        1.000        3.000        0.000        0.260
   710:       47.000        3.000        1.000        0.000        0.260
   715:       47.000       11.000        0.000        0.000       18.000
   720:       48.000        1.000        2.000        0.000        0.690
   725:       48.000        3.000        1.000        0.000        0.690
   730:       48.000       12.000        0.000        0.000       15.000
   735:       49.000        1.000        4.000        0.000        0.240
   740:       49.000        3.000        1.000        0.000        0.240
   745:       49.000       18.000        3.000        0.000       17.000
   750:       50.000        1.000        2.000        0.000        0.340
   755:       50.000        3.000        1.000        0.000        0.340
   760:       50.000       15.000        0.000        0.000       12.000
   765:       51.000        1.000        5.000        0.000        0.350
   770:       51.000        3.000        1.000        0.000        0.350
   775:       51.000       23.000        0.000        0.000       17.000
   780:       52.000        1.000        2.000        0.000        0.350
   785:       52.000        3.000        1.000        0.000        0.350
   790:       52.000       16.000        0.000        0.000       14.000
   795:       53.000        1.000        4.000        0.000        0.900
   800:       53.000        3.000        1.000        0.000        0.900
   805:       53.000       20.000        0.000        0.000       18.000
   810:       54.000        1.000        2.000        0.000        0.370
   815:       54.000        3.000        1.000        0.000        0.370
   820:       54.000       20.000        0.000        0.000       18.000
   825:       55.000        1.000        2.000        0.000        0.670
   830:       55.000        3.000        1.000        0.000        0.670
   835:       55.000       17.000        0.000        0.000       15.000
   840:       56.000        1.000        4.000        0.000        0.340
   845:       56.000        3.000        1.000        0.000        0.340
   850:       56.000       31.000        0.000        0.000       14.000
   855:       57.000        1.000        3.000        0.000        0.300
   860:       57.000        3.000        1.000        0.000        0.300
   865:       57.000       24.000        0.000        0.000       13.000
   870:       58.000        1.000        2.000        0.000        0.370
   875:       58.000        3.000        1.000        0.000        0.370
   880:       58.000       27.000        0.000        0.000       14.000
   885:       59.000        1.000        2.000        0.000        0.390
   890:       59.000        3.000        1.000        0.000        0.390
   895:       59.000       40.000        0.000        0.000       15.000
   900:       60.000        1.000        2.000        0.000       10.730
   905:       60.000        3.000        1.000        0.000       10.730
   910:       60.000       22.000        0.000        0.000       12.000
   915:       61.000        1.000        3.000        0.000        0.430
   920:       61.000        3.000        1.000        0.000        0.430
   925:       61.000       18.000        2.000        0.000       14.000
   930:       62.000        1.000        2.000        0.000        0.260
   935:       62.000        3.000        1.000        0.000        0.260
   940:       62.000       27.000        0.000        0.000       12.000
   945:       63.000        1.000        1.000        0.000        0.530
   950:       63.000        3.000        1.000        0.000        0.530
   955:       63.000       29.000        0.000        0.000       14.000
   960:       64.000        1.000        2.000        0.000        0.970
   965:       64.000        3.000        1.000        0.000        0.970
   970:       64.000       24.000        0.000        0.000       16.000
   975:       65.000        1.000        5.000        0.000        0.250
   980:       65.000        3.000        1.000        0.000        0.250
   985:       65.000       31.000        0.000        0.000       14.000
   990:       66.000        1.000        2.000        0.000        0.550
   995:       66.000        3.000        1.000        0.000        0.550
  1000:       66.000       26.000        1.000        0.000       11.000
  1005:       67.000        1.000        2.000        0.000        1.060
  1010:       67.000        3.000        1.000        0.000        1.060
  1015:       67.000       24.000        0.000        0.000       16.000
  1020:       68.000        1.000        2.000        0.000        0.630
  1025:       68.000        3.000        1.000        0.000        0.630
  1030:       68.000       29.000        0.000        0.000       16.000
  1035:       69.000        1.000        2.000        0.000        0.690
  1040:       69.000        3.000        1.000        0.000        0.690
  1045:       69.000       36.000        0.000        0.000       12.000
  1050:       70.000        1.000        5.000        0.000        0.620
  1055:       70.000        3.000        1.000        0.000        0.620
  1060:       70.000       17.000        0.000        0.000       15.000
  1065:       71.000        1.000        3.000        0.000        0.230
  1070:       71.000        3.000        1.000        2.000        0.230
  1075:       71.000       22.000        2.000        0.000       15.000
  1080:       72.000        1.000        4.000        0.000        0.500
  1085:       72.000        3.000        1.000        0.000        0.500
  1090:       72.000       29.000        0.000        0.000       16.000
  1095:       73.000        1.000        4.000        0.000        0.360
  1100:       73.000        3.000        1.000        0.000        0.360
  1105:       73.000       46.000        6.000        0.000       15.000
  1110:       74.000        1.000        6.000        0.000        0.280
  1115:       74.000        3.000        1.000        0.000        0.280
  1120:       74.000        9.000        1.000        0.000       14.000
  1125:       75.000        1.000        5.000        0.000        0.350
  1130:       75.000        3.000        1.000        0.000        0.350
  1135:       75.000       32.000        0.000        0.000       17.000
  1140:       76.000        1.000        3.000        0.000        0.490
  1145:       76.000        3.000        1.000        0.000        0.490
  1150:       76.000       35.000        0.000        0.000       16.000
  1155:       77.000        1.000        6.000        0.000        0.390
  1160:       77.000        3.000        1.000        0.000        0.390
  1165:       77.000       21.000        4.000        0.000       16.000
  1170:       78.000        1.000        1.000        0.000        0.760
  1175:       78.000        3.000        1.000        0.000        0.760
  1180:       78.000       29.000        0.000        0.000       16.000
  1185:       79.000        1.000        1.000        0.000        0.610
  1190:       79.000        3.000        1.000        0.000        0.610
  1195:       79.000        2.000        0.000        0.000       15.000
  1200:       80.000        1.000        3.000        0.000        0.660
  1205:       80.000        3.000        1.000        0.000        0.660
  1210:       80.000       28.000        0.000        0.000       19.000
  1215:       81.000        1.000        1.000        0.000        0.550
  1220:       81.000        3.000        1.000        0.000        0.550
  1225:       81.000       34.000        0.000        0.000       15.000
  1230:       82.000        1.000        3.000        0.000        2.720
  1235:       82.000        3.000        1.000        0.000        2.720
  1240:       82.000        7.000        0.000        0.000       14.000
  1245:       83.000        1.000        1.000        0.000        0.380
  1250:       83.000        3.000        1.000        0.000        0.380
  1255:       83.000       15.000        0.000        0.000       16.000
  1260:       84.000        1.000        2.000        0.000        0.640
  1265:       84.000        3.000        1.000        0.000        0.640
  1270:       84.000       27.000        0.000        0.000       16.000
  1275:       85.000        1.000        2.000        0.000        0.730
  1280:       85.000        3.000        1.000        0.000        0.730
  1285:       85.000       33.000        0.000        0.000       11.000
  1290:       86.000        1.000        2.000        0.000        0.370
  1295:       86.000        3.000        1.000        0.000        0.370
  1300:       86.000       32.000        0.000        0.000       15.000
  1305:       87.000        1.000        2.000        0.000        0.560
  1310:       87.000        3.000        1.000        0.000        0.560
  1315:       87.000       27.000        1.000        0.000       14.000
  1320:       88.000        1.000        3.000        0.000        0.470
  1325:       88.000        3.000        1.000        0.000        0.470
  1330:       88.000       10.000        0.000        0.000       13.000
  1335:       89.000        1.000        2.000        0.000        0.840
  1340:       89.000        3.000        1.000        0.000        0.840
  1345:       89.000        7.000        1.000        0.000       17.000
  1350:       90.000        1.000        2.000        0.000        0.310
  1355:       90.000        3.000        1.000        0.000        0.310
  1360:       90.000       22.000        1.000        0.000       16.000
  1365:       91.000        1.000        1.000        0.000        0.440
  1370:       91.000        3.000        1.000        0.000        0.440
  1375:       91.000       25.000        0.000        0.000       17.000
  1380:       92.000        1.000        2.000        0.000        0.520
  1385:       92.000        3.000        1.000        0.000        0.520
  1390:       92.000       25.000        2.000        0.000       12.000
  1395:       93.000        1.000        2.000        0.000        0.560
  1400:       93.000        3.000        1.000        0.000        0.560
  1405:       93.000       19.000        0.000        0.000       20.000
  1410:       94.000        1.000        1.000        0.000        0.880
  1415:       94.000        3.000        1.000        0.000        0.880
  1420:       94.000       24.000        0.000        0.000       16.000
  1425:       95.000        1.000        2.000        0.000        0.500
  1430:       95.000        3.000        1.000        0.000        0.500
  1435:       95.000       11.000        0.000        0.000       15.000
  1440:       96.000        1.000        1.000        0.000        0.540
  1445:       96.000        3.000        1.000        0.000        0.540
  1450:       96.000       19.000        0.000        0.000       19.000
  1455:       97.000        1.000        1.000        0.000        0.260
  1460:       97.000        3.000        1.000        0.000        0.260
  1465:       97.000       38.000        0.000        0.000       17.000
  1470:       98.000        1.000        3.000        0.000        0.730
  1475:       98.000        3.000        1.000        0.000        0.730
  1480:       98.000       30.000        0.000        0.000       14.000
  1485:       99.000        1.000        1.000        0.000        0.740
  1490:       99.000        3.000        1.000        0.000        0.740
  1495:       99.000       16.000        0.000        0.000       13.000
  1500:      100.000        1.000        4.000        0.000        0.700
  1505:      100.000        3.000        1.000        0.000        0.700
  1510:      100.000       29.000        0.000        0.000       14.000
D:
     0:        0.000        0.000        0.000        0.000        0.000
     5:        0.000        0.000        0.000        0.000        0.000
    10:        0.000        0.000        0.000        0.000        0.000
    15:        1.000       15.000       90.000       40.000       52.190
    20:        1.000       67.190       68.190       47.190       67.190
    25:        1.000       25.000       80.000       15.000       15.150
    30:        2.000      104.000      179.000      129.000      149.000
    35:        2.000        0.000        0.000        0.000        0.000
    40:        2.000      114.000      169.000      104.000      104.150
    45:        3.000      192.000      267.000      217.000      223.820
    50:        3.000      238.820      239.820      218.820      238.820
    55:        3.000      202.000      257.000      192.000      192.150
    60:        4.000      279.000      354.000      304.000      311.780
    65:        4.000      326.780      327.780      306.780      326.780
    70:        4.000      289.000      344.000      279.000      279.150
    75:        5.000      367.000      442.000      392.000      398.120
    80:        5.000      413.120      414.120      393.120      413.120
    85:        5.000      377.000      432.000      367.000      367.150
    90:        6.000      456.000      531.000      481.000      487.740
    95:        6.000      502.740      503.740      482.740      502.740
   100:        6.000      466.000      521.000      456.000      456.150
   105:        7.000      541.000      616.000      566.000      571.340
   110:        7.000      586.340      587.340      566.340      586.340
   115:        7.000      551.000      606.000      541.000      541.150
   120:        8.000      635.000      710.000      660.000      670.640
   125:        8.000      685.640      686.640      665.640      685.640
   130:        8.000      645.000      700.000      635.000      635.150
   135:        9.000      726.000      801.000      751.000      756.530
   140:        9.000      771.530      772.530      751.530      771.530
   145:        9.000      736.000      791.000      726.000      726.150
   150:       10.000      818.000      893.000      843.000      850.170
   155:       10.000      865.170      866.170      845.170      865.170
   160:       10.000      828.000      883.000      818.000      818.150
   165:       11.000      908.000      983.000      933.000      938.680
   170:       11.000      953.680      954.680      933.680      953.680
   175:       11.000      918.000      973.000      908.000      908.150
   180:       12.000      996.000     1071.000     1021.000     1026.900
   185:       12.000     1041.900     1042.900     1021.900     1041.900
   190:       12.000     1006.000     1061.000      996.000      996.150
   195:       13.000     1087.000     1162.000     1112.000     1117.940
   200:       13.000     1132.940     1133.940     1112.940     1132.940
   205:       13.000     1097.000     1152.000     1087.000     1087.150
   210:       14.000     1175.000     1250.000     1200.000     1207.840
   215:       14.000     1222.840     1223.840     1202.840     1222.840
   220:       14.000     1185.000     1240.000     1175.000     1175.150
   225:       15.000     1264.000     1339.000     1289.000     1294.310
   230:       15.000     1309.310     1310.310     1289.310     1309.310
   235:       15.000     1274.000     1329.000     1264.000     1264.150
   240:       16.000     1352.000     1427.000     1377.000     1382.380
   245:       16.000     1397.380     1398.380     1377.380     1397.380
   250:       16.000     1362.000     1417.000     1352.000     1352.150
   255:       17.000     1442.000     1517.000     1467.000     1472.100
   260:       17.000     1487.100     1488.100     1467.100     1487.100
   265:       17.000     1452.000     1507.000     1442.000     1442.150
   270:       18.000     1533.000     1608.000     1558.000     1563.370
   275:       18.000     1578.370     1579.370     1558.370     1578.370
   280:       18.000     1543.000     1598.000     1533.000     1533.150
   285:       19.000     1623.000     1698.000     1648.000     1653.320
   290:       19.000     1668.320     1669.320     1648.320     1668.320
   295:       19.000     1633.000     1688.000     1623.000     1623.150
   300:       20.000     1714.000     1789.000     1739.000     1744.470
   305:       20.000     1759.470     1760.470     1739.470     1759.470
   310:       20.000     1724.000     1779.000     1714.000     1714.150
   315:       21.000     1803.000     1878.000     1828.000     1833.590
   320:       21.000     1848.590     1849.590     1828.590     1848.590
   325:       21.000     1813.000     1868.000     1803.000     1803.150
   330:       22.000     1894.000     1969.000     1919.000     1924.840
   335:       22.000     1939.840     1940.840     1919.840     1939.840
   340:       22.000     1904.000     1959.000     1894.000     1894.150
   345:       23.000     1986.000     2061.000     2011.000     2016.280
   350:       23.000     2031.280     2032.280     2011.280     2031.280
   355:       23.000     1996.000     2051.000     1986.000     1986.150
   360:       24.000     2073.000     2148.000     2098.000     2103.330
   365:       24.000     2118.330     2119.330     2098.330     2118.330
   370:       24.000     2083.000     2138.000     2073.000     2073.150
   375:       25.000     2165.000     2240.000     2190.000     2195.290
   380:       25.000     2210.290     2211.290     2190.290     2210.290
   385:       25.000     2175.000     2230.000     2165.000     2165.150
   390:       26.000     2256.000     2331.000     2281.000     2286.900
   395:       26.000     2301.900     2302.900     2281.900     2301.900
   400:       26.000     2266.000     2321.000     2256.000     2256.150
   405:       27.000     2350.000     2425.000     2375.000     2380.250
   410:       27.000     2395.250     2396.250     2375.250     2395.250
   415:       27.000     2360.000     2415.000     2350.000     2350.150
   420:       28.000     2443.000     2518.000     2468.000     2473.500
   425:       28.000     2488.500     2489.500     2468.500     2488.500
   430:       28.000     2453.000     2508.000     2443.000     2443.150
   435:       29.000     2532.000     2607.000     2557.000     2562.370
   440:       29.000     2577.370     2578.370     2557.370     2577.370
   445:       29.000     2542.000     2597.000     2532.000     2532.150
   450:       30.000     2621.000     2696.000     2646.000     2651.420
   455:       30.000     2666.420     2667.420     2646.420     2666.420
   460:       30.000     2631.000     2686.000     2621.000     2621.150
   465:       31.000     2710.000     2785.000     2735.000     2740.270
   470:       31.000     2755.270     2756.270     2735.270     2755.270
   475:       31.000     2720.000     2775.000     2710.000     2710.150
   480:       32.000     2802.000     2877.000     2827.000     2832.410
   485:       32.000     2847.410     2848.410     2827.410     2847.410
   490:       32.000     2812.000     2867.000     2802.000     2802.150
   495:       33.000     2894.000     2969.000     2919.000     2924.300
   500:       33.000     2939.300     2940.300     2919.300     2939.300
   505:       33.000     2904.000     2959.000     2894.000     2894.150
   510:       34.000     2984.000     3059.000     3009.000     3014.430
   515:       34.000     3029.430     3030.430     3009.430     3029.430
   520:       34.000     2994.000     3049.000     2984.000     2984.150
   525:       35.000     3072.000     3147.000     3097.000     3102.230
   530:       35.000     3117.230     3118.230     3097.230     3117.230
   535:       35.000     3082.000     3137.000     3072.000     3072.150
   540:       36.000     3162.000     3237.000     3187.000     3192.310
   545:       36.000     3207.310     3208.310     3187.310     3207.310
   550:       36.000     3172.000     3227.000     3162.000     3162.150
   555:       37.000     3256.000     3331.000     3281.000     3286.370
   560:       37.000     3301.370     3302.370     3281.370     3301.370
   565:       37.000     3266.000     3321.000     3256.000     3256.150
   570:       38.000     3346.000     3421.000     3371.000     3376.260
   575:       38.000     3391.260     3392.260     3371.260     3391.260
   580:       38.000     3356.000     3411.000     3346.000     3346.150
   585:       39.000     3434.000     3509.000     3459.000     3464.250
   590:       39.000     3479.250     3480.250     3459.250     3479.250
   595:       39.000     3444.000     3499.000     3434.000     3434.150
   600:       40.000     3527.000     3602.000     3552.000     3557.420
   605:       40.000     3572.420     3573.420     3552.420     3572.420
   610:       40.000     3537.000     3592.000     3527.000     3527.150
   615:       41.000     3612.000     3687.000     3637.000     3642.260
   620:       41.000     3657.260     3658.260     3637.260     3657.260
   625:       41.000     3622.000     3677.000     3612.000     3612.150
   630:       42.000     3701.000     3776.000     3726.000     3731.240
   635:       42.000     3746.240     3747.240     3726.240     3746.240
   640:       42.000     3711.000     3766.000     3701.000     3701.150
   645:       43.000     3792.000     3867.000     3817.000     3822.280
   650:       43.000     3837.280     3838.280     3817.280     3837.280
   655:       43.000     3802.000     3857.000     3792.000     3792.150
   660:       44.000     3879.000     3954.000     3904.000     3909.380
   665:       44.000     3924.380     3925.380     3904.380     3924.380
   670:       44.000     3889.000     3944.000     3879.000     3879.150
   675:       45.000     3968.000     4043.000     3993.000     3998.420
   680:       45.000     4013.420     4014.420     3993.420     4013.420
   685:       45.000     3978.000     4033.000     3968.000     3968.150
   690:       46.000     4061.000     4136.000     4086.000     4092.330
   695:       46.000     4107.330     4108.330     4087.330     4107.330
   700:       46.000     4071.000     4126.000     4061.000     4061.150
   705:       47.000     4149.000     4224.000     4174.000     4179.260
   710:       47.000     4194.260     4195.260     4174.260     4194.260
   715:       47.000     4159.000     4214.000     4149.000     4149.150
   720:       48.000     4242.000     4317.000     4267.000     4272.690
   725:       48.000     4287.690     4288.690     4267.690     4287.690
   730:       48.000     4252.000     4307.000     4242.000     4242.150
   735:       49.000     4332.000     4407.000     4357.000     4362.240
   740:       49.000     4377.240     4378.240     4357.240     4377.240
   745:       49.000     4342.000     4397.000     4332.000     4332.150
   750:       50.000     4424.000     4499.000     4449.000     4454.340
   755:       50.000     4469.340     4470.340     4449.340     4469.340
   760:       50.000     4434.000     4489.000     4424.000     4424.150
   765:       51.000     4511.000     4586.000     4536.000     4541.350
   770:       51.000     4556.350     4557.350     4536.350     4556.350
   775:       51.000     4521.000     4576.000     4511.000     4511.150
   780:       52.000     4603.000     4678.000     4628.000     4633.350
   785:       52.000     4648.350     4649.350     4628.350     4648.350
   790:       52.000     4613.000     4668.000     4603.000     4603.150
   795:       53.000     4692.000     4767.000     4717.000     4722.900
   800:       53.000     4737.900     4738.900     4717.900     4737.900
   805:       53.000     4702.000     4757.000     4692.000     4692.150
   810:       54.000     4785.000     4860.000     4810.000     4815.370
   815:       54.000     4830.370     4831.370     4810.370     4830.370
   820:       54.000     4795.000     4850.000     4785.000     4785.150
   825:       55.000     4878.000     4953.000     4903.000     4908.670
   830:       55.000     4923.670     4924.670     4903.670     4923.670
   835:       55.000     4888.000     4943.000     4878.000     4878.150
   840:       56.000     4968.000     5043.000     4993.000     4998.340
   845:       56.000     5013.340     5014.340     4993.340     5013.340
   850:       56.000     4978.000     5033.000     4968.000     4968.150
   855:       57.000     5057.000     5132.000     5082.000     5087.300
   860:       57.000     5102.300     5103.300     5082.300     5102.300
   865:       57.000     5067.000     5122.000     5057.000     5057.150
   870:       58.000     5145.000     5220.000     5170.000     5175.370
   875:       58.000     5190.370     5191.370     5170.370     5190.370
   880:       58.000     5155.000     5210.000     5145.000     5145.150
   885:       59.000     5234.000     5309.000     5259.000     5264.390
   890:       59.000     5279.390     5280.390     5259.390     5279.390
   895:       59.000     5244.000     5299.000     5234.000     5234.150
   900:       60.000     5324.000     5399.000     5349.000     5364.730
   905:       60.000     5379.730     5380.730     5359.730     5379.730
   910:       60.000     5334.000     5389.000     5324.000     5324.150
   915:       61.000     5411.000     5486.000     5436.000     5441.430
   920:       61.000     5456.430     5457.430     5436.430     5456.430
   925:       61.000     5421.000     5476.000     5411.000     5411.150
   930:       62.000     5500.000     5575.000     5525.000     5530.260
   935:       62.000     5545.260     5546.260     5525.260     5545.260
   940:       62.000     5510.000     5565.000     5500.000     5500.150
   945:       63.000     5587.000     5662.000     5612.000     5617.530
   950:       63.000     5632.530     5633.530     5612.530     5632.530
   955:       63.000     5597.000     5652.000     5587.000     5587.150
   960:       64.000     5676.000     5751.000     5701.000     5706.970
   965:       64.000     5721.970     5722.970     5701.970     5721.970
   970:       64.000     5686.000     5741.000     5676.000     5676.150
   975:       65.000     5767.000     5842.000     5792.000     5797.250
   980:       65.000     5812.250     5813.250     5792.250     5812.250
   985:       65.000     5777.000     5832.000     5767.000     5767.150
   990:       66.000     5856.000     5931.000     5881.000     5886.550
   995:       66.000     5901.550     5902.550     5881.550     5901.550
  1000:       66.000     5866.000     5921.000     5856.000     5856.150
  1005:       67.000     5942.000     6017.000     5967.000     5973.060
  1010:       67.000     5988.060     5989.060     5968.060     5988.060
  1015:       67.000     5952.000     6007.000     5942.000     5942.150
  1020:       68.000     6033.000     6108.000     6058.000     6063.630
  1025:       68.000     6078.630     6079.630     6058.630     6078.630
  1030:       68.000     6043.000     6098.000     6033.000     6033.150
  1035:       69.000     6124.000     6199.000     6149.000     6154.690
  1040:       69.000     6169.690     6170.690     6149.690     6169.690
  1045:       69.000     6134.000     6189.000     6124.000     6124.150
  1050:       70.000     6211.000     6286.000     6236.000     6241.620
  1055:       70.000     6256.620     6257.620     6236.620     6256.620
  1060:       70.000     6221.000     6276.000     6211.000     6211.150
  1065:       71.000     6301.000     6376.000     6326.000     6331.230
  1070:       71.000     6346.230     6347.230     6326.230     6346.230
  1075:       71.000     6311.000     6366.000     6301.000     6301.150
  1080:       72.000     6391.000     6466.000     6416.000     6421.500
  1085:       72.000     6436.500     6437.500     6416.500     6436.500
  1090:       72.000     6401.000     6456.000     6391.000     6391.150
  1095:       73.000     6482.000     6557.000     6507.000     6512.360
  1100:       73.000     6527.360     6528.360     6507.360     6527.360
  1105:       73.000     6492.000     6547.000     6482.000     6482.150
  1110:       74.000     6572.000     6647.000     6597.000     6602.280
  1115:       74.000     6617.280     6618.280     6597.280     6617.280
  1120:       74.000     6582.000     6637.000     6572.000     6572.150
  1125:       75.000     6661.000     6736.000     6686.000     6691.350
  1130:       75.000     6706.350     6707.350     6686.350     6706.350
  1135:       75.000     6671.000     6726.000     6661.000     6661.150
  1140:       76.000     6753.000     6828.000     6778.000     6783.490
  1145:       76.000     6798.490     6799.490     6778.490     6798.490
  1150:       76.000     6763.000     6818.000     6753.000     6753.150
  1155:       77.000     6844.000     6919.000     6869.000     6874.390
  1160:       77.000     6889.390     6890.390     6869.390     6889.390
  1165:       77.000     6854.000     6909.000     6844.000     6844.150
  1170:       78.000     6935.000     7010.000     6960.000     6965.760
  1175:       78.000     6980.760     6981.760     6960.760     6980.760
  1180:       78.000     6945.000     7000.000     6935.000     6935.150
  1185:       79.000     7026.000     7101.000     7051.000     7056.610
  1190:       79.000     7071.610     7072.610     7051.610     7071.610
  1195:       79.000     7036.000     7091.000     7026.000     7026.150
  1200:       80.000     7116.000     7191.000     7141.000     7146.660
  1205:       80.000     7161.660     7162.660     7141.660     7161.660
  1210:       80.000     7126.000     7181.000     7116.000     7116.150
  1215:       81.000     7210.000     7285.000     7235.000     7240.550
  1220:       81.000     7255.550     7256.550     7235.550     7255.550
  1225:       81.000     7220.000     7275.000     7210.000     7210.150
  1230:       82.000     7300.000     7375.000     7325.000     7332.720
  1235:       82.000     7347.720     7348.720     7327.720     7347.720
  1240:       82.000     7310.000     7365.000     7300.000     7300.150
  1245:       83.000     7389.000     7464.000     7414.000     7419.380
  1250:       83.000     7434.380     7435.380     7414.380     7434.380
  1255:       83.000     7399.000     7454.000     7389.000     7389.150
  1260:       84.000     7480.000     7555.000     7505.000     7510.640
  1265:       84.000     7525.640     7526.640     7505.640     7525.640
  1270:       84.000     7490.000     7545.000     7480.000     7480.150
  1275:       85.000     7571.000     7646.000     7596.000     7601.730
  1280:       85.000     7616.730     7617.730     7596.730     7616.730
  1285:       85.000     7581.000     7636.000     7571.000     7571.150
  1290:       86.000     7657.000     7732.000     7682.000     7687.370
  1295:       86.000     7702.370     7703.370     7682.370     7702.370
  1300:       86.000     7667.000     7722.000     7657.000     7657.150
  1305:       87.000     7747.000     7822.000     7772.000     7777.560
  1310:       87.000     7792.560     7793.560     7772.560     7792.560
  1315:       87.000     7757.000     7812.000     7747.000     7747.150
  1320:       88.000     7836.000     7911.000     7861.000     7866.470
  1325:       88.000     7881.470     7882.470     7861.470     7881.470
  1330:       88.000     7846.000     7901.000     7836.000     7836.150
  1335:       89.000     7924.000     7999.000     7949.000     7954.840
  1340:       89.000     7969.840     7970.840     7949.840     7969.840
  1345:       89.000     7934.000     7989.000     7924.000     7924.150
  1350:       90.000     8016.000     8091.000     8041.000     8046.310
  1355:       90.000     8061.310     8062.310     8041.310     8061.310
  1360:       90.000     8026.000     8081.000     8016.000     8016.150
  1365:       91.000     8107.000     8182.000     8132.000     8137.440
  1370:       91.000     8152.440     8153.440     8132.440     8152.440
  1375:       91.000     8117.000     8172.000     8107.000     8107.150
  1380:       92.000     8199.000     8274.000     8224.000     8229.520
  1385:       92.000     8244.520     8245.520     8224.520     8244.520
  1390:       92.000     8209.000     8264.000     8199.000     8199.150
  1395:       93.000     8286.000     8361.000     8311.000     8316.560
  1400:       93.000     8331.560     8332.560     8311.560     8331.560
  1405:       93.000     8296.000     8351.000     8286.000     8286.150
  1410:       94.000     8381.000     8456.000     8406.000     8411.880
  1415:       94.000     8426.880     8427.880     8406.880     8426.880
  1420:       94.000     8391.000     8446.000     8381.000     8381.150
  1425:       95.000     8472.000     8547.000     8497.000     8502.500
  1430:       95.000     8517.500     8518.500     8497.500     8517.500
  1435:       95.000     8482.000     8537.000     8472.000     8472.150
  1440:       96.000     8562.000     8637.000     8587.000     8592.540
  1445:       96.000     8607.540     8608.540     8587.540     8607.540
  1450:       96.000     8572.000     8627.000     8562.000     8562.150
  1455:       97.000     8656.000     8731.000     8681.000     8686.260
  1460:       97.000     8701.260     8702.260     8681.260     8701.260
  1465:       97.000     8666.000     8721.000     8656.000     8656.150
  1470:       98.000     8748.000     8823.000     8773.000     8778.730
  1475:       98.000     8793.730     8794.730     8773.730     8793.730
  1480:       98.000     8758.000     8813.000     8748.000     8748.150
  1485:       99.000     8837.000     8912.000     8862.000     8867.740
  1490:       99.000     8882.740     8883.740     8862.740     8882.740
  1495:       99.000     8847.000     8902.000     8837.000     8837.150
  1500:      100.000     8925.000     9000.000     8950.000     8955.700
  1505:      100.000     8970.700     8971.700     8950.700     8970.700
  1510:      100.000     8935.000     8990.000     8925.000     8925.150
F:
     0:       60.100       67.510       68.320       68.390       68.450
     5:      141.560      141.680      146.650      203.600      203.680
    10:      224.590      226.000      226.070      226.140      228.130
    15:      228.960      229.460      230.670      231.320      231.600
    20:      234.520      235.830      236.060      239.060      241.980
    25:      242.230      242.350      242.440      242.560      242.920
    30:      312.850      312.950      313.420      314.640      314.970
    35:      315.110      316.390      317.170      318.310      318.660
    40:      318.830      319.410      321.940      325.370      327.430
    45:      327.630      331.100      378.260      380.130      385.390
    50:      385.830      386.820      387.070      387.140      388.940
    55:      390.600      391.700      398.970      399.100      399.160
    60:      399.270      400.480      401.070      401.810      401.860
    65:      403.000      403.520      405.330      405.800      406.350
    70:      407.260      413.810      413.940      419.450      430.500
    75:      430.950      476.660      476.980      477.430      492.570
    80:      495.430      495.840      503.720      503.820      505.640
    85:      505.910      506.170      506.280      506.390      554.860
    90:      555.260      562.790      576.030      576.140      577.480
    95:      578.480      587.360      587.710      678.820      679.080
   100:      680.690      681.270      682.210      683.400      686.500
   105:      689.650      758.620      759.140      759.250      760.730
   110:      761.010      761.490      763.910      764.260      766.230
   115:      766.600      769.450      769.800      770.280      771.670
   120:      774.430      774.660      774.830      837.280      838.310
   125:      839.400      840.100      842.190      842.690      842.760
   130:      843.370      854.910      855.030      855.330      857.030
   135:      857.460      857.750      858.640      859.860      860.300
   140:      860.370      860.620      860.930      862.200      864.730
   145:      865.000      865.410      865.550      925.130      925.240
   150:      940.990      941.670      941.720      942.400      942.870
   155:      942.900      944.600      945.260      945.980      946.280
   160:      948.620      950.720      951.580      951.880      953.780
   165:      957.530      959.010      960.840     1015.230     1017.640
   170:     1017.900     1017.950     1027.930     1029.120     1031.270
   175:     1034.450     1039.090     1041.590     1041.650     1041.750
   180:     1042.050     1053.220     1053.330     1053.650     1054.030
   185:     1058.460     1097.130     1097.450     1098.080     1098.140
   190:     1101.240     1101.520     1101.610     1101.720     1102.040
   195:     1102.270     1102.340     1102.940     1103.000     1104.570
   200:     1104.890     1106.060     1106.150     1106.910     1107.000
   205:     1107.590     1108.630     1110.120     1112.060     1120.810
   210:     1121.850     1124.290     1126.590     1127.400     1129.170
   215:     1129.340     1129.660     1129.950     1130.100     1131.650
   220:     1132.080     1132.590     1132.680     1139.230     1192.570
   225:     1193.620     1193.700     1193.730     1194.790     1194.850
   230:     1194.910     1195.410     1195.570     1195.650     1197.680
   235:     1198.120     1198.390     1198.710     1199.020     1199.300
   240:     1199.450     1199.850     1200.330     1200.960     1210.630
   245:     1212.230     1212.910     1213.510     1214.400     1214.710
   250:     1215.470     1215.740     1216.500     1216.560     1218.490
   255:     1218.550     1218.880     1219.650     1220.220     1220.710
   260:     1222.900     1228.300     1228.990     1229.400     1230.260
   265:     1234.100     1279.200     1297.300     1298.700     1299.240
   270:     1301.490     1302.720     1302.760     1304.540     1305.030
   275:     1305.240     1306.340     1307.850     1308.480     1308.800
   280:     1309.100     1314.550     1314.860     1314.940     1383.850
   285:     1384.600     1385.300     1386.270     1388.060     1389.430
   290:     1390.770     1391.110     1392.050     1392.160     1392.690
   295:     1392.950     1393.050     1393.070     1393.520     1393.640
   300:     1394.150     1395.080     1395.380     1396.410     1397.060
   305:     1397.110     1401.420     1402.190     1402.300     1402.680
   310:     1403.180     1406.560     1452.160     1452.880     1460.440
   315:     1474.920     1475.600     1476.180     1478.200     1478.410
   320:     1480.940     1481.580     1482.010     1484.310     1485.810
   325:     1485.880     1487.150     1487.420     1487.670     1490.390
   330:     1492.670     1493.960     1494.880     1497.670     1498.340
   335:     1498.600     1501.700     1502.100     1502.460     1504.850
   340:     1504.940     1505.030     1505.140     1505.590     1505.730
   345:     1506.470     1567.740     1568.250     1568.310     1569.720
   350:     1570.330     1571.680     1571.790     1573.100     1573.590
   355:     1575.310     1575.570     1576.690     1576.770     1577.860
   360:     1579.080     1634.020     1655.480     1657.270     1657.370
   365:     1657.560     1657.850     1658.570     1660.320     1660.610
   370:     1662.130     1662.650     1664.230     1664.850     1665.500
   375:     1665.860     1666.740     1668.160     1668.280     1668.540
   380:     1671.740     1671.870     1671.980     1672.190     1725.260
   385:     1731.670     1735.680     1736.850     1737.480     1737.660
   390:     1738.770     1748.810     1750.680     1750.800     1751.040
   395:     1752.150     1754.980     1756.060     1757.310     1758.200
   400:     1759.500     1767.850     1769.610     1770.380     1771.520
   405:     1813.030     1817.560     1823.360     1836.100     1836.150
   410:     1836.310     1836.460     1837.230     1837.640     1837.750
   415:     1839.520     1840.390     1840.850     1841.980     1842.100
   420:     1842.670     1842.920     1843.010     1844.030     1844.730
   425:     1845.670     1846.160     1846.590     1846.950     1847.830
   430:     1848.010     1848.490     1848.800     1853.080     1853.230
   435:     1911.810     1927.990     1928.870     1931.010     1931.350
   440:     1931.730     1932.640     1934.940     1936.000     1936.710
   445:     1937.270     1937.590     1938.300     1938.320     1938.810
   450:     1939.540     1939.810     1940.460     1943.770     1945.700
   455:     2018.560     2020.280     2021.470     2022.600     2023.320
   460:     2024.030     2024.960     2025.020     2025.730     2026.320
   465:     2027.610     2028.570     2030.490     2030.890     2031.640
   470:     2036.370     2109.770     2110.900     2111.960     2112.670
   475:     2115.080     2116.360     2117.190     2118.450     2118.800
   480:     2123.200     2123.400     2123.980     2125.200     2196.460
   485:     2199.710     2201.260     2201.680     2202.090     2202.580
   490:     2203.570     2203.890     2204.170     2204.230     2204.480
   495:     2204.510     2204.730     2205.300     2205.510     2205.860
   500:     2205.870     2206.200     2206.770     2207.080     2207.790
   505:     2207.810     2208.550     2208.790     2209.230     2210.070
   510:     2210.750     2214.640     2216.520     2216.620     2287.830
   515:     2291.090     2292.290     2293.500     2294.750     2295.030
   520:     2295.750     2296.020     2300.260     2300.540     2301.520
   525:     2301.710     2302.250     2303.560     2307.170     2307.260
   530:     2381.930     2381.970     2384.570     2385.760     2385.840
   535:     2387.490     2389.720     2389.900     2391.870     2392.060
   540:     2392.330     2393.490     2395.850     2399.060     2474.360
   545:     2477.550     2477.610     2478.910     2479.010     2479.280
   550:     2480.100     2481.230     2481.590     2483.280     2484.710
   555:     2485.270     2485.430     2485.620     2486.110     2486.660
   560:     2487.070     2488.030     2488.050     2488.790     2553.840
   565:     2555.490     2564.100     2565.980     2566.060     2568.300
   570:     2569.350     2569.470     2570.490     2570.610     2571.010
   575:     2571.430     2571.940     2575.270     2576.580     2576.600
   580:     2576.710     2578.130     2652.380     2656.790     2656.950
   585:     2657.920     2658.220     2658.890     2660.050     2661.290
   590:     2661.330     2661.870     2662.600     2662.620     2663.000
   595:     2663.040     2663.120     2663.670     2665.400     2666.430
   600:     2666.930     2670.560     2671.260     2671.500     2671.640
   605:     2743.730     2745.300     2745.770     2750.240     2751.390
   610:     2753.430     2754.660     2754.730     2758.700     2758.910
   615:     2812.980     2826.530     2834.370     2834.410     2834.700
   620:     2835.900     2835.960     2836.260     2836.950     2837.220
   625:     2839.830     2840.930     2841.010     2841.090     2842.560
   630:     2842.690     2846.470     2847.320     2847.540     2852.790
   635:     2853.940     2854.040     2854.150     2854.580     2854.760
   640:     2855.200     2855.260     2925.340     2927.140     2927.860
   645:     2930.120     2930.350     2931.450     2932.270     2932.590
   650:     2933.560     2933.880     2934.560     2935.550     2935.700
   655:     2935.720     2936.140     2936.390     2937.380     2938.120
   660:     2938.340     2938.680     2939.580     2941.220     2942.420
   665:     2944.250     3017.940     3021.010     3022.780     3024.410
   670:     3025.310     3025.720     3025.910     3027.820     3028.610
   675:     3028.740     3029.310     3029.680     3033.300     3103.180
   680:     3103.520     3103.870     3105.040     3105.540     3105.840
   685:     3106.140     3106.160     3107.110     3107.150     3107.490
   690:     3108.220     3109.010     3109.610     3109.820     3110.520
   695:     3111.090     3112.610     3114.090     3114.300     3114.770
   700:     3115.340     3115.960     3116.370     3116.670     3116.780
   705:     3116.960     3128.210     3134.520     3134.710     3134.800
   710:     3134.990     3135.040     3135.410     3135.810     3193.740
   715:     3194.830     3196.380     3197.210     3197.580     3197.840
   720:     3198.150     3198.240     3199.230     3199.270     3199.420
   725:     3200.700     3202.070     3202.560     3205.090     3206.050
   730:     3206.880     3207.230     3207.810     3208.110     3209.390
   735:     3210.700     3210.840     3210.970     3211.290     3288.370
   740:     3290.370     3291.060     3291.700     3292.780     3294.480
   745:     3295.160     3295.900     3296.210     3296.520     3297.120
   750:     3298.280     3299.100     3299.430     3300.130     3300.190
   755:     3300.450     3302.110     3378.730     3379.820     3381.430
   760:     3382.650     3383.960     3384.690     3385.000     3385.140
   765:     3385.290     3387.410     3387.830     3389.600     3389.820
   770:     3391.850     3392.130     3465.120     3466.100     3466.150
   775:     3466.490     3467.400     3467.740     3468.040     3468.260
   780:     3468.820     3469.130     3470.760     3472.120     3472.370
   785:     3472.720     3473.590     3474.980     3475.520     3477.450
   790:     3480.180     3480.500     3543.960     3559.630     3559.890
   795:     3560.690     3560.850     3563.200     3564.970     3565.100
   800:     3566.030     3567.080     3568.510     3568.980     3570.280
   805:     3573.160     3575.290     3575.390     3575.470     3583.150
   810:     3585.500     3588.170     3590.280     3633.610     3643.370
   815:     3644.000     3645.060     3646.320     3646.840     3648.830
   820:     3649.950     3650.450     3652.610     3652.920     3655.680
   825:     3656.850     3658.700     3662.290     3738.150     3739.850
   830:     3740.690     3740.960     3741.010     3743.240     3743.790
   835:     3744.040     3744.090     3744.770     3744.830     3744.910
   840:     3745.430     3750.640     3823.370     3825.460     3826.620
   845:     3826.940     3827.040     3827.940     3828.410     3830.890
   850:     3830.990     3833.910     3834.030     3836.120     3837.960
   855:     3840.300     3911.350     3915.250     3915.360     3916.090
   860:     3916.340     3916.810     3916.860     3917.990     3918.100
   865:     3919.200     3919.590     3919.970     3920.740     3920.950
   870:     3921.670     3921.940     3924.200     3924.420     3924.570
   875:     3928.070     3933.790     3933.920     3935.850     3999.990
   880:     4000.090     4000.390     4000.540     4000.770     4001.120
   885:     4003.730     4003.790     4005.540     4005.630     4005.830
   890:     4008.420     4008.730     4008.960     4009.000     4009.460
   895:     4010.570     4011.880     4013.760     4014.530     4018.030
   900:     4020.140     4021.950     4022.430     4028.810     4029.220
   905:     4030.740     4081.240     4094.380     4094.460     4094.870
   910:     4096.170     4096.600     4096.730     4097.290     4097.960
   915:     4098.060     4098.140     4098.230     4099.510     4100.760
   920:     4101.740     4102.280     4102.910     4103.040     4103.080
   925:     4103.920     4104.050     4105.290     4105.430     4107.890
   930:     4184.730     4185.260     4187.120     4187.270     4187.650
   935:     4187.860     4189.420     4190.430     4192.200     4192.670
   940:     4195.350     4276.240     4277.340     4278.220     4278.600
   945:     4279.790     4279.860     4281.580     4284.740     4284.980
   950:     4287.920     4289.810     4290.950     4364.450     4366.130
   955:     4367.590     4367.750     4368.360     4368.480     4368.740
   960:     4369.730     4370.130     4370.770     4370.960     4374.750
   965:     4374.830     4374.880     4374.930     4376.030     4377.880
   970:     4379.590     4458.150     4459.300     4461.020     4461.090
   975:     4462.940     4463.170     4464.060     4464.500     4465.660
   980:     4466.290     4466.770     4467.480     4467.630     4468.190
   985:     4468.490     4535.460     4542.480     4542.670     4542.780
   990:     4543.370     4543.810     4545.760     4545.980     4546.390
   995:     4547.690     4549.070     4549.790     4551.280     4552.120
  1000:     4552.190     4552.250     4552.370     4554.920     4556.940
  1005:     4558.710     4560.630     4572.210     4573.250     4635.820
  1010:     4635.890     4638.560     4639.240     4639.580     4639.620
  1015:     4639.730     4639.780     4641.040     4641.080     4645.180
  1020:     4646.400     4646.410     4649.080     4649.550     4650.890
  1025:     4726.350     4727.000     4728.270     4728.320     4728.440
  1030:     4728.500     4730.090     4731.060     4733.310     4734.290
  1035:     4734.370     4734.400     4734.550     4736.460     4736.720
  1040:     4737.350     4738.130     4742.060     4742.240     4747.360
  1045:     4817.260     4817.830     4819.030     4820.560     4820.610
  1050:     4821.180     4821.390     4822.750     4822.890     4823.730
  1055:     4824.460     4825.970     4826.460     4826.620     4826.900
  1060:     4826.930     4827.470     4828.190     4829.580     4830.920
  1065:     4909.670     4913.780     4913.970     4914.010     4915.130
  1070:     4915.240     4915.600     4915.660     4916.580     4918.530
  1075:     4919.490     4919.600     4920.670     4921.610     4921.720
  1080:     4922.710     4923.920     4992.350     4992.470     4999.850
  1085:     5000.460     5000.820     5001.700     5001.830     5002.190
  1090:     5002.330     5002.410     5004.010     5004.260     5005.070
  1095:     5005.120     5005.600     5006.900     5007.420     5007.860
  1100:     5008.160     5010.670     5010.710     5011.260     5011.300
  1105:     5011.410     5011.930     5012.100     5012.560     5013.320
  1110:     5013.880     5020.080     5020.210     5088.320     5088.900
  1115:     5089.090     5089.850     5090.640     5090.780     5091.220
  1120:     5091.300     5091.320     5092.200     5092.470     5092.610
  1125:     5092.710     5092.960     5093.850     5094.560     5096.800
  1130:     5096.980     5097.440     5097.990     5099.150     5099.790
  1135:     5100.110     5102.730     5167.760     5176.370     5176.580
  1140:     5176.870     5177.000     5177.270     5177.510     5178.240
  1145:     5178.840     5179.200     5179.250     5179.380     5179.410
  1150:     5179.580     5179.810     5181.130     5181.170     5181.920
  1155:     5181.980     5182.200     5183.560     5184.150     5186.540
  1160:     5186.700     5189.530     5189.630     5189.830     5266.210
  1165:     5266.460     5266.670     5267.440     5267.670     5269.060
  1170:     5269.160     5269.430     5269.470     5269.600     5269.820
  1175:     5269.910     5269.980     5271.130     5271.800     5271.990
  1180:     5272.080     5272.110     5272.890     5273.090     5273.470
  1185:     5273.740     5273.780     5273.860     5273.900     5274.010
  1190:     5274.060     5274.130     5276.060     5276.580     5277.480
  1195:     5277.700     5278.240     5278.340     5279.850     5281.760
  1200:     5281.860     5284.430     5285.940     5286.350     5365.700
  1205:     5366.010     5370.700     5371.480     5371.920     5372.460
  1210:     5372.480     5373.760     5373.860     5374.260     5374.300
  1215:     5374.800     5376.410     5376.580     5376.920     5377.860
  1220:     5378.290     5378.750     5379.490     5379.600     5379.720
  1225:     5381.460     5442.360     5443.090     5444.200     5445.990
  1230:     5446.400     5447.830     5449.280     5449.690     5449.780
  1235:     5449.820     5449.970     5451.410     5452.860     5453.660
  1240:     5455.120     5455.320     5456.430     5458.460     5532.720
  1245:     5533.480     5533.620     5533.940     5534.210     5534.340
  1250:     5534.960     5535.130     5535.710     5536.330     5536.550
  1255:     5536.850     5536.900     5539.110     5539.130     5539.490
  1260:     5539.610     5540.440     5542.140     5542.770     5543.120
  1265:     5543.230     5543.350     5543.480     5545.930     5549.560
  1270:     5549.720     5618.450     5618.560     5620.040     5620.360
  1275:     5620.730     5621.170     5621.370     5621.630     5621.650
  1280:     5621.920     5621.990     5622.460     5623.310     5623.430
  1285:     5624.350     5624.400     5624.640     5625.150     5625.550
  1290:     5626.310     5626.760     5627.090     5627.180     5627.310
  1295:     5627.350     5630.770     5631.460     5631.480     5632.560
  1300:     5707.980     5710.540     5711.670     5711.960     5712.160
  1305:     5712.990     5713.470     5713.830     5714.790     5716.700
  1310:     5716.820     5716.970     5719.220     5719.590     5719.870
  1315:     5719.960     5720.550     5720.770     5720.980     5726.110
  1320:     5726.450     5727.920     5734.490     5734.630     5798.510
  1325:     5799.240     5799.680     5799.830     5800.370     5800.470
  1330:     5800.900     5801.610     5801.680     5802.910     5803.490
  1335:     5803.790     5803.890     5804.030     5804.160     5804.580
  1340:     5805.100     5806.820     5808.690     5808.850     5810.620
  1345:     5810.720     5811.090     5811.280     5811.410     5811.510
  1350:     5811.630     5811.930     5813.200     5818.080     5819.140
  1355:     5888.640     5888.920     5889.110     5890.570     5892.010
  1360:     5892.870     5893.350     5893.410     5893.930     5894.030
  1365:     5895.850     5896.180     5896.320     5896.350     5897.670
  1370:     5898.640     5898.900     5898.940     5899.890     5900.910
  1375:     5901.120     5901.160     5901.430     5901.560     5905.620
  1380:     5905.950     5977.110     5977.280     5978.040     5978.570
  1385:     5978.850     5980.060     5981.530     5981.700     5982.550
  1390:     5983.360     5984.010     5984.070     5984.130     5984.170
  1395:     5985.350     5985.630     5985.980     5986.550     5986.640
  1400:     5986.780     5987.380     5987.760     5988.620     5991.450
  1405:     6064.580     6065.290     6066.390     6067.890     6067.930
  1410:     6068.190     6069.400     6069.510     6069.680     6069.740
  1415:     6069.900     6071.220     6071.280     6071.730     6072.220
  1420:     6073.270     6073.520     6074.240     6074.430     6075.630
  1425:     6076.480     6076.610     6076.680     6076.800     6076.870
  1430:     6078.000     6078.530     6078.610     6079.430     6156.220
  1435:     6156.350     6156.540     6156.860     6157.160     6157.190
  1440:     6157.270     6157.310     6158.370     6158.900     6158.990
  1445:     6159.080     6160.370     6160.400     6160.880     6160.930
  1450:     6161.100     6161.130     6161.590     6161.650     6161.760
  1455:     6162.260     6163.460     6163.590     6163.740     6163.800
  1460:     6164.300     6164.990     6165.160     6165.360     6165.570
  1465:     6167.700     6167.890     6167.970     6168.400     6170.500
  1470:     6242.590     6247.050     6248.030     6249.390     6249.630
  1475:     6250.480     6250.980     6251.110     6251.200     6251.610
  1480:     6252.840     6253.570     6253.610     6253.890     6254.640
  1485:     6255.050     6256.460     6333.610     6333.990     6334.690
  1490:     6334.970     6335.930     6337.750     6339.390     6339.790
  1495:     6340.220     6340.430     6341.780     6341.940     6342.100
  1500:     6342.660     6343.310     6344.780     6345.050     6346.040
  1505:     6346.100     6350.640     6351.300     6352.490     6413.180
  1510:     6424.290     6425.460     6425.610     6425.960     6426.500
  1515:     6426.700     6427.880     6428.840     6428.900     6430.180
  1520:     6430.330     6431.030     6431.400     6431.510     6431.560
  1525:     6431.940     6432.070     6432.530     6433.620     6433.950
  1530:     6434.230     6435.770     6435.920     6435.990     6436.050
  1535:     6436.090     6440.560     6442.720     6513.440     6514.270
  1540:     6514.390     6514.460     6514.660     6515.070     6515.720
  1545:     6515.990     6516.950     6517.060     6517.180     6517.800
  1550:     6519.080     6519.130     6519.250     6519.280     6519.830
  1555:     6520.420     6520.780     6520.840     6521.380     6521.400
  1560:     6522.060     6523.650     6523.750     6525.540     6526.440
  1565:     6526.590     6527.360     6527.560     6535.120     6535.900
  1570:     6539.150     6539.670     6540.470     6540.860     6541.270
  1575:     6541.340     6541.490     6542.000     6542.400     6545.490
  1580:     6545.620     6545.790     6546.420     6546.530     6609.000
  1585:     6612.210     6614.040     6614.540     6614.760     6614.780
  1590:     6616.200     6617.100     6617.790     6693.960     6693.980
  1595:     6694.390     6694.810     6695.250     6695.500     6696.040
  1600:     6696.070     6696.350     6696.510     6696.580     6696.890
  1605:     6697.500     6697.740     6698.100     6699.920     6700.040
  1610:     6701.100     6701.560     6701.900     6702.000     6702.130
  1615:     6702.860     6703.440     6703.630     6705.140     6705.370
  1620:     6705.490     6706.330     6706.370     6706.650     6710.350
  1625:     6784.900     6786.040     6787.160     6787.190     6788.330
  1630:     6788.570     6789.000     6789.870     6790.190     6790.290
  1635:     6790.570     6790.590     6790.740     6790.850     6791.080
  1640:     6792.100     6792.370     6792.450     6793.260     6793.890
  1645:     6794.370     6794.580     6794.660     6794.730     6794.910
  1650:     6795.130     6795.200     6796.160     6796.260     6796.890
  1655:     6797.240     6797.320     6797.630     6798.760     6798.860
  1660:     6877.830     6878.950     6880.860     6881.230     6881.710
  1665:     6881.970     6882.490     6882.550     6882.630     6883.520
  1670:     6883.930     6884.850     6885.300     6887.110     6887.460
  1675:     6888.260     6888.640     6888.700     6888.920     6889.700
  1680:     6891.520     6967.530     6968.650     6969.540     6969.950
  1685:     6970.800     6971.030     6971.110     6971.490     6971.540
  1690:     6971.640     6972.870     6972.940     6975.250     6975.320
  1695:     6975.370     6976.410     6976.790     6977.420     6977.870
  1700:     6978.740     6978.990     6979.430     6979.700     6979.750
  1705:     6979.890     6979.930     6980.020     6988.510     6988.650
  1710:     7065.620     7072.100     7126.920     7127.240     7148.750
  1715:     7149.250     7149.950     7152.520     7153.930     7154.050
  1720:     7154.500     7154.870     7155.200     7155.230     7155.310
  1725:     7155.340     7155.510     7155.700     7156.020     7156.620
  1730:     7156.890     7156.920     7157.150     7157.220     7157.440
  1735:     7157.580     7161.370     7161.660     7161.960     7164.050
  1740:     7241.480     7241.910     7244.440     7245.350     7245.730
  1745:     7245.910     7246.090     7246.260     7246.390     7246.430
  1750:     7246.650     7246.970     7247.150     7247.220     7247.610
  1755:     7248.180     7248.690     7248.960     7250.250     7250.320
  1760:     7251.450     7251.580     7252.150     7252.580     7253.350
  1765:     7253.390     7253.740     7253.780     7254.090     7254.610
  1770:     7255.040     7255.930     7258.270     7265.360     7343.850
  1775:     7344.190     7344.480     7346.260     7348.210     7350.690
  1780:     7350.740     7427.470     7429.620     7429.750     7430.200
  1785:     7430.230     7431.640     7431.660     7432.710     7433.200
  1790:     7434.400     7434.440     7434.540     7434.800     7438.890
  1795:     7442.880     7516.520     7519.330     7519.730     7520.090
  1800:     7520.270     7520.310     7521.550     7521.770     7521.960
  1805:     7522.170     7522.480     7522.860     7523.620     7523.790
  1810:     7523.830     7524.190     7524.220     7524.340     7525.020
  1815:     7525.640     7525.770     7525.890     7531.580     7531.840
  1820:     7533.730     7533.850     7534.340     7604.770     7605.630
  1825:     7605.770     7606.130     7606.560     7606.700     7607.580
  1830:     7607.680     7607.720     7607.840     7607.890     7608.170
  1835:     7609.080     7609.650     7609.730     7611.070     7611.750
  1840:     7612.220     7612.350     7613.300     7614.010     7614.280
  1845:     7614.750     7615.070     7615.100     7615.320     7615.370
  1850:     7615.680     7615.920     7626.380     7626.470     7627.830
  1855:     7628.220     7688.610     7691.030     7692.150     7692.770
  1860:     7693.180     7693.350     7693.400     7694.320     7694.630
  1865:     7694.960     7695.120     7695.300     7695.850     7696.430
  1870:     7696.960     7697.050     7697.440     7697.640     7697.850
  1875:     7698.180     7698.330     7698.710     7698.890     7698.990
  1880:     7700.270     7701.270     7701.610     7701.630     7701.790
  1885:     7701.900     7710.880     7711.230     7779.320     7783.060
  1890:     7783.630     7783.680     7784.330     7784.700     7784.720
  1895:     7784.930     7785.550     7785.730     7785.840     7786.150
  1900:     7787.060     7787.730     7788.010     7788.730     7788.870
  1905:     7788.890     7789.080     7791.960     7801.920     7802.020
  1910:     7803.300     7803.590     7808.540     7808.740     7808.850
  1915:     7871.690     7873.490     7874.050     7874.790     7875.020
  1920:     7876.790     7878.660     7879.040     7881.420     7881.720
  1925:     7966.950     7967.160     7967.490     7968.600     7969.650
  1930:     7970.000     7971.390     8047.870     8053.320     8053.740
  1935:     8054.200     8057.610     8057.880     8058.240     8058.820
  1940:     8059.570     8059.710     8059.790     8060.000     8060.140
  1945:     8060.340     8060.460     8060.790     8061.190     8061.510
  1950:     8063.300     8078.560     8079.430     8079.650     8142.000
  1955:     8142.640     8142.920     8142.990     8143.220     8143.750
  1960:     8143.780     8143.980     8144.640     8144.660     8145.270
  1965:     8145.570     8146.370     8147.530     8148.960     8148.980
  1970:     8149.140     8150.790     8151.240     8151.730     8151.940
  1975:     8152.500     8152.880     8156.840     8157.920     8231.080
  1980:     8234.380     8234.850     8235.150     8235.340     8235.390
  1985:     8236.450     8237.010     8237.350     8238.420     8238.900
  1990:     8238.970     8239.390     8241.540     8241.690     8242.660
  1995:     8242.700     8242.880     8243.030     8257.790     8257.880
  2000:     8262.490     8262.790     8262.970     8263.390     8319.710
  2005:     8322.640     8324.500     8324.880     8326.740     8326.900
  2010:     8327.570     8328.370     8328.530     8328.560     8329.530
  2015:     8329.740     8330.310     8330.900     8331.160     8331.580
  2020:     8331.870     8344.530     8345.400     8413.110     8416.630
  2025:     8418.060     8418.530     8418.580     8418.650     8418.670
  2030:     8419.490     8419.680     8420.260     8420.650     8420.810
  2035:     8420.940     8421.050     8422.200     8422.650     8422.740
  2040:     8422.860     8423.560     8424.340     8424.600     8426.530
  2045:     8426.780     8430.020     8513.140     8513.280     8513.380
  2050:     8513.720     8515.110     8515.290     8515.560     8515.580
  2055:     8515.660     8516.280     8517.950     8594.410     8594.720
  2060:     8599.950     8600.810     8601.470     8602.260     8602.340
  2065:     8604.380     8605.070     8605.770     8606.900     8607.460
  2070:     8607.490     8607.720     8607.880     8611.240     8611.380
  2075:     8611.490     8611.720     8687.700     8687.910     8689.720
  2080:     8690.220     8690.580     8690.790     8690.920     8690.960
  2085:     8691.460     8691.520     8692.930     8693.460     8693.670
  2090:     8693.720     8694.070     8694.950     8695.200     8695.690
  2095:     8696.030     8696.170     8696.570     8697.230     8697.370
  2100:     8697.590     8697.690     8697.770     8698.270     8698.300
  2105:     8698.730     8700.200     8700.560     8700.660     8700.720
  2110:     8700.850     8700.890     8700.940     8701.270     8701.560
  2115:     8780.860     8781.170     8781.650     8782.320     8782.420
  2120:     8782.470     8783.280     8783.760     8784.450     8784.580
  2125:     8784.620     8784.710     8784.910     8785.500     8785.590
  2130:     8785.650     8786.420     8787.120     8787.600     8787.670
  2135:     8787.760     8789.360     8789.380     8790.320     8790.910
  2140:     8791.140     8791.430     8793.220     8793.250     8793.490
  2145:     8875.270     8875.620     8877.470     8877.560     8877.830
  2150:     8878.050     8878.360     8879.060     8879.690     8880.200
  2155:     8881.010     8881.570     8882.260     8882.330     8882.810
  2160:     8883.130     8960.270     8960.370     8960.510     8961.190
  2165:     8961.230     8961.800     8962.750     8962.970     8963.100
  2170:     8963.180     8963.230     8963.370     8963.460     8963.550
  2175:     8964.950     8966.020     8966.210     8966.410     8966.530
  2180:     8967.370     8967.620     8968.090     8969.330     8969.430
  2185:     8969.580     8969.610     8970.330     8970.410     8970.470
G:
     0:       90.780      360.680      360.780      363.890      365.710
     5:      365.780      367.080      369.030      369.170      369.540
    10:      373.610      373.800      374.020      375.320      375.420
    15:      450.740      450.810      522.870      524.200      525.270
    20:      529.600      530.200      530.830      530.960      531.080
    25:      536.810      702.830      705.760      801.760      805.330
    30:      807.350      807.910      810.470      813.730      905.220
    35:      915.160      915.340      915.470     1082.550     1085.900
    40:     1090.510     1090.720     1091.520     1096.450     1096.600
    45:     1180.040     1183.010     1183.290     1250.010     1250.130
    50:     1251.040     1251.390     1253.470     1253.810     1254.070
    55:     1254.580     1254.670     1255.000     1255.400     1255.460
    60:     1256.670     1256.750     1258.570     1259.290     1260.330
    65:     1260.710     1261.390     1265.610     1268.280     1270.140
    70:     1270.580     1273.220     1337.500     1424.420     1430.810
    75:     1431.170     1434.020     1434.120     1434.240     1435.570
    80:     1438.210     1439.280     1439.500     1439.580     1439.940
    85:     1439.990     1440.480     1443.020     1445.720     1446.490
    90:     1446.830     1446.900     1448.410     1448.590     1448.770
    95:     1448.950     1449.220     1449.300     1451.030     1451.570
   100:     1507.590     1508.420     1508.530     1508.690     1509.160
   105:     1509.420     1509.480     1509.610     1513.030     1514.300
   110:     1516.350     1517.540     1526.310     1529.840     1529.950
   115:     1530.060     1530.960     1531.210     1542.600     1626.390
   120:     1718.900     1780.780     1780.920     1885.610     1885.680
   125:     1892.130     1968.800     1971.980     1972.210     1972.580
   130:     1972.820     1972.990     1973.270     1973.330     1973.390
   135:     1975.940     1976.700     1976.870     1977.020     1977.180
   140:     1977.400     1977.570     1977.950     1978.770     1980.130
   145:     1980.360     1980.510     1980.830     1982.640     1982.760
   150:     1982.860     1983.110     1983.190     1983.710     1983.760
   155:     1983.860     1983.940     1984.920     1985.000     1985.270
   160:     1985.320     1985.590     1985.850     1986.070     1986.110
   165:     1986.350     1986.890     1987.140     1987.430     1987.660
   170:     1987.680     1987.790     1988.010     1988.060     1988.340
   175:     1988.490     1988.690     1988.850     1988.940     1988.990
   180:     1989.080     1989.810     1992.830     2148.950     2149.070
   185:     2173.290     2252.610     2252.760     2339.960     2345.850
   190:     2353.620     2517.330     2518.160     2520.760     2520.880
   195:     2800.000     2800.090     3060.870     3060.930     3137.250
   200:     3139.690     3139.760     3140.440     3140.530     3140.820
   205:     3141.130     3141.550     3141.720     3143.540     3143.760
   210:     3144.320     3149.580     3149.660     3515.160     3529.810
   215:     3620.460     4053.280     4053.450     4406.520     4406.780
   220:     4406.860     5408.350     5408.680     5925.210     6372.130
   225:     6372.280     6554.810     6554.950     6555.070     6555.560
   230:     6556.050     6556.310     6557.220     6916.920     6917.520
   235:     6918.020     6918.760     7813.440     7997.090     8000.870
   240:     8267.430     8267.970
H:
     0:     1891.140     2519.750     3528.350     6307.600     6371.150
I:
     0:     3409.090
K:
L:
     0:       47.190       47.320       48.290       51.740      218.820
     5:      219.100      220.490      220.580      222.290      222.770
    10:      223.340      306.780      308.490      308.950      309.670
    15:      393.120      393.680      395.550      395.760      482.740
    20:      483.090      484.870      566.340      566.790      567.310
    25:      567.570      567.730      567.990      568.470      568.940
    30:      665.640      665.910      666.160      666.760      667.490
    35:      668.380      669.110      669.260      751.530      752.360
    40:      752.560      752.800      845.170      847.410      933.680
    45:      934.280      937.480      937.720     1021.900     1023.170
    50:     1025.650     1112.940     1113.260     1113.410     1114.240
    55:     1117.710     1202.840     1289.310     1290.380     1293.260
    60:     1293.600     1377.380     1378.040     1378.200     1378.560
    65:     1378.820     1382.320     1467.100     1467.560     1467.870
    70:     1468.240     1468.640     1558.370     1559.180     1559.240
    75:     1559.480     1648.320     1648.750     1649.020     1649.210
    80:     1649.600     1649.670     1649.750     1652.430     1739.470
    85:     1740.220     1740.440     1744.450     1828.590     1829.440
    90:     1833.060     1833.380     1919.840     1920.480     1923.920
    95:     2011.280     2011.560     2098.330     2098.530     2102.240
   100:     2190.290     2190.970     2194.580     2194.730     2281.900
   105:     2375.250     2375.430     2375.640     2376.840     2379.390
   110:     2379.690     2468.500     2468.980     2469.240     2469.390
   115:     2557.370     2557.930     2646.420     2650.590     2650.630
   120:     2650.820     2735.270     2739.720     2827.410     2828.720
   125:     2919.300     3009.430     3009.710     3097.230     3097.780
   130:     3097.870     3098.010     3098.230     3098.830     3101.480
   135:     3101.780     3187.310     3187.530     3192.250     3281.370
   140:     3282.480     3371.260     3371.680     3459.250     3463.850
   145:     3552.420     3552.720     3555.590     3637.260     3637.820
   150:     3726.240     3726.800     3730.480     3817.280     3818.300
   155:     3904.380     3904.780     3905.170     3905.210     3905.750
   160:     3993.420     3993.750     4087.330     4087.700     4088.440
   165:     4088.670     4088.840     4091.830     4092.080     4174.260
   170:     4174.390     4175.110     4267.690     4268.540     4357.240
   175:     4357.280     4357.350     4357.640     4449.340     4450.370
   180:     4536.350     4536.420     4536.610     4537.270     4539.810
   185:     4628.350     4628.680     4717.900     4718.040     4718.330
   190:     4721.690     4810.370     4810.550     4903.670     4904.980
   195:     4993.340     4993.860     4997.300     4997.720     5082.300
   200:     5082.940     5083.110     5170.370     5171.400     5259.390
   205:     5260.100     5359.730     5360.370     5436.430     5436.820
   210:     5437.150     5525.260     5525.470     5612.530     5701.970
   215:     5702.290     5792.250     5792.380     5792.620     5793.190
   220:     5796.880     5881.550     5882.290     5968.060     5970.720
   225:     6058.630     6059.050     6149.690     6153.450     6236.620
   230:     6236.890     6237.500     6237.890     6238.800     6326.230
   235:     6327.760     6328.020     6416.500     6417.150     6417.270
   240:     6418.350     6507.360     6507.500     6508.400     6508.730
   245:     6597.280     6599.050     6599.260     6599.710     6601.060
   250:     6601.510     6686.350     6686.670     6687.180     6688.100
   255:     6688.540     6778.490     6779.090     6782.420     6869.390
   260:     6869.970     6870.260     6870.550     6870.790     6871.200
   265:     6960.760     7051.610     7141.660     7141.830     7145.350
   270:     7235.550     7327.720     7327.900     7329.430     7414.380
   275:     7505.640     7505.880     7596.730     7597.320     7682.370
   280:     7682.860     7772.560     7773.450     7861.470     7862.030
   285:     7862.230     7949.840     7951.130     8041.310     8041.670
   290:     8132.440     8224.520     8224.950     8311.560     8312.960
   295:     8406.880     8497.500     8497.830     8587.540     8681.260
   300:     8773.730     8777.880     8778.460     8862.740     8950.700
   305:     8950.860     8951.140     8951.550
M:
     0:       10.000       12.000       12.000       13.000       14.000
     5:       17.000       12.000       15.000       16.000       14.000
    10:       12.000       15.000       14.000       14.000       12.000
    15:       14.000       15.000       14.000       16.000       10.000
    20:       15.000       14.000       16.000       17.000       15.000
    25:       14.000       18.000       12.000       14.000       16.000
    30:       11.000       13.000       13.000       14.000       15.000
    35:       18.000       13.000       16.000       17.000       15.000
    40:       13.000       16.000       15.000       15.000       13.000
    45:       15.000       16.000       15.000       17.000       11.000
    50:       16.000       15.000       17.000       18.000       16.000
    55:       15.000       19.000       13.000       15.000       17.000
    60:       12.000       14.000       14.000       15.000       16.000
    65:       19.000       14.000       17.000       18.000       16.000
    70:       14.000       17.000       16.000       16.000       14.000
    75:       16.000       17.000       16.000       18.000       12.000
    80:       17.000       16.000       18.000       19.000       17.000
    85:       16.000       20.000       14.000       16.000       19.000
    90:       13.000       14.000       13.000       19.000       13.000
    95:       15.000       14.000       13.000       14.000
P:
     0:       67.190       67.690       68.190      238.820      239.320
     5:      239.820      326.780      327.280      327.780      413.120
    10:      413.620      414.120      502.740      503.240      503.740
    15:      586.340      586.840      587.340      685.640      686.140
    20:      686.640      771.530      772.030      772.530      865.170
    25:      865.670      866.170      953.680      954.180      954.680
    30:     1041.900     1042.400     1042.900     1132.940     1133.440
    35:     1133.940     1222.840     1223.340     1223.840     1309.310
    40:     1309.810     1310.310     1397.380     1397.880     1398.380
    45:     1487.100     1487.600     1488.100     1578.370     1578.870
    50:     1579.370     1668.320     1668.820     1669.320     1759.470
    55:     1759.970     1760.470     1848.590     1849.090     1849.590
    60:     1939.840     1940.340     1940.840     2031.280     2031.780
    65:     2032.280     2118.330     2118.830     2119.330     2210.290
    70:     2210.790     2211.290     2301.900     2302.400     2302.900
    75:     2395.250     2395.750     2396.250     2488.500     2489.000
    80:     2489.500     2577.370     2577.870     2578.370     2666.420
    85:     2666.920     2667.420     2755.270     2755.770     2756.270
    90:     2847.410     2847.910     2848.410     2939.300     2939.800
    95:     2940.300     3029.430     3029.930     3030.430     3117.230
   100:     3117.730     3118.230     3207.310     3207.810     3208.310
   105:     3301.370     3301.870     3302.370     3391.260     3391.760
   110:     3392.260     3479.250     3479.750     3480.250     3572.420
   115:     3572.920     3573.420     3657.260     3657.760     3658.260
   120:     3746.240     3746.740     3747.240     3837.280     3837.780
   125:     3838.280     3924.380     3924.880     3925.380     4013.420
   130:     4013.920     4014.420     4107.330     4107.830     4108.330
   135:     4194.260     4194.760     4195.260     4287.690     4288.190
   140:     4288.690     4377.240     4377.740     4378.240     4469.340
   145:     4469.840     4470.340     4556.350     4556.850     4557.350
   150:     4648.350     4648.850     4649.350     4737.900     4738.400
   155:     4738.900     4830.370     4830.870     4831.370     4923.670
   160:     4924.170     4924.670     5013.340     5013.840     5014.340
   165:     5102.300     5102.800     5103.300     5190.370     5190.870
   170:     5191.370     5279.390     5279.890     5280.390     5379.730
   175:     5380.230     5380.730     5456.430     5456.930     5457.430
   180:     5545.260     5545.760     5546.260     5632.530     5633.030
   185:     5633.530     5721.970     5722.470     5722.970     5812.250
   190:     5812.750     5813.250     5901.550     5902.050     5902.550
   195:     5988.060     5988.560     5989.060     6078.630     6079.130
   200:     6079.630     6169.690     6170.190     6170.690     6256.620
   205:     6257.120     6257.620     6346.230     6346.730     6347.230
   210:     6436.500     6437.000     6437.500     6527.360     6527.860
   215:     6528.360     6617.280     6617.780     6618.280     6706.350
   220:     6706.850     6707.350     6798.490     6798.990     6799.490
   225:     6889.390     6889.890     6890.390     6980.760     6981.260
   230:     6981.760     7071.610     7072.110     7072.610     7161.660
   235:     7162.160     7162.660     7255.550     7256.050     7256.550
   240:     7347.720     7348.220     7348.720     7434.380     7434.880
   245:     7435.380     7525.640     7526.140     7526.640     7616.730
   250:     7617.230     7617.730     7702.370     7702.870     7703.370
   255:     7792.560     7793.060     7793.560     7881.470     7881.970
   260:     7882.470     7969.840     7970.340     7970.840     8061.310
   265:     8061.810     8062.310     8152.440     8152.940     8153.440
   270:     8244.520     8245.020     8245.520     8331.560     8332.060
   275:     8332.560     8426.880     8427.380     8427.880     8517.500
   280:     8518.000     8518.500     8607.540     8608.040     8608.540
   285:     8701.260     8701.760     8702.260     8793.730     8794.230
   290:     8794.730     8882.740     8883.240     8883.740     8970.700
   295:     8971.200     8971.700
R:
     0:       47.190      218.820      306.780      393.120      482.740
     5:      566.340      665.640      751.530      845.170      933.680
    10:     1021.900     1112.940     1202.840     1289.310     1377.380
    15:     1467.100     1558.370     1648.320     1739.470     1828.590
    20:     1919.840     2011.280     2098.330     2190.290     2281.900
    25:     2375.250     2468.500     2557.370     2646.420     2735.270
    30:     2827.410     2919.300     3009.430     3097.230     3187.310
    35:     3281.370     3371.260     3459.250     3552.420     3637.260
    40:     3726.240     3817.280     3904.380     3993.420     4087.330
    45:     4174.260     4267.690     4357.240     4449.340     4536.350
    50:     4628.350     4717.900     4810.370     4903.670     4993.340
    55:     5082.300     5170.370     5259.390     5359.730     5436.430
    60:     5525.260     5612.530     5701.970     5792.250     5881.550
    65:     5968.060     6058.630     6149.690     6236.620     6326.230
    70:     6416.500     6507.360     6597.280     6686.350     6778.490
    75:     6869.390     6960.760     7051.610     7141.660     7235.550
    80:     7327.720     7414.380     7505.640     7596.730     7682.370
    85:     7772.560     7861.470     7949.840     8041.310     8132.440
    90:     8224.520     8311.560     8406.880     8497.500     8587.540
    95:     8681.260     8773.730     8862.740     8950.700
V:
W:
     0:        1.000        1.000        1.000        1.000        1.000
     5:        1.000        1.000        1.000        1.000        1.000
    10:        1.000        1.000        1.000        1.000        1.000
    15:        1.000        1.000        1.000        1.000        1.000
    20:        1.000        1.000        1.000        1.000        1.000
    25:        1.000        1.000        1.000        1.000        1.000
    30:        1.000        1.000        1.000        1.000        1.000
    35:        1.000        1.000        1.000        1.000        1.000
    40:        1.000        1.000        1.000        1.000        1.000
    45:        1.000        1.000        1.000        1.000        1.000
    50:        1.000        1.000        1.000        1.000        1.000
    55:        1.000        1.000        1.000        1.000        1.000
    60:        1.000        1.000        1.000        1.000        1.000
    65:        1.000        1.000        1.000        1.000        1.000
    70:        1.000        1.000        1.000        1.000        1.000
    75:        1.000        1.000        1.000        1.000        1.000
    80:        1.000        1.000        1.000        1.000        1.000
    85:        1.000        1.000        1.000        1.000        1.000
    90:        1.000        1.000        1.000        1.000        1.000
    95:        1.000        1.000        1.000        1.000        1.000
   100:        1.000        1.000        1.000        1.000        1.000
   105:        1.000        1.000        1.000        1.000        1.000
X:
     0:       15.000       15.150      104.000      104.150      192.000
     5:      192.150      279.000      279.150      367.000      367.150
    10:      456.000      456.150      541.000      541.150      635.000
    15:      635.150      726.000      726.150      818.000      818.150
    20:      908.000      908.150      996.000      996.150     1087.000
    25:     1087.150     1175.000     1175.150     1264.000     1264.150
    30:     1352.000     1352.150     1442.000     1442.150     1533.000
    35:     1533.150     1623.000     1623.150     1714.000     1714.150
    40:     1803.000     1803.150     1894.000     1894.150     1986.000
    45:     1986.150     2073.000     2073.150     2165.000     2165.150
    50:     2256.000     2256.150     2350.000     2350.150     2443.000
    55:     2443.150     2532.000     2532.150     2621.000     2621.150
    60:     2710.000     2710.150     2802.000     2802.150     2894.000
    65:     2894.150     2984.000     2984.150     3072.000     3072.150
    70:     3162.000     3162.150     3256.000     3256.150     3346.000
    75:     3346.150     3434.000     3434.150     3527.000     3527.150
    80:     3612.000     3612.150     3701.000     3701.150     3792.000
    85:     3792.150     3879.000     3879.150     3968.000     3968.150
    90:     4061.000     4061.150     4149.000     4149.150     4242.000
    95:     4242.150     4332.000     4332.150     4424.000     4424.150
   100:     4511.000     4511.150     4603.000     4603.150     4692.000
   105:     4692.150     4785.000     4785.150     4878.000     4878.150
   110:     4968.000     4968.150     5057.000     5057.150     5145.000
   115:     5145.150     5234.000     5234.150     5324.000     5324.150
   120:     5411.000     5411.150     5500.000     5500.150     5587.000
   125:     5587.150     5676.000     5676.150     5767.000     5767.150
   130:     5856.000     5856.150     5942.000     5942.150     6033.000
   135:     6033.150     6124.000     6124.150     6211.000     6211.150
   140:     6301.000     6301.150     6391.000     6391.150     6482.000
   145:     6482.150     6572.000     6572.150     6661.000     6661.150
   150:     6753.000     6753.150     6844.000     6844.150     6935.000
   155:     6935.150     7026.000     7026.150     7116.000     7116.150
   160:     7210.000     7210.150     7300.000     7300.150     7389.000
   165:     7389.150     7480.000     7480.150     7571.000     7571.150
   170:     7657.000     7657.150     7747.000     7747.150     7836.000
   175:     7836.150     7924.000     7924.150     8016.000     8016.150
   180:     8107.000     8107.150     8199.000     8199.150     8286.000
   185:     8286.150     8381.000     8381.150     8472.000     8472.150
   190:     8562.000     8562.150     8656.000     8656.150     8748.000
   195:     8748.150     8837.000     8837.150     8925.000     8925.150
Y:
Z:
     0:        0.000       99.000      308.000        1.000        5.000
     5:        0.000      297.000      200.000        0.000        0.000
    10:        0.000     2190.000      242.000        0.000        0.000
    15:        0.000
