File: C:\MED-PC IV\Data\Tarun\RM-B12_RM036\postBaseplate\R21\S03_R21_FR1_20s_100trials


Start Date: 06/26/17
End Date: 06/26/17
Subject: 21
Experiment: 0
Group: 0
Box: 4
Start Time:  8:56:18
End Time: 12:31:24
MSN: MiniScope_FR1-3p_100trials_05222017
A:       0.000
E:       0.000
J:     101.000
N:       0.000
O:       0.000
Q:       0.000
S:       0.000
T:    9015.000
U:       0.000
B:
     0:        0.000       10.000       10.000       15.000       20.000
     5:       20.000       20.000       10.000       15.000      100.000
    10:        1.000        3.000       15.000        0.010        1.000
    15:        0.000        0.000        5.000       20.000        5.000
C:
     0:      100.000       63.000      204.000        2.000        2.354
     5:        0.000      189.000       63.000        2.000        2.354
    10:        0.000      693.000       56.000        0.000       15.020
    15:        1.000        1.000        7.000        0.000        3.870
    20:        1.000        3.000        1.000        0.000        3.870
    25:        1.000        4.000        0.000        0.000       15.000
    30:        2.000        1.000        3.000        0.000        1.320
    35:        2.000        3.000        1.000        0.000        1.320
    40:        2.000       14.000        2.000        0.000       16.000
    45:        3.000        1.000        3.000        0.000        0.810
    50:        3.000        3.000        1.000        0.000        0.810
    55:        3.000       13.000        0.000        0.000       17.000
    60:        4.000        1.000        3.000        0.000        0.280
    65:        4.000        3.000        1.000        1.000        0.280
    70:        4.000       11.000        0.000        0.000       12.000
    75:        5.000        1.000        1.000        0.000        0.650
    80:        5.000        3.000        1.000        0.000        0.650
    85:        5.000       18.000        1.000        0.000       18.000
    90:        6.000        1.000        4.000        0.000        0.390
    95:        6.000        3.000        1.000        0.000        0.390
   100:        6.000       15.000        2.000        0.000       16.000
   105:        7.000        1.000        3.000        0.000        0.280
   110:        7.000        3.000        1.000        0.000        0.280
   115:        7.000        1.000        0.000        0.000       12.000
   120:        8.000        1.000        3.000        0.000        0.310
   125:        8.000        3.000        1.000        0.000        0.310
   130:        8.000       41.000        0.000        0.000       17.000
   135:        9.000        1.000        4.000        0.000        0.380
   140:        9.000        3.000        1.000        0.000        0.380
   145:        9.000       15.000        2.000        0.000       14.000
   150:       10.000        1.000        3.000        0.000        0.530
   155:       10.000        3.000        1.000        0.000        0.530
   160:       10.000       20.000        0.000        0.000       14.000
   165:       11.000        1.000        2.000        0.000        0.710
   170:       11.000        3.000        1.000        0.000        0.710
   175:       11.000       19.000        0.000        0.000       15.000
   180:       12.000        1.000        4.000        0.000        0.640
   185:       12.000        3.000        1.000        0.000        0.640
   190:       12.000       21.000        1.000        0.000       18.000
   195:       13.000        1.000        4.000        0.000        0.920
   200:       13.000        3.000        1.000        0.000        0.920
   205:       13.000       25.000        0.000        0.000       15.000
   210:       14.000        1.000        2.000        0.000        0.470
   215:       14.000        3.000        1.000        0.000        0.470
   220:       14.000       22.000        0.000        0.000       15.000
   225:       15.000        1.000        2.000        0.000        0.470
   230:       15.000        3.000        1.000        0.000        0.470
   235:       15.000        2.000        4.000        0.000       15.000
   240:       16.000        1.000        3.000        0.000        0.610
   245:       16.000        3.000        1.000        0.000        0.610
   250:       16.000       21.000        0.000        0.000       14.000
   255:       17.000        1.000        3.000        0.000        0.740
   260:       17.000        3.000        1.000        0.000        0.740
   265:       17.000       25.000        0.000        0.000       13.000
   270:       18.000        1.000        4.000        0.000        0.440
   275:       18.000        3.000        1.000        0.000        0.440
   280:       18.000       25.000        0.000        0.000       12.000
   285:       19.000        1.000        2.000        0.000        0.880
   290:       19.000        3.000        1.000        0.000        0.880
   295:       19.000       25.000        0.000        0.000       12.000
   300:       20.000        1.000        2.000        0.000        1.390
   305:       20.000        3.000        1.000        0.000        1.390
   310:       20.000       22.000        0.000        0.000       16.000
   315:       21.000        1.000        3.000        0.000        0.350
   320:       21.000        3.000        1.000        0.000        0.350
   325:       21.000       25.000        0.000        0.000       14.000
   330:       22.000        1.000        5.000        0.000        1.130
   335:       22.000        3.000        1.000        0.000        1.130
   340:       22.000       12.000        3.000        0.000       15.000
   345:       23.000        1.000        2.000        0.000        0.410
   350:       23.000        3.000        1.000        0.000        0.410
   355:       23.000       28.000        0.000        0.000       15.000
   360:       24.000        1.000        3.000        0.000        1.330
   365:       24.000        3.000        1.000        0.000        1.330
   370:       24.000       15.000        0.000        0.000       17.000
   375:       25.000        1.000        2.000        0.000        3.940
   380:       25.000        3.000        1.000        0.000        3.940
   385:       25.000        4.000        0.000        0.000       18.000
   390:       26.000        1.000        1.000        0.000        1.060
   395:       26.000        3.000        1.000        0.000        1.060
   400:       26.000       16.000        0.000        0.000       17.000
   405:       27.000        1.000        1.000        0.000        0.940
   410:       27.000        3.000        1.000        0.000        0.940
   415:       27.000        7.000        0.000        0.000       19.000
   420:       28.000        1.000        4.000        0.000        0.340
   425:       28.000        3.000        1.000        0.000        0.340
   430:       28.000       13.000        0.000        0.000       16.000
   435:       29.000        1.000        2.000        0.000        0.100
   440:       29.000        3.000        1.000        0.000        0.100
   445:       29.000       14.000        0.000        0.000       20.000
   450:       30.000        1.000        3.000        0.000        0.330
   455:       30.000        3.000        1.000        0.000        0.330
   460:       30.000       26.000        0.000        0.000       14.000
   465:       31.000        1.000        4.000        0.000        0.650
   470:       31.000        3.000        1.000        0.000        0.650
   475:       31.000       16.000        0.000        0.000       19.000
   480:       32.000        1.000        3.000        0.000        1.690
   485:       32.000        3.000        1.000        0.000        1.690
   490:       32.000       12.000        0.000        0.000       16.000
   495:       33.000        1.000        5.000        0.000        1.040
   500:       33.000        3.000        1.000        0.000        1.040
   505:       33.000        4.000        0.000        0.000       15.000
   510:       34.000        1.000        2.000        0.000        1.250
   515:       34.000        3.000        1.000        0.000        1.250
   520:       34.000        5.000        1.000        0.000       16.000
   525:       35.000        1.000        1.000        0.000        1.340
   530:       35.000        3.000        1.000        0.000        1.340
   535:       35.000       10.000        0.000        0.000       12.000
   540:       36.000        1.000        4.000        0.000        0.130
   545:       36.000        3.000        1.000        0.000        0.130
   550:       36.000        2.000        0.000        0.000       15.000
   555:       37.000        1.000        2.000        1.000        1.950
   560:       37.000        3.000        1.000        1.000        1.950
   565:       37.000        1.000        1.000        0.000       17.000
   570:       38.000        1.000        3.000        0.000        0.590
   575:       38.000        3.000        1.000        0.000        0.590
   580:       38.000        6.000        0.000        0.000       14.000
   585:       39.000        1.000        6.000        0.000        1.930
   590:       39.000        3.000        1.000        0.000        1.930
   595:       39.000        5.000        1.000        0.000       17.000
   600:       40.000        1.000        3.000        0.000        0.360
   605:       40.000        3.000        1.000        0.000        0.360
   610:       40.000        2.000        0.000        0.000       17.000
   615:       41.000        1.000        3.000        0.000        0.320
   620:       41.000        3.000        1.000        0.000        0.320
   625:       41.000        8.000        1.000        0.000       13.000
   630:       42.000        1.000        4.000        0.000        2.340
   635:       42.000        3.000        1.000        0.000        2.340
   640:       42.000        1.000        0.000        0.000       14.000
   645:       43.000        1.000        4.000        0.000        0.630
   650:       43.000        3.000        1.000        0.000        0.630
   655:       43.000        2.000        0.000        0.000       16.000
   660:       44.000        1.000        4.000        0.000        3.480
   665:       44.000        3.000        1.000        0.000        3.480
   670:       44.000        4.000        0.000        0.000       14.000
   675:       45.000        1.000        4.000        0.000        0.690
   680:       45.000        3.000        1.000        0.000        0.690
   685:       45.000        1.000        0.000        0.000       14.000
   690:       46.000        1.000        6.000        0.000        3.780
   695:       46.000        3.000        1.000        0.000        3.780
   700:       46.000        0.000        0.000        0.000       16.000
   705:       47.000        1.000        4.000        0.000        5.860
   710:       47.000        3.000        1.000        0.000        5.860
   715:       47.000        1.000        0.000        0.000       15.000
   720:       48.000        0.000        0.000        0.000       20.000
   725:       48.000        0.000        0.000        0.000       20.000
   730:       48.000        0.000        0.000        0.000       14.000
   735:       49.000        1.000        2.000        0.000       15.020
   740:       49.000        3.000        1.000        0.000       15.020
   745:       49.000        0.000        0.000        0.000       14.000
   750:       50.000        0.000        0.000        0.000       20.000
   755:       50.000        0.000        0.000        0.000       20.000
   760:       50.000        0.000        0.000        0.000       13.000
   765:       51.000        0.000        0.000        0.000       20.000
   770:       51.000        0.000        0.000        0.000       20.000
   775:       51.000        0.000        0.000        0.000       19.000
   780:       52.000        0.000        0.000        0.000       20.000
   785:       52.000        0.000        0.000        0.000       20.000
   790:       52.000        0.000        0.000        0.000       17.000
   795:       53.000        0.000        0.000        0.000       20.000
   800:       53.000        0.000        0.000        0.000       20.000
   805:       53.000        0.000        0.000        0.000       12.000
   810:       54.000        0.000        0.000        0.000       20.000
   815:       54.000        0.000        0.000        0.000       20.000
   820:       54.000        0.000        0.000        0.000       13.000
   825:       55.000        0.000        0.000        0.000       20.000
   830:       55.000        0.000        0.000        0.000       20.000
   835:       55.000        0.000        0.000        0.000       19.000
   840:       56.000        1.000        3.000        0.000        4.620
   845:       56.000        3.000        1.000        0.000        4.620
   850:       56.000        0.000        0.000        0.000       15.000
   855:       57.000        0.000        0.000        0.000       20.000
   860:       57.000        0.000        0.000        0.000       20.000
   865:       57.000        0.000        0.000        0.000       17.000
   870:       58.000        1.000        5.000        0.000        5.900
   875:       58.000        3.000        1.000        0.000        5.900
   880:       58.000        7.000        0.000        0.000       13.000
   885:       59.000        0.000        0.000        0.000       20.000
   890:       59.000        0.000        0.000        0.000       20.000
   895:       59.000        8.000        9.000        0.000       15.000
   900:       60.000        1.000        3.000        0.000        6.710
   905:       60.000        3.000        1.000        0.000        6.710
   910:       60.000       14.000        8.000        0.000       17.000
   915:       61.000        1.000        4.000        0.000        6.130
   920:       61.000        3.000        1.000        0.000        6.130
   925:       61.000        3.000        0.000        0.000       14.000
   930:       62.000        1.000        3.000        0.000        4.890
   935:       62.000        3.000        1.000        0.000        4.890
   940:       62.000        3.000        0.000        0.000       13.000
   945:       63.000        0.000        0.000        0.000       20.000
   950:       63.000        0.000        0.000        0.000       20.000
   955:       63.000        0.000        0.000        0.000       12.000
   960:       64.000        0.000        0.000        0.000       20.000
   965:       64.000        0.000        0.000        0.000       20.000
   970:       64.000        0.000        0.000        0.000       16.000
   975:       65.000        0.000        0.000        0.000       20.000
   980:       65.000        0.000        0.000        0.000       20.000
   985:       65.000        0.000        0.000        0.000       16.000
   990:       66.000        0.000        0.000        0.000       20.000
   995:       66.000        0.000        0.000        0.000       20.000
  1000:       66.000        0.000        0.000        0.000       15.000
  1005:       67.000        0.000        0.000        0.000       20.000
  1010:       67.000        0.000        0.000        0.000       20.000
  1015:       67.000        0.000        0.000        0.000       16.000
  1020:       68.000        0.000        0.000        0.000       20.000
  1025:       68.000        0.000        0.000        0.000       20.000
  1030:       68.000        0.000        0.000        0.000       14.000
  1035:       69.000        0.000        0.000        0.000       20.000
  1040:       69.000        0.000        0.000        0.000       20.000
  1045:       69.000        0.000        0.000        0.000       13.000
  1050:       70.000        0.000        0.000        1.000       20.000
  1055:       70.000        0.000        0.000        0.000       20.000
  1060:       70.000        0.000        0.000        0.000       16.000
  1065:       71.000        0.000        0.000        0.000       20.000
  1070:       71.000        0.000        0.000        0.000       20.000
  1075:       71.000        0.000        0.000        0.000       16.000
  1080:       72.000        1.000        3.000        0.000        0.470
  1085:       72.000        3.000        1.000        0.000        0.470
  1090:       72.000        8.000        1.000        0.000       13.000
  1095:       73.000        1.000        4.000        0.000       17.590
  1100:       73.000        3.000        1.000        0.000       17.590
  1105:       73.000       14.000       10.000        0.000       16.000
  1110:       74.000        0.000        0.000        0.000       20.000
  1115:       74.000        0.000        0.000        0.000       20.000
  1120:       74.000        3.000        4.000        0.000       18.000
  1125:       75.000        1.000        4.000        0.000        2.580
  1130:       75.000        3.000        1.000        0.000        2.580
  1135:       75.000        7.000        2.000        0.000       14.000
  1140:       76.000        0.000        0.000        0.000       20.000
  1145:       76.000        0.000        0.000        0.000       20.000
  1150:       76.000        0.000        0.000        0.000       14.000
  1155:       77.000        1.000        3.000        0.000        1.400
  1160:       77.000        3.000        1.000        0.000        1.400
  1165:       77.000       12.000        1.000        0.000       14.000
  1170:       78.000        0.000        0.000        0.000       20.000
  1175:       78.000        0.000        0.000        0.000       20.000
  1180:       78.000        0.000        0.000        0.000       17.000
  1185:       79.000        0.000        0.000        0.000       20.000
  1190:       79.000        0.000        0.000        0.000       20.000
  1195:       79.000        0.000        0.000        0.000       13.000
  1200:       80.000        0.000        0.000        0.000       20.000
  1205:       80.000        0.000        0.000        0.000       20.000
  1210:       80.000        0.000        0.000        0.000       12.000
  1215:       81.000        0.000        0.000        0.000       20.000
  1220:       81.000        0.000        0.000        0.000       20.000
  1225:       81.000        0.000        0.000        0.000       15.000
  1230:       82.000        0.000        0.000        0.000       20.000
  1235:       82.000        0.000        0.000        0.000       20.000
  1240:       82.000        0.000        0.000        0.000       16.000
  1245:       83.000        0.000        0.000        0.000       20.000
  1250:       83.000        0.000        0.000        0.000       20.000
  1255:       83.000        0.000        0.000        0.000       10.000
  1260:       84.000        0.000        0.000        0.000       20.000
  1265:       84.000        0.000        0.000        0.000       20.000
  1270:       84.000        0.000        0.000        0.000       11.000
  1275:       85.000        0.000        0.000        0.000       20.000
  1280:       85.000        0.000        0.000        0.000       20.000
  1285:       85.000        0.000        0.000        0.000       19.000
  1290:       86.000        0.000        0.000        0.000       20.000
  1295:       86.000        0.000        0.000        0.000       20.000
  1300:       86.000        0.000        0.000        0.000       14.000
  1305:       87.000        0.000        0.000        0.000       20.000
  1310:       87.000        0.000        0.000        0.000       20.000
  1315:       87.000        0.000        0.000        0.000       14.000
  1320:       88.000        0.000        0.000        0.000       20.000
  1325:       88.000        0.000        0.000        0.000       20.000
  1330:       88.000        0.000        0.000        0.000       16.000
  1335:       89.000        0.000        0.000        0.000       20.000
  1340:       89.000        0.000        0.000        0.000       20.000
  1345:       89.000        0.000        0.000        0.000       18.000
  1350:       90.000        0.000        0.000        0.000       20.000
  1355:       90.000        0.000        0.000        0.000       20.000
  1360:       90.000        0.000        0.000        0.000       10.000
  1365:       91.000        0.000        0.000        0.000       20.000
  1370:       91.000        0.000        0.000        0.000       20.000
  1375:       91.000        0.000        0.000        0.000       15.000
  1380:       92.000        0.000        0.000        0.000       20.000
  1385:       92.000        0.000        0.000        0.000       20.000
  1390:       92.000        3.000        0.000        0.000       13.000
  1395:       93.000        1.000        3.000        0.000        2.610
  1400:       93.000        3.000        1.000        0.000        2.610
  1405:       93.000        3.000        0.000        0.000       16.000
  1410:       94.000        1.000        4.000        0.000        3.300
  1415:       94.000        3.000        1.000        0.000        3.300
  1420:       94.000        2.000        2.000        0.000       14.000
  1425:       95.000        0.000        0.000        0.000       20.000
  1430:       95.000        0.000        0.000        0.000       20.000
  1435:       95.000        0.000        0.000        0.000       18.000
  1440:       96.000        1.000        1.000        0.000       14.410
  1445:       96.000        3.000        1.000        0.000       14.410
  1450:       96.000        1.000        0.000        0.000       16.000
  1455:       97.000        1.000        3.000        0.000        1.800
  1460:       97.000        3.000        1.000        0.000        1.800
  1465:       97.000        2.000        0.000        0.000       11.000
  1470:       98.000        1.000        5.000        0.000        4.050
  1475:       98.000        3.000        1.000        0.000        4.050
  1480:       98.000        2.000        0.000        0.000       13.000
  1485:       99.000        1.000        4.000        0.000        2.780
  1490:       99.000        3.000        1.000        0.000        2.780
  1495:       99.000        2.000        0.000        0.000       15.000
  1500:      100.000        0.000        0.000        0.000       20.000
  1505:      100.000        0.000        0.000        0.000       20.000
  1510:      100.000        0.000        0.000        0.000       15.000
D:
     0:        0.000        0.000        0.000        0.000        0.000
     5:        0.000        0.000        0.000        0.000        0.000
    10:        0.000        0.000        0.000        0.000        0.000
    15:        1.000       15.000       90.000       40.000       48.870
    20:        1.000       63.870       64.870       43.870       63.870
    25:        1.000       25.000       80.000       15.000       15.150
    30:        2.000      105.000      180.000      130.000      136.320
    35:        2.000      151.320      152.320      131.320      151.320
    40:        2.000      115.000      170.000      105.000      105.150
    45:        3.000      196.000      271.000      221.000      226.810
    50:        3.000      241.810      242.810      221.810      241.810
    55:        3.000      206.000      261.000      196.000      196.150
    60:        4.000      288.000      363.000      313.000      318.280
    65:        4.000      333.280      334.280      313.280      333.280
    70:        4.000      298.000      353.000      288.000      288.150
    75:        5.000      375.000      450.000      400.000      405.650
    80:        5.000      420.650      421.650      400.650      420.650
    85:        5.000      385.000      440.000      375.000      375.150
    90:        6.000      468.000      543.000      493.000      498.390
    95:        6.000      513.390      514.390      493.390      513.390
   100:        6.000      478.000      533.000      468.000      468.150
   105:        7.000      559.000      634.000      584.000      589.280
   110:        7.000      604.280      605.280      584.280      604.280
   115:        7.000      569.000      624.000      559.000      559.150
   120:        8.000      646.000      721.000      671.000      676.310
   125:        8.000      691.310      692.310      671.310      691.310
   130:        8.000      656.000      711.000      646.000      646.150
   135:        9.000      738.000      813.000      763.000      768.380
   140:        9.000      783.380      784.380      763.380      783.380
   145:        9.000      748.000      803.000      738.000      738.150
   150:       10.000      827.000      902.000      852.000      857.530
   155:       10.000      872.530      873.530      852.530      872.530
   160:       10.000      837.000      892.000      827.000      827.150
   165:       11.000      916.000      991.000      941.000      946.710
   170:       11.000      961.710      962.710      941.710      961.710
   175:       11.000      926.000      981.000      916.000      916.150
   180:       12.000     1006.000     1081.000     1031.000     1036.640
   185:       12.000     1051.640     1052.640     1031.640     1051.640
   190:       12.000     1016.000     1071.000     1006.000     1006.150
   195:       13.000     1099.000     1174.000     1124.000     1129.920
   200:       13.000     1144.920     1145.920     1124.920     1144.920
   205:       13.000     1109.000     1164.000     1099.000     1099.150
   210:       14.000     1189.000     1264.000     1214.000     1219.470
   215:       14.000     1234.470     1235.470     1214.470     1234.470
   220:       14.000     1199.000     1254.000     1189.000     1189.150
   225:       15.000     1279.000     1354.000     1304.000     1309.470
   230:       15.000     1324.470     1325.470     1304.470     1324.470
   235:       15.000     1289.000     1344.000     1279.000     1279.150
   240:       16.000     1369.000     1444.000     1394.000     1399.610
   245:       16.000     1414.610     1415.610     1394.610     1414.610
   250:       16.000     1379.000     1434.000     1369.000     1369.150
   255:       17.000     1458.000     1533.000     1483.000     1488.740
   260:       17.000     1503.740     1504.740     1483.740     1503.740
   265:       17.000     1468.000     1523.000     1458.000     1458.150
   270:       18.000     1546.000     1621.000     1571.000     1576.440
   275:       18.000     1591.440     1592.440     1571.440     1591.440
   280:       18.000     1556.000     1611.000     1546.000     1546.150
   285:       19.000     1633.000     1708.000     1658.000     1663.880
   290:       19.000     1678.880     1679.880     1658.880     1678.880
   295:       19.000     1643.000     1698.000     1633.000     1633.150
   300:       20.000     1720.000     1795.000     1745.000     1751.390
   305:       20.000     1766.390     1767.390     1746.390     1766.390
   310:       20.000     1730.000     1785.000     1720.000     1720.150
   315:       21.000     1811.000     1886.000     1836.000     1841.350
   320:       21.000     1856.350     1857.350     1836.350     1856.350
   325:       21.000     1821.000     1876.000     1811.000     1811.150
   330:       22.000     1900.000     1975.000     1925.000     1931.130
   335:       22.000     1946.130     1947.130     1926.130     1946.130
   340:       22.000     1910.000     1965.000     1900.000     1900.150
   345:       23.000     1990.000     2065.000     2015.000     2020.410
   350:       23.000     2035.410     2036.410     2015.410     2035.410
   355:       23.000     2000.000     2055.000     1990.000     1990.150
   360:       24.000     2080.000     2155.000     2105.000     2111.330
   365:       24.000     2126.330     2127.330     2106.330     2126.330
   370:       24.000     2090.000     2145.000     2080.000     2080.150
   375:       25.000     2172.000     2247.000     2197.000     2205.940
   380:       25.000     2220.940     2221.940     2200.940     2220.940
   385:       25.000     2182.000     2237.000     2172.000     2172.150
   390:       26.000     2265.000     2340.000     2290.000     2296.060
   395:       26.000     2311.060     2312.060     2291.060     2311.060
   400:       26.000     2275.000     2330.000     2265.000     2265.150
   405:       27.000     2357.000     2432.000     2382.000     2387.940
   410:       27.000     2402.940     2403.940     2382.940     2402.940
   415:       27.000     2367.000     2422.000     2357.000     2357.150
   420:       28.000     2451.000     2526.000     2476.000     2481.340
   425:       28.000     2496.340     2497.340     2476.340     2496.340
   430:       28.000     2461.000     2516.000     2451.000     2451.150
   435:       29.000     2542.000     2617.000     2567.000     2572.100
   440:       29.000     2587.100     2588.100     2567.100     2587.100
   445:       29.000     2552.000     2607.000     2542.000     2542.150
   450:       30.000     2637.000     2712.000     2662.000     2667.330
   455:       30.000     2682.330     2683.330     2662.330     2682.330
   460:       30.000     2647.000     2702.000     2637.000     2637.150
   465:       31.000     2726.000     2801.000     2751.000     2756.650
   470:       31.000     2771.650     2772.650     2751.650     2771.650
   475:       31.000     2736.000     2791.000     2726.000     2726.150
   480:       32.000     2820.000     2895.000     2845.000     2851.690
   485:       32.000     2866.690     2867.690     2846.690     2866.690
   490:       32.000     2830.000     2885.000     2820.000     2820.150
   495:       33.000     2911.000     2986.000     2936.000     2942.040
   500:       33.000     2957.040     2958.040     2937.040     2957.040
   505:       33.000     2921.000     2976.000     2911.000     2911.150
   510:       34.000     3001.000     3076.000     3026.000     3032.250
   515:       34.000     3047.250     3048.250     3027.250     3047.250
   520:       34.000     3011.000     3066.000     3001.000     3001.150
   525:       35.000     3092.000     3167.000     3117.000     3123.340
   530:       35.000     3138.340     3139.340     3118.340     3138.340
   535:       35.000     3102.000     3157.000     3092.000     3092.150
   540:       36.000     3179.000     3254.000     3204.000     3209.130
   545:       36.000     3224.130     3225.130     3204.130     3224.130
   550:       36.000     3189.000     3244.000     3179.000     3179.150
   555:       37.000     3269.000     3344.000     3294.000     3300.950
   560:       37.000     3315.950     3316.950     3295.950     3315.950
   565:       37.000     3279.000     3334.000     3269.000     3269.150
   570:       38.000     3361.000     3436.000     3386.000     3391.590
   575:       38.000     3406.590     3407.590     3386.590     3406.590
   580:       38.000     3371.000     3426.000     3361.000     3361.150
   585:       39.000     3450.000     3525.000     3475.000     3481.930
   590:       39.000     3496.930     3497.930     3476.930     3496.930
   595:       39.000     3460.000     3515.000     3450.000     3450.150
   600:       40.000     3542.000     3617.000     3567.000     3572.360
   605:       40.000     3587.360     3588.360     3567.360     3587.360
   610:       40.000     3552.000     3607.000     3542.000     3542.150
   615:       41.000     3634.000     3709.000     3659.000     3664.320
   620:       41.000     3679.320     3680.320     3659.320     3679.320
   625:       41.000     3644.000     3699.000     3634.000     3634.150
   630:       42.000     3722.000     3797.000     3747.000     3754.340
   635:       42.000     3769.340     3770.340     3749.340     3769.340
   640:       42.000     3732.000     3787.000     3722.000     3722.150
   645:       43.000     3811.000     3886.000     3836.000     3841.630
   650:       43.000     3856.630     3857.630     3836.630     3856.630
   655:       43.000     3821.000     3876.000     3811.000     3811.150
   660:       44.000     3902.000     3977.000     3927.000     3935.480
   665:       44.000     3950.480     3951.480     3930.480     3950.480
   670:       44.000     3912.000     3967.000     3902.000     3902.150
   675:       45.000     3991.000     4066.000     4016.000     4021.690
   680:       45.000     4036.690     4037.690     4016.690     4036.690
   685:       45.000     4001.000     4056.000     3991.000     3991.150
   690:       46.000     4080.000     4155.000     4105.000     4113.780
   695:       46.000     4128.780     4129.780     4108.780     4128.780
   700:       46.000     4090.000     4145.000     4080.000     4080.150
   705:       47.000     4171.000     4246.000     4196.000     4206.860
   710:       47.000     4221.860     4222.860     4201.860     4221.860
   715:       47.000     4181.000     4236.000     4171.000     4171.150
   720:       48.000     4261.000     4336.000     4286.000     4306.000
   725:       48.000        0.000        0.000        0.000        0.000
   730:       48.000     4271.000     4326.000     4261.000     4261.150
   735:       49.000     4350.000     4425.000     4375.000     4395.020
   740:       49.000     4410.020     4411.020     4390.020     4410.020
   745:       49.000     4360.000     4415.000     4350.000     4350.150
   750:       50.000     4439.000     4514.000     4464.000     4484.000
   755:       50.000        0.000        0.000        0.000        0.000
   760:       50.000     4449.000     4504.000     4439.000     4439.150
   765:       51.000     4527.000     4602.000     4552.000     4572.000
   770:       51.000        0.000        0.000        0.000        0.000
   775:       51.000     4537.000     4592.000     4527.000     4527.150
   780:       52.000     4621.000     4696.000     4646.000     4666.000
   785:       52.000        0.000        0.000        0.000        0.000
   790:       52.000     4631.000     4686.000     4621.000     4621.150
   795:       53.000     4713.000     4788.000     4738.000     4758.000
   800:       53.000        0.000        0.000        0.000        0.000
   805:       53.000     4723.000     4778.000     4713.000     4713.150
   810:       54.000     4800.000     4875.000     4825.000     4845.000
   815:       54.000        0.000        0.000        0.000        0.000
   820:       54.000     4810.000     4865.000     4800.000     4800.150
   825:       55.000     4888.000     4963.000     4913.000     4933.000
   830:       55.000        0.000        0.000        0.000        0.000
   835:       55.000     4898.000     4953.000     4888.000     4888.150
   840:       56.000     4982.000     5057.000     5007.000     5016.620
   845:       56.000     5031.620     5032.620     5011.620     5031.620
   850:       56.000     4992.000     5047.000     4982.000     4982.150
   855:       57.000     5072.000     5147.000     5097.000     5117.000
   860:       57.000        0.000        0.000        0.000        0.000
   865:       57.000     5082.000     5137.000     5072.000     5072.150
   870:       58.000     5164.000     5239.000     5189.000     5199.900
   875:       58.000     5214.900     5215.900     5194.900     5214.900
   880:       58.000     5174.000     5229.000     5164.000     5164.150
   885:       59.000     5252.000     5327.000     5277.000     5297.000
   890:       59.000        0.000        0.000        0.000        0.000
   895:       59.000     5262.000     5317.000     5252.000     5252.150
   900:       60.000     5342.000     5417.000     5367.000     5378.710
   905:       60.000     5393.710     5394.710     5373.710     5393.710
   910:       60.000     5352.000     5407.000     5342.000     5342.150
   915:       61.000     5434.000     5509.000     5459.000     5470.130
   920:       61.000     5485.130     5486.130     5465.130     5485.130
   925:       61.000     5444.000     5499.000     5434.000     5434.150
   930:       62.000     5523.000     5598.000     5548.000     5557.890
   935:       62.000     5572.890     5573.890     5552.890     5572.890
   940:       62.000     5533.000     5588.000     5523.000     5523.150
   945:       63.000     5611.000     5686.000     5636.000     5656.000
   950:       63.000        0.000        0.000        0.000        0.000
   955:       63.000     5621.000     5676.000     5611.000     5611.150
   960:       64.000     5698.000     5773.000     5723.000     5743.000
   965:       64.000        0.000        0.000        0.000        0.000
   970:       64.000     5708.000     5763.000     5698.000     5698.150
   975:       65.000     5789.000     5864.000     5814.000     5834.000
   980:       65.000        0.000        0.000        0.000        0.000
   985:       65.000     5799.000     5854.000     5789.000     5789.150
   990:       66.000     5880.000     5955.000     5905.000     5925.000
   995:       66.000        0.000        0.000        0.000        0.000
  1000:       66.000     5890.000     5945.000     5880.000     5880.150
  1005:       67.000     5970.000     6045.000     5995.000     6015.000
  1010:       67.000        0.000        0.000        0.000        0.000
  1015:       67.000     5980.000     6035.000     5970.000     5970.150
  1020:       68.000     6061.000     6136.000     6086.000     6106.000
  1025:       68.000        0.000        0.000        0.000        0.000
  1030:       68.000     6071.000     6126.000     6061.000     6061.150
  1035:       69.000     6150.000     6225.000     6175.000     6195.000
  1040:       69.000        0.000        0.000        0.000        0.000
  1045:       69.000     6160.000     6215.000     6150.000     6150.150
  1050:       70.000     6238.000     6313.000     6263.000     6283.000
  1055:       70.000        0.000        0.000        0.000        0.000
  1060:       70.000     6248.000     6303.000     6238.000     6238.150
  1065:       71.000     6329.000     6404.000     6354.000     6374.000
  1070:       71.000        0.000        0.000        0.000        0.000
  1075:       71.000     6339.000     6394.000     6329.000     6329.150
  1080:       72.000     6420.000     6495.000     6445.000     6450.470
  1085:       72.000     6465.470     6466.470     6445.470     6465.470
  1090:       72.000     6430.000     6485.000     6420.000     6420.150
  1095:       73.000     6508.000     6583.000     6533.000     6555.590
  1100:       73.000     6570.590     6571.590     6550.590     6570.590
  1105:       73.000     6518.000     6573.000     6508.000     6508.150
  1110:       74.000     6599.000     6674.000     6624.000     6644.000
  1115:       74.000        0.000        0.000        0.000        0.000
  1120:       74.000     6609.000     6664.000     6599.000     6599.150
  1125:       75.000     6692.000     6767.000     6717.000     6724.580
  1130:       75.000     6739.580     6740.580     6719.580     6739.580
  1135:       75.000     6702.000     6757.000     6692.000     6692.150
  1140:       76.000     6781.000     6856.000     6806.000     6826.000
  1145:       76.000        0.000        0.000        0.000        0.000
  1150:       76.000     6791.000     6846.000     6781.000     6781.150
  1155:       77.000     6870.000     6945.000     6895.000     6901.400
  1160:       77.000     6916.400     6917.400     6896.400     6916.400
  1165:       77.000     6880.000     6935.000     6870.000     6870.150
  1170:       78.000     6959.000     7034.000     6984.000     7004.000
  1175:       78.000        0.000        0.000        0.000        0.000
  1180:       78.000     6969.000     7024.000     6959.000     6959.150
  1185:       79.000     7051.000     7126.000     7076.000     7096.000
  1190:       79.000        0.000        0.000        0.000        0.000
  1195:       79.000     7061.000     7116.000     7051.000     7051.150
  1200:       80.000     7139.000     7214.000     7164.000     7184.000
  1205:       80.000        0.000        0.000        0.000        0.000
  1210:       80.000     7149.000     7204.000     7139.000     7139.150
  1215:       81.000     7226.000     7301.000     7251.000     7271.000
  1220:       81.000        0.000        0.000        0.000        0.000
  1225:       81.000     7236.000     7291.000     7226.000     7226.150
  1230:       82.000     7316.000     7391.000     7341.000     7361.000
  1235:       82.000        0.000        0.000        0.000        0.000
  1240:       82.000     7326.000     7381.000     7316.000     7316.150
  1245:       83.000     7407.000     7482.000     7432.000     7452.000
  1250:       83.000        0.000        0.000        0.000        0.000
  1255:       83.000     7417.000     7472.000     7407.000     7407.150
  1260:       84.000     7492.000     7567.000     7517.000     7537.000
  1265:       84.000        0.000        0.000        0.000        0.000
  1270:       84.000     7502.000     7557.000     7492.000     7492.150
  1275:       85.000     7578.000     7653.000     7603.000     7623.000
  1280:       85.000        0.000        0.000        0.000        0.000
  1285:       85.000     7588.000     7643.000     7578.000     7578.150
  1290:       86.000     7672.000     7747.000     7697.000     7717.000
  1295:       86.000        0.000        0.000        0.000        0.000
  1300:       86.000     7682.000     7737.000     7672.000     7672.150
  1305:       87.000     7761.000     7836.000     7786.000     7806.000
  1310:       87.000        0.000        0.000        0.000        0.000
  1315:       87.000     7771.000     7826.000     7761.000     7761.150
  1320:       88.000     7850.000     7925.000     7875.000     7895.000
  1325:       88.000        0.000        0.000        0.000        0.000
  1330:       88.000     7860.000     7915.000     7850.000     7850.150
  1335:       89.000     7941.000     8016.000     7966.000     7986.000
  1340:       89.000        0.000        0.000        0.000        0.000
  1345:       89.000     7951.000     8006.000     7941.000     7941.150
  1350:       90.000     8034.000     8109.000     8059.000     8079.000
  1355:       90.000        0.000        0.000        0.000        0.000
  1360:       90.000     8044.000     8099.000     8034.000     8034.150
  1365:       91.000     8119.000     8194.000     8144.000     8164.000
  1370:       91.000        0.000        0.000        0.000        0.000
  1375:       91.000     8129.000     8184.000     8119.000     8119.150
  1380:       92.000     8209.000     8284.000     8234.000     8254.000
  1385:       92.000        0.000        0.000        0.000        0.000
  1390:       92.000     8219.000     8274.000     8209.000     8209.150
  1395:       93.000     8297.000     8372.000     8322.000     8329.610
  1400:       93.000     8344.610     8345.610     8324.610     8344.610
  1405:       93.000     8307.000     8362.000     8297.000     8297.150
  1410:       94.000     8388.000     8463.000     8413.000     8421.300
  1415:       94.000     8436.300     8437.300     8416.300     8436.300
  1420:       94.000     8398.000     8453.000     8388.000     8388.150
  1425:       95.000     8477.000     8552.000     8502.000     8522.000
  1430:       95.000        0.000        0.000        0.000        0.000
  1435:       95.000     8487.000     8542.000     8477.000     8477.150
  1440:       96.000     8570.000     8645.000     8595.000     8614.410
  1445:       96.000     8629.410     8630.410     8609.410     8629.410
  1450:       96.000     8580.000     8635.000     8570.000     8570.150
  1455:       97.000     8661.000     8736.000     8686.000     8692.800
  1460:       97.000     8707.800     8708.800     8687.800     8707.800
  1465:       97.000     8671.000     8726.000     8661.000     8661.150
  1470:       98.000     8747.000     8822.000     8772.000     8781.050
  1475:       98.000     8796.050     8797.050     8776.050     8796.050
  1480:       98.000     8757.000     8812.000     8747.000     8747.150
  1485:       99.000     8835.000     8910.000     8860.000     8867.780
  1490:       99.000     8882.780     8883.780     8862.780     8882.780
  1495:       99.000     8845.000     8900.000     8835.000     8835.150
  1500:      100.000     8925.000     9000.000     8950.000     8970.000
  1505:      100.000        0.000        0.000        0.000        0.000
  1510:      100.000     8935.000     8990.000     8925.000     8925.150
F:
     0:       61.240       63.440       64.220       67.410      140.720
     5:      141.450      142.510      143.460      144.140      144.180
    10:      144.980      147.460      147.850      148.340      149.860
    15:      150.450      151.070      151.490      219.400      220.470
    20:      236.500      236.650      237.410      238.410      238.980
    25:      240.440      241.350      241.780      242.050      242.150
    30:      242.230      325.780      326.030      326.390      328.820
    35:      330.210      330.600      331.650      331.730      332.780
    40:      333.580      333.740      413.250      413.730      414.240
    45:      414.310      415.610      416.990      417.070      419.000
    50:      419.100      420.050      420.690      420.850      426.620
    55:      438.510      438.950      439.280      439.350      439.430
    60:      504.590      507.990      509.480      509.870      510.320
    65:      510.770      510.910      511.770      511.890      512.400
    70:      512.690      513.120      513.270      513.510      516.850
    75:      603.450      664.380      664.710      665.160      667.210
    80:      667.470      680.580      682.180      682.430      682.620
    85:      683.000      683.470      683.530      683.620      684.650
    90:      684.780      684.820      685.500      685.800      686.100
    95:      686.110      686.660      687.060      687.270      687.370
   100:      687.390      687.940      688.550      689.150      689.490
   105:      690.160      690.820      691.110      691.280      691.650
   110:      691.710      707.940      708.040      708.530      708.660
   115:      709.210      709.330      774.880      775.370      776.480
   120:      777.150      777.670      777.760      778.510      779.960
   125:      780.170      780.180      781.890      782.090      782.530
   130:      782.620      783.560      865.120      865.820      866.130
   135:      867.540      867.560      867.650      867.880      868.470
   140:      868.720      869.120      869.140      869.280      869.680
   145:      870.630      870.660      870.770      871.940      872.600
   150:      872.820      875.720      953.000      953.140      953.620
   155:      953.750      954.500      954.680      954.890      954.950
   160:      955.150      955.840      957.970      958.550      958.620
   165:      958.910      960.280      960.940      961.280      961.760
   170:      961.960     1042.380     1042.590     1044.500     1045.190
   175:     1045.340     1045.790     1045.840     1047.450     1047.480
   180:     1047.580     1048.400     1048.960     1049.020     1049.100
   185:     1049.600     1050.270     1050.340     1050.560     1051.930
   190:     1052.080     1067.650     1134.260     1134.660     1136.100
   195:     1136.250     1136.420     1136.470     1136.980     1137.110
   200:     1137.120     1137.220     1138.410     1139.010     1139.550
   205:     1140.570     1140.700     1141.490     1141.630     1142.000
   210:     1142.820     1143.040     1143.470     1143.850     1144.250
   215:     1144.380     1145.060     1225.550     1225.980     1227.190
   220:     1227.340     1227.410     1227.830     1228.450     1228.520
   225:     1229.620     1229.820     1230.020     1230.280     1230.750
   230:     1231.700     1231.910     1232.180     1232.690     1234.110
   235:     1234.270     1234.310     1250.280     1250.640     1312.030
   240:     1324.980     1407.810     1408.300     1409.770     1409.950
   245:     1410.510     1410.920     1411.700     1411.720     1411.840
   250:     1412.180     1412.300     1412.490     1412.510     1412.800
   255:     1413.110     1413.610     1414.000     1414.140     1414.480
   260:     1414.890     1417.270     1492.460     1494.490     1494.900
   265:     1495.130     1496.200     1496.980     1497.100     1497.370
   270:     1497.750     1498.930     1499.410     1499.500     1500.690
   275:     1501.300     1501.420     1501.660     1501.860     1502.360
   280:     1503.290     1503.430     1503.600     1503.710     1503.760
   285:     1503.990     1504.020     1582.160     1582.540     1584.250
   290:     1584.530     1584.720     1585.700     1586.050     1586.620
   295:     1586.770     1586.840     1587.650     1587.970     1588.280
   300:     1588.710     1588.950     1588.960     1589.060     1589.690
   305:     1589.970     1590.020     1590.730     1590.900     1591.250
   310:     1591.350     1591.690     1668.180     1668.570     1669.540
   315:     1670.020     1670.260     1670.560     1671.120     1671.200
   320:     1672.250     1672.410     1672.430     1672.620     1674.100
   325:     1675.050     1675.360     1675.490     1675.620     1676.100
   330:     1676.760     1676.800     1678.160     1678.580     1678.770
   335:     1678.900     1679.050     1755.660     1756.210     1759.040
   340:     1760.090     1760.540     1760.700     1760.890     1761.220
   345:     1761.310     1761.680     1761.810     1762.430     1762.640
   350:     1762.980     1763.140     1764.480     1765.120     1765.290
   355:     1765.510     1765.870     1766.280     1766.330     1845.530
   360:     1845.640     1847.020     1848.410     1849.310     1849.470
   365:     1849.970     1850.630     1850.660     1850.720     1851.110
   370:     1851.490     1851.650     1852.030     1852.180     1852.280
   375:     1852.340     1853.560     1853.740     1854.020     1854.840
   380:     1855.220     1855.350     1855.660     1856.600     1941.350
   385:     1942.680     1942.850     1942.950     1944.570     1944.710
   390:     1945.090     1945.190     1945.710     1946.400     1946.520
   395:     1948.180     2028.630     2028.780     2029.280     2029.530
   400:     2029.690     2030.000     2030.220     2030.380     2030.640
   405:     2030.680     2031.490     2031.730     2031.750     2031.840
   410:     2031.970     2031.990     2033.410     2033.560     2034.000
   415:     2034.190     2034.280     2034.530     2035.170     2035.310
   420:     2035.640     2035.720     2036.860     2036.870     2119.420
   425:     2120.570     2121.110     2121.970     2122.490     2123.250
   430:     2124.280     2124.330     2124.460     2124.630     2125.530
   435:     2125.890     2126.160     2126.300     2126.850     2218.680
   440:     2219.600     2220.760     2221.500     2303.890     2304.450
   445:     2304.760     2305.390     2306.180     2306.720     2307.050
   450:     2307.090     2307.290     2310.200     2310.430     2310.510
   455:     2311.040     2311.340     2313.890     2314.000     2400.730
   460:     2401.160     2401.550     2402.240     2402.460     2402.650
   465:     2403.380     2486.240     2489.360     2490.100     2490.810
   470:     2491.000     2491.350     2491.890     2493.300     2495.010
   475:     2496.840     2500.160     2502.750     2503.090     2580.900
   480:     2581.520     2583.170     2583.310     2583.540     2585.280
   485:     2585.420     2585.520     2585.920     2586.820     2587.340
   490:     2590.950     2594.330     2594.600     2673.910     2677.860
   495:     2678.260     2678.340     2678.620     2678.660     2678.880
   500:     2679.020     2679.050     2679.130     2679.360     2679.530
   505:     2680.010     2680.410     2680.800     2680.930     2681.140
   510:     2681.180     2681.600     2681.710     2681.750     2681.770
   515:     2681.790     2681.920     2681.960     2682.760     2764.560
   520:     2767.480     2767.790     2767.910     2768.700     2769.150
   525:     2769.430     2769.440     2769.650     2769.830     2770.690
   530:     2771.180     2771.220     2771.320     2771.820     2771.960
   535:     2859.210     2859.590     2860.020     2862.140     2862.430
   540:     2862.720     2865.100     2865.120     2866.120     2866.150
   545:     2866.300     2867.080     2953.660     2954.190     2955.080
   550:     2957.590     3039.210     3039.230     3044.580     3046.960
   555:     3047.410     3136.350     3137.410     3138.870     3139.140
   560:     3142.010     3142.540     3142.760     3145.860     3155.010
   565:     3155.340     3225.270     3225.360     3316.420     3407.570
   570:     3407.670     3407.770     3408.390     3410.330     3412.410
   575:     3497.650     3500.120     3500.540     3503.180     3503.310
   580:     3587.890     3594.300     3679.750     3680.360     3680.790
   585:     3681.060     3687.450     3687.580     3696.110     3696.350
   590:     3770.790     3858.110     3866.260     3951.220     3951.580
   595:     3953.420     3955.410     4039.450     4223.060     5210.350
   600:     5212.140     5212.250     5212.300     5212.610     5216.710
   605:     5220.720     5292.170     5292.440     5299.000     5305.030
   610:     5307.240     5307.740     5307.840     5308.820     5365.860
   615:     5389.210     5389.570     5394.020     5395.790     5395.960
   620:     5398.320     5399.600     5399.790     5400.200     5401.830
   625:     5402.180     5402.340     5402.480     5486.410     5486.580
   630:     5486.660     5575.400     5575.490     5576.300     6459.690
   635:     6461.660     6466.170     6468.650     6468.710     6472.960
   640:     6478.210     6484.750     6524.500     6524.570     6560.670
   645:     6562.030     6562.780     6563.560     6564.440     6564.570
   650:     6564.600     6565.410     6569.150     6569.280     6570.130
   655:     6570.280     6622.760     6638.560     6653.660     6741.130
   660:     6742.820     6743.070     6743.250     6743.420     6743.950
   665:     6744.310     6912.760     6912.890     6913.160     6914.390
   670:     6916.620     6917.480     6920.360     6925.670     6929.560
   675:     6930.190     6931.240     6933.110     8270.930     8271.010
   680:     8271.510     8344.730     8347.030     8359.060     8434.930
   685:     8436.580     8630.800     8680.620     8712.430     8797.370
   690:     8799.210     8885.620     8890.180
G:
     0:       93.660       93.770      445.160      450.570      451.040
     5:      727.320      729.170     1073.350     1270.400     1344.210
    10:     1344.960     1346.260     1967.820     1967.950     1968.000
    15:     2996.920     3272.440     3452.070     3624.930     5246.220
    20:     5246.360     5249.960     5259.330     5259.440     5259.580
    25:     5259.760     5259.900     5260.060     5327.940     5334.220
    30:     5334.340     5338.260     5342.850     5345.840     5351.690
    35:     5352.000     6492.820     6496.870     6497.000     6577.740
    40:     6577.810     6577.970     6578.130     6578.250     6578.530
    45:     6578.660     6580.860     6596.240     6665.230     6670.440
    50:     6670.610     6681.590     6700.600     6935.380     8454.060
    55:     8454.660
H:
     0:      286.970     3276.500
I:
     0:     3279.730     6296.640
K:
L:
     0:       43.870       44.900       45.210       45.360       45.520
     5:       45.750       45.870      131.320      131.920      132.550
    10:      221.810      222.090      223.550      313.280      315.380
    15:      315.880      400.650      493.390      493.740      493.840
    20:      493.950      584.280      584.890      585.240      671.310
    25:      671.690      672.070      763.380      764.370      765.230
    30:      765.810      852.530      852.930      853.250      941.710
    35:      942.010     1031.640     1031.890     1032.540     1032.840
    40:     1124.920     1125.190     1125.520     1129.890     1214.470
    45:     1214.990     1304.470     1305.300     1394.610     1394.930
    50:     1395.300     1483.740     1484.190     1485.800     1571.440
    55:     1571.620     1572.110     1574.860     1658.880     1659.270
    60:     1746.390     1746.870     1836.350     1836.620     1837.070
    65:     1926.130     1926.370     1926.810     1927.640     1927.880
    70:     2015.410     2015.800     2106.330     2106.540     2106.930
    75:     2200.940     2201.910     2291.060     2382.940     2476.340
    80:     2477.610     2478.170     2479.040     2567.100     2568.420
    85:     2662.330     2662.850     2663.540     2751.650     2752.210
    90:     2752.600     2753.240     2846.690     2847.260     2847.970
    95:     2937.040     2937.750     2938.070     2940.560     2941.960
   100:     3027.250     3029.120     3118.340     3204.130     3204.530
   105:     3205.150     3206.740     3295.950     3297.710     3386.590
   110:     3387.140     3387.610     3476.930     3477.270     3478.090
   115:     3478.870     3479.850     3480.700     3567.360     3567.720
   120:     3568.330     3659.320     3661.350     3661.870     3749.340
   125:     3750.430     3750.710     3752.840     3836.630     3837.820
   130:     3838.150     3839.340     3930.480     3931.550     3931.750
   135:     3932.400     4016.690     4020.040     4020.560     4021.680
   140:     4108.780     4109.130     4110.140     4110.690     4111.880
   145:     4112.640     4201.860     4202.580     4202.930     4203.600
   150:     4390.020     4391.930     5011.620     5012.840     5013.060
   155:     5194.900     5196.620     5196.910     5198.960     5199.330
   160:     5373.710     5374.780     5375.210     5465.130     5466.350
   165:     5467.070     5467.630     5552.890     5554.150     5557.440
   170:     6445.470     6446.330     6450.450     6550.590     6551.220
   175:     6551.420     6552.040     6719.580     6719.790     6720.390
   180:     6720.880     6896.400     6897.270     6897.550     8324.610
   185:     8327.100     8327.460     8416.300     8416.990     8417.500
   190:     8418.130     8609.410     8687.800     8689.350     8690.510
   195:     8776.050     8777.510     8777.730     8780.100     8780.950
   200:     8862.780     8863.800     8864.220     8865.620
M:
     0:       10.000       12.000       12.000       13.000       14.000
     5:       17.000       12.000       15.000       16.000       14.000
    10:       12.000       15.000       14.000       14.000       12.000
    15:       14.000       15.000       14.000       16.000       10.000
    20:       15.000       14.000       16.000       17.000       15.000
    25:       14.000       18.000       12.000       14.000       16.000
    30:       11.000       13.000       13.000       14.000       15.000
    35:       18.000       13.000       16.000       17.000       15.000
    40:       13.000       16.000       15.000       15.000       13.000
    45:       15.000       16.000       15.000       17.000       11.000
    50:       16.000       15.000       17.000       18.000       16.000
    55:       15.000       19.000       13.000       15.000       17.000
    60:       12.000       14.000       14.000       15.000       16.000
    65:       19.000       14.000       17.000       18.000       16.000
    70:       14.000       17.000       16.000       16.000       14.000
    75:       16.000       17.000       16.000       18.000       12.000
    80:       17.000       16.000       18.000       19.000       17.000
    85:       16.000       20.000       14.000       16.000       19.000
    90:       13.000       14.000       13.000       19.000       13.000
    95:       15.000       14.000       13.000       14.000
P:
     0:       63.870       64.370       64.870      151.320      151.820
     5:      152.320      241.810      242.310      242.810      333.280
    10:      333.780      334.280      420.650      421.150      421.650
    15:      513.390      513.890      514.390      604.280      604.780
    20:      605.280      691.310      691.810      692.310      783.380
    25:      783.880      784.380      872.530      873.030      873.530
    30:      961.710      962.210      962.710     1051.640     1052.140
    35:     1052.640     1144.920     1145.420     1145.920     1234.470
    40:     1234.970     1235.470     1324.470     1324.970     1325.470
    45:     1414.610     1415.110     1415.610     1503.740     1504.240
    50:     1504.740     1591.440     1591.940     1592.440     1678.880
    55:     1679.380     1679.880     1766.390     1766.890     1767.390
    60:     1856.350     1856.850     1857.350     1946.130     1946.630
    65:     1947.130     2035.410     2035.910     2036.410     2126.330
    70:     2126.830     2127.330     2220.940     2221.440     2221.940
    75:     2311.060     2311.560     2312.060     2402.940     2403.440
    80:     2403.940     2496.340     2496.840     2497.340     2587.100
    85:     2587.600     2588.100     2682.330     2682.830     2683.330
    90:     2771.650     2772.150     2772.650     2866.690     2867.190
    95:     2867.690     2957.040     2957.540     2958.040     3047.250
   100:     3047.750     3048.250     3138.340     3138.840     3139.340
   105:     3224.130     3224.630     3225.130     3315.950     3316.450
   110:     3316.950     3406.590     3407.090     3407.590     3496.930
   115:     3497.430     3497.930     3587.360     3587.860     3588.360
   120:     3679.320     3679.820     3680.320     3769.340     3769.840
   125:     3770.340     3856.630     3857.130     3857.630     3950.480
   130:     3950.980     3951.480     4036.690     4037.190     4037.690
   135:     4128.780     4129.280     4129.780     4221.860     4222.360
   140:     4222.860     4410.020     4410.520     4411.020     5031.620
   145:     5032.120     5032.620     5214.900     5215.400     5215.900
   150:     5393.710     5394.210     5394.710     5485.130     5485.630
   155:     5486.130     5572.890     5573.390     5573.890     6465.470
   160:     6465.970     6466.470     6570.590     6571.090     6571.590
   165:     6739.580     6740.080     6740.580     6916.400     6916.900
   170:     6917.400     8344.610     8345.110     8345.610     8436.300
   175:     8436.800     8437.300     8629.410     8629.910     8630.410
   180:     8707.800     8708.300     8708.800     8796.050     8796.550
   185:     8797.050     8882.780     8883.280     8883.780
R:
     0:       43.870      131.320      221.810      313.280      400.650
     5:      493.390      584.280      671.310      763.380      852.530
    10:      941.710     1031.640     1124.920     1214.470     1304.470
    15:     1394.610     1483.740     1571.440     1658.880     1746.390
    20:     1836.350     1926.130     2015.410     2106.330     2200.940
    25:     2291.060     2382.940     2476.340     2567.100     2662.330
    30:     2751.650     2846.690     2937.040     3027.250     3118.340
    35:     3204.130     3295.950     3386.590     3476.930     3567.360
    40:     3659.320     3749.340     3836.630     3930.480     4016.690
    45:     4108.780     4201.860     4390.020     5011.620     5194.900
    50:     5373.710     5465.130     5552.890     6445.470     6550.590
    55:     6719.580     6896.400     8324.610     8416.300     8609.410
    60:     8687.800     8776.050     8862.780
V:
W:
     0:        1.000        1.000        1.000        1.000        1.000
     5:        1.000        1.000        1.000        1.000        1.000
    10:        1.000        1.000        1.000        1.000        1.000
    15:        1.000        1.000        1.000        1.000        1.000
    20:        1.000        1.000        1.000        1.000        1.000
    25:        1.000        1.000        1.000        1.000        1.000
    30:        1.000        1.000        1.000        1.000        1.000
    35:        1.000        1.000        1.000        1.000        1.000
    40:        1.000        1.000        1.000        1.000        1.000
    45:        1.000        1.000        1.000        1.000        1.000
    50:        1.000        1.000        1.000        1.000        1.000
    55:        1.000        1.000        1.000        1.000        1.000
    60:        1.000        1.000        1.000        1.000        1.000
    65:        1.000        1.000        1.000        1.000        1.000
    70:        1.000        1.000        1.000        1.000        1.000
    75:        1.000        1.000        1.000        1.000        1.000
    80:        1.000        1.000        1.000        1.000        1.000
    85:        1.000        1.000        1.000        1.000        1.000
    90:        1.000        1.000        1.000        1.000        1.000
    95:        1.000        1.000        1.000        1.000        1.000
   100:        1.000        1.000        1.000        1.000        1.000
   105:        1.000        1.000        1.000        1.000        1.000
X:
     0:       15.000       15.150      105.000      105.150      196.000
     5:      196.150      288.000      288.150      375.000      375.150
    10:      468.000      468.150      559.000      559.150      646.000
    15:      646.150      738.000      738.150      827.000      827.150
    20:      916.000      916.150     1006.000     1006.150     1099.000
    25:     1099.150     1189.000     1189.150     1279.000     1279.150
    30:     1369.000     1369.150     1458.000     1458.150     1546.000
    35:     1546.150     1633.000     1633.150     1720.000     1720.150
    40:     1811.000     1811.150     1900.000     1900.150     1990.000
    45:     1990.150     2080.000     2080.150     2172.000     2172.150
    50:     2265.000     2265.150     2357.000     2357.150     2451.000
    55:     2451.150     2542.000     2542.150     2637.000     2637.150
    60:     2726.000     2726.150     2820.000     2820.150     2911.000
    65:     2911.150     3001.000     3001.150     3092.000     3092.150
    70:     3179.000     3179.150     3269.000     3269.150     3361.000
    75:     3361.150     3450.000     3450.150     3542.000     3542.150
    80:     3634.000     3634.150     3722.000     3722.150     3811.000
    85:     3811.150     3902.000     3902.150     3991.000     3991.150
    90:     4080.000     4080.150     4171.000     4171.150     4261.000
    95:     4261.150     4350.000     4350.150     4439.000     4439.150
   100:     4527.000     4527.150     4621.000     4621.150     4713.000
   105:     4713.150     4800.000     4800.150     4888.000     4888.150
   110:     4982.000     4982.150     5072.000     5072.150     5164.000
   115:     5164.150     5252.000     5252.150     5342.000     5342.150
   120:     5434.000     5434.150     5523.000     5523.150     5611.000
   125:     5611.150     5698.000     5698.150     5789.000     5789.150
   130:     5880.000     5880.150     5970.000     5970.150     6061.000
   135:     6061.150     6150.000     6150.150     6238.000     6238.150
   140:     6329.000     6329.150     6420.000     6420.150     6508.000
   145:     6508.150     6599.000     6599.150     6692.000     6692.150
   150:     6781.000     6781.150     6870.000     6870.150     6959.000
   155:     6959.150     7051.000     7051.150     7139.000     7139.150
   160:     7226.000     7226.150     7316.000     7316.150     7407.000
   165:     7407.150     7492.000     7492.150     7578.000     7578.150
   170:     7672.000     7672.150     7761.000     7761.150     7850.000
   175:     7850.150     7941.000     7941.150     8034.000     8034.150
   180:     8119.000     8119.150     8209.000     8209.150     8297.000
   185:     8297.150     8388.000     8388.150     8477.000     8477.150
   190:     8570.000     8570.150     8661.000     8661.150     8747.000
   195:     8747.150     8835.000     8835.150     8925.000     8925.150
Y:
Z:
     0:        0.000       63.000      204.000        2.000        2.000
     5:        0.000      189.000      200.000        0.000        0.000
    10:        0.000      693.000       56.000        0.000        0.000
    15:        0.000
