File: C:\MED-PC IV\Data\Tarun\RM-B12_RM036\postBaseplate\R23\S01_R23_FR1_20s_100trials


Start Date: 06/02/17
End Date: 06/02/17
Subject: 23
Experiment: 0
Group: 0
Box: 3
Start Time:  9:04:03
End Time: 11:35:07
MSN: MiniScope_FR1-3p_100trials_05222017
A:       0.000
E:       0.000
J:     101.000
N:       0.000
O:       0.000
Q:       0.000
S:       0.000
T:    9015.000
U:       0.000
B:
     0:        0.000       10.000       10.000       15.000       20.000
     5:       20.000       20.000       10.000       15.000      100.000
    10:        1.000        3.000       15.000        0.010        1.000
    15:        0.000        0.000        5.000       20.000        5.000
C:
     0:      100.000      100.000      227.000        0.000        0.636
     5:        0.000      300.000      100.000        2.000        0.636
    10:        0.000     2194.000      151.000        0.000       15.020
    15:        1.000        1.000        1.000        0.000        4.890
    20:        1.000        3.000        1.000        0.000        4.890
    25:        1.000        7.000        0.000        0.000       17.000
    30:        2.000        1.000        1.000        0.000        5.250
    35:        2.000        3.000        1.000        0.000        5.250
    40:        2.000       18.000        3.000        0.000       18.000
    45:        3.000        1.000        1.000        0.000        1.490
    50:        3.000        3.000        1.000        0.000        1.490
    55:        3.000       33.000        4.000        0.000       17.000
    60:        4.000        1.000        2.000        0.000        1.070
    65:        4.000        3.000        1.000        0.000        1.070
    70:        4.000       35.000       27.000        0.000       14.000
    75:        5.000        1.000        3.000        0.000        0.150
    80:        5.000        3.000        1.000        0.000        0.150
    85:        5.000       23.000        5.000        0.000       14.000
    90:        6.000        1.000        2.000        0.000        0.390
    95:        6.000        3.000        1.000        0.000        0.390
   100:        6.000       26.000        0.000        0.000       15.000
   105:        7.000        1.000        3.000        0.000        0.210
   110:        7.000        3.000        1.000        0.000        0.210
   115:        7.000       33.000        7.000        0.000       16.000
   120:        8.000        1.000        3.000        0.000        0.120
   125:        8.000        3.000        1.000        0.000        0.120
   130:        8.000       37.000        0.000        0.000       19.000
   135:        9.000        1.000        1.000        0.000        0.150
   140:        9.000        3.000        1.000        0.000        0.150
   145:        9.000       27.000       31.000        0.000       19.000
   150:       10.000        1.000        5.000        0.000        0.400
   155:       10.000        3.000        1.000        0.000        0.400
   160:       10.000       36.000        5.000        0.000       13.000
   165:       11.000        1.000        1.000        0.000        0.230
   170:       11.000        3.000        1.000        0.000        0.230
   175:       11.000       22.000       14.000        0.000       12.000
   180:       12.000        1.000        1.000        0.000        1.530
   185:       12.000        3.000        1.000        0.000        1.530
   190:       12.000       38.000        1.000        0.000       16.000
   195:       13.000        1.000        2.000        0.000        0.250
   200:       13.000        3.000        1.000        0.000        0.250
   205:       13.000       28.000        0.000        0.000       13.000
   210:       14.000        1.000        2.000        0.000        0.090
   215:       14.000        3.000        1.000        0.000        0.090
   220:       14.000       24.000       13.000        0.000       15.000
   225:       15.000        1.000        3.000        0.000        0.240
   230:       15.000        3.000        1.000        0.000        0.240
   235:       15.000       21.000        0.000        0.000       14.000
   240:       16.000        1.000        2.000        0.000        0.090
   245:       16.000        3.000        1.000        0.000        0.090
   250:       16.000       34.000        0.000        0.000       13.000
   255:       17.000        1.000        1.000        0.000        0.240
   260:       17.000        3.000        1.000        0.000        0.240
   265:       17.000       25.000        8.000        0.000       15.000
   270:       18.000        1.000        3.000        0.000        0.150
   275:       18.000        3.000        1.000        0.000        0.150
   280:       18.000       20.000        0.000        0.000       11.000
   285:       19.000        1.000        2.000        0.000        0.230
   290:       19.000        3.000        1.000        0.000        0.230
   295:       19.000       13.000        0.000        0.000       15.000
   300:       20.000        1.000        2.000        0.000        0.260
   305:       20.000        3.000        1.000        0.000        0.260
   310:       20.000        7.000        0.000        0.000       19.000
   315:       21.000        1.000        2.000        0.000        0.640
   320:       21.000        3.000        1.000        0.000        0.640
   325:       21.000       26.000        0.000        0.000       17.000
   330:       22.000        1.000        3.000        0.000        0.140
   335:       22.000        3.000        1.000        0.000        0.140
   340:       22.000       34.000        0.000        0.000       14.000
   345:       23.000        1.000        3.000        0.000        0.380
   350:       23.000        3.000        1.000        0.000        0.380
   355:       23.000       18.000        0.000        0.000       18.000
   360:       24.000        1.000        2.000        0.000        0.670
   365:       24.000        3.000        1.000        0.000        0.670
   370:       24.000       33.000        0.000        0.000       16.000
   375:       25.000        1.000        5.000        0.000        0.110
   380:       25.000        3.000        1.000        0.000        0.110
   385:       25.000       24.000        1.000        0.000       15.000
   390:       26.000        1.000        2.000        0.000        0.390
   395:       26.000        3.000        1.000        0.000        0.390
   400:       26.000       33.000        2.000        0.000       17.000
   405:       27.000        1.000        2.000        0.000        0.170
   410:       27.000        3.000        1.000        0.000        0.170
   415:       27.000       34.000        8.000        0.000       14.000
   420:       28.000        1.000        3.000        0.000        0.160
   425:       28.000        3.000        1.000        0.000        0.160
   430:       28.000       11.000        0.000        0.000       16.000
   435:       29.000        1.000        3.000        0.000        0.120
   440:       29.000        3.000        1.000        0.000        0.120
   445:       29.000       33.000        1.000        0.000       14.000
   450:       30.000        1.000        3.000        0.000        0.120
   455:       30.000        3.000        1.000        0.000        0.120
   460:       30.000       33.000        1.000        0.000       16.000
   465:       31.000        1.000        1.000        0.000        0.130
   470:       31.000        3.000        1.000        0.000        0.130
   475:       31.000       21.000        2.000        0.000       13.000
   480:       32.000        1.000        5.000        0.000        0.120
   485:       32.000        3.000        1.000        0.000        0.120
   490:       32.000       22.000        0.000        0.000       16.000
   495:       33.000        1.000        2.000        0.000        0.100
   500:       33.000        3.000        1.000        0.000        0.100
   505:       33.000       29.000        0.000        0.000       16.000
   510:       34.000        1.000        1.000        0.000        0.170
   515:       34.000        3.000        1.000        0.000        0.170
   520:       34.000       26.000        0.000        0.000       10.000
   525:       35.000        1.000        3.000        0.000        0.310
   530:       35.000        3.000        1.000        0.000        0.310
   535:       35.000       28.000        0.000        0.000       12.000
   540:       36.000        1.000        3.000        0.000        0.120
   545:       36.000        3.000        1.000        0.000        0.120
   550:       36.000        1.000        0.000        0.000       14.000
   555:       37.000        1.000        2.000        0.000        0.240
   560:       37.000        3.000        1.000        0.000        0.240
   565:       37.000       20.000        0.000        0.000       18.000
   570:       38.000        1.000        4.000        0.000        0.400
   575:       38.000        3.000        1.000        2.000        0.400
   580:       38.000       27.000        6.000        0.000       14.000
   585:       39.000        1.000        4.000        0.000        0.370
   590:       39.000        3.000        1.000        0.000        0.370
   595:       39.000       26.000        0.000        0.000       16.000
   600:       40.000        1.000        2.000        0.000        1.000
   605:       40.000        3.000        1.000        0.000        1.000
   610:       40.000       44.000        1.000        0.000       14.000
   615:       41.000        1.000        2.000        0.000        0.390
   620:       41.000        3.000        1.000        0.000        0.390
   625:       41.000       22.000        0.000        0.000       12.000
   630:       42.000        1.000        1.000        0.000        0.150
   635:       42.000        3.000        1.000        0.000        0.150
   640:       42.000       18.000        2.000        0.000       13.000
   645:       43.000        1.000        2.000        0.000        0.520
   650:       43.000        3.000        1.000        0.000        0.520
   655:       43.000       20.000        0.000        0.000       17.000
   660:       44.000        1.000        2.000        0.000        0.360
   665:       44.000        3.000        1.000        0.000        0.360
   670:       44.000        9.000        0.000        0.000       15.000
   675:       45.000        1.000        3.000        0.000        0.390
   680:       45.000        3.000        1.000        0.000        0.390
   685:       45.000       16.000        0.000        0.000       14.000
   690:       46.000        1.000        1.000        0.000        0.420
   695:       46.000        3.000        1.000        0.000        0.420
   700:       46.000       14.000        3.000        0.000       15.000
   705:       47.000        1.000        5.000        0.000        0.430
   710:       47.000        3.000        1.000        0.000        0.430
   715:       47.000       13.000        0.000        0.000       15.000
   720:       48.000        1.000        2.000        0.000        0.160
   725:       48.000        3.000        1.000        0.000        0.160
   730:       48.000       24.000        0.000        0.000       16.000
   735:       49.000        1.000        2.000        0.000        0.100
   740:       49.000        3.000        1.000        0.000        0.100
   745:       49.000       23.000        0.000        0.000       14.000
   750:       50.000        1.000        3.000        0.000        0.500
   755:       50.000        3.000        1.000        0.000        0.500
   760:       50.000       26.000        0.000        0.000       15.000
   765:       51.000        1.000        2.000        0.000        0.150
   770:       51.000        3.000        1.000        0.000        0.150
   775:       51.000       24.000        0.000        0.000       15.000
   780:       52.000        1.000        1.000        0.000        0.340
   785:       52.000        3.000        1.000        0.000        0.340
   790:       52.000       28.000        0.000        0.000       13.000
   795:       53.000        1.000        2.000        0.000        0.840
   800:       53.000        3.000        1.000        0.000        0.840
   805:       53.000       24.000        0.000        0.000       12.000
   810:       54.000        1.000        3.000        0.000        0.370
   815:       54.000        3.000        1.000        0.000        0.370
   820:       54.000       20.000        0.000        0.000       15.000
   825:       55.000        1.000        2.000        0.000        0.160
   830:       55.000        3.000        1.000        0.000        0.160
   835:       55.000       20.000        0.000        0.000       16.000
   840:       56.000        1.000        1.000        0.000        0.380
   845:       56.000        3.000        1.000        0.000        0.380
   850:       56.000       27.000        1.000        0.000       15.000
   855:       57.000        1.000        3.000        0.000        0.170
   860:       57.000        3.000        1.000        0.000        0.170
   865:       57.000       18.000        0.000        0.000       16.000
   870:       58.000        1.000        1.000        0.000        0.820
   875:       58.000        3.000        1.000        0.000        0.820
   880:       58.000       28.000        0.000        0.000       13.000
   885:       59.000        1.000        3.000        0.000        0.510
   890:       59.000        3.000        1.000        0.000        0.510
   895:       59.000       17.000        0.000        0.000       14.000
   900:       60.000        1.000        2.000        0.000        0.100
   905:       60.000        3.000        1.000        0.000        0.100
   910:       60.000       15.000        0.000        0.000       14.000
   915:       61.000        1.000        2.000        0.000        0.160
   920:       61.000        3.000        1.000        0.000        0.160
   925:       61.000       21.000        0.000        0.000       17.000
   930:       62.000        1.000        1.000        0.000        1.500
   935:       62.000        3.000        1.000        0.000        1.500
   940:       62.000       32.000        0.000        0.000       12.000
   945:       63.000        1.000        2.000        0.000        0.330
   950:       63.000        3.000        1.000        0.000        0.330
   955:       63.000       18.000        0.000        0.000       14.000
   960:       64.000        1.000        2.000        0.000        2.330
   965:       64.000        3.000        1.000        0.000        2.330
   970:       64.000       22.000        0.000        0.000       13.000
   975:       65.000        1.000        1.000        0.000        0.130
   980:       65.000        3.000        1.000        0.000        0.130
   985:       65.000       29.000        0.000        0.000       16.000
   990:       66.000        1.000        3.000        0.000        0.180
   995:       66.000        3.000        1.000        0.000        0.180
  1000:       66.000       24.000        0.000        0.000       17.000
  1005:       67.000        1.000        5.000        0.000        1.170
  1010:       67.000        3.000        1.000        0.000        1.170
  1015:       67.000       21.000        0.000        0.000       12.000
  1020:       68.000        1.000        6.000        0.000        0.130
  1025:       68.000        3.000        1.000        0.000        0.130
  1030:       68.000        2.000        1.000        0.000       16.000
  1035:       69.000        1.000        3.000        0.000        0.560
  1040:       69.000        3.000        1.000        0.000        0.560
  1045:       69.000       22.000        0.000        0.000       16.000
  1050:       70.000        1.000        1.000        0.000        0.110
  1055:       70.000        3.000        1.000        0.000        0.110
  1060:       70.000       12.000        1.000        0.000       18.000
  1065:       71.000        1.000        2.000        0.000        0.210
  1070:       71.000        3.000        1.000        0.000        0.210
  1075:       71.000       10.000        0.000        0.000       14.000
  1080:       72.000        1.000        1.000        0.000        2.510
  1085:       72.000        3.000        1.000        0.000        2.510
  1090:       72.000       22.000        0.000        0.000       14.000
  1095:       73.000        1.000        2.000        0.000        1.980
  1100:       73.000        3.000        1.000        0.000        1.980
  1105:       73.000       19.000        1.000        0.000       15.000
  1110:       74.000        1.000        2.000        0.000        0.630
  1115:       74.000        3.000        1.000        0.000        0.630
  1120:       74.000       23.000        0.000        0.000       18.000
  1125:       75.000        1.000        3.000        0.000        2.790
  1130:       75.000        3.000        1.000        0.000        2.790
  1135:       75.000        8.000        0.000        0.000       12.000
  1140:       76.000        1.000        1.000        0.000        0.430
  1145:       76.000        3.000        1.000        0.000        0.430
  1150:       76.000       34.000        0.000        0.000       16.000
  1155:       77.000        1.000        2.000        0.000        0.610
  1160:       77.000        3.000        1.000        0.000        0.610
  1165:       77.000        9.000        0.000        0.000       15.000
  1170:       78.000        1.000        2.000        0.000        0.430
  1175:       78.000        3.000        1.000        0.000        0.430
  1180:       78.000       21.000        0.000        0.000       17.000
  1185:       79.000        1.000        1.000        0.000        5.290
  1190:       79.000        3.000        1.000        0.000        5.290
  1195:       79.000       15.000        0.000        0.000       15.000
  1200:       80.000        1.000        2.000        0.000        0.430
  1205:       80.000        3.000        1.000        0.000        0.430
  1210:       80.000       17.000        0.000        0.000       13.000
  1215:       81.000        1.000        1.000        0.000        0.130
  1220:       81.000        3.000        1.000        0.000        0.130
  1225:       81.000       20.000        0.000        0.000       16.000
  1230:       82.000        1.000        1.000        0.000        1.200
  1235:       82.000        3.000        1.000        0.000        1.200
  1240:       82.000       18.000        0.000        0.000       18.000
  1245:       83.000        1.000        2.000        0.000        0.830
  1250:       83.000        3.000        1.000        0.000        0.830
  1255:       83.000       19.000        0.000        0.000       16.000
  1260:       84.000        1.000        2.000        0.000        0.380
  1265:       84.000        3.000        1.000        0.000        0.380
  1270:       84.000       18.000        0.000        0.000       11.000
  1275:       85.000        1.000        3.000        0.000        0.590
  1280:       85.000        3.000        1.000        0.000        0.590
  1285:       85.000       14.000        0.000        0.000       19.000
  1290:       86.000        1.000        2.000        0.000        0.430
  1295:       86.000        3.000        1.000        0.000        0.430
  1300:       86.000       22.000        0.000        0.000       13.000
  1305:       87.000        1.000        1.000        0.000        0.210
  1310:       87.000        3.000        1.000        0.000        0.210
  1315:       87.000       23.000        0.000        0.000       15.000
  1320:       88.000        1.000        1.000        0.000        0.590
  1325:       88.000        3.000        1.000        0.000        0.590
  1330:       88.000       23.000        0.000        0.000       17.000
  1335:       89.000        1.000        4.000        0.000        0.300
  1340:       89.000        3.000        1.000        0.000        0.300
  1345:       89.000       15.000        0.000        0.000       20.000
  1350:       90.000        1.000        2.000        0.000        0.440
  1355:       90.000        3.000        1.000        0.000        0.440
  1360:       90.000       17.000        1.000        0.000       10.000
  1365:       91.000        1.000        1.000        0.000        0.400
  1370:       91.000        3.000        1.000        0.000        0.400
  1375:       91.000       23.000        0.000        0.000       13.000
  1380:       92.000        1.000        2.000        0.000        0.720
  1385:       92.000        3.000        1.000        0.000        0.720
  1390:       92.000       21.000        1.000        0.000       14.000
  1395:       93.000        1.000        3.000        0.000        0.620
  1400:       93.000        3.000        1.000        0.000        0.620
  1405:       93.000       18.000        0.000        0.000       17.000
  1410:       94.000        1.000        3.000        0.000        0.540
  1415:       94.000        3.000        1.000        0.000        0.540
  1420:       94.000        5.000        0.000        0.000       17.000
  1425:       95.000        1.000        3.000        0.000        0.600
  1430:       95.000        3.000        1.000        0.000        0.600
  1435:       95.000       20.000        0.000        0.000       19.000
  1440:       96.000        1.000        2.000        0.000        0.150
  1445:       96.000        3.000        1.000        0.000        0.150
  1450:       96.000       21.000        0.000        0.000       16.000
  1455:       97.000        1.000        3.000        0.000        1.910
  1460:       97.000        3.000        1.000        0.000        1.910
  1465:       97.000       12.000        0.000        0.000       14.000
  1470:       98.000        1.000        1.000        0.000        0.390
  1475:       98.000        3.000        1.000        0.000        0.390
  1480:       98.000       18.000        0.000        0.000       14.000
  1485:       99.000        1.000        3.000        0.000        0.480
  1490:       99.000        3.000        1.000        0.000        0.480
  1495:       99.000       20.000        0.000        0.000       12.000
  1500:      100.000        1.000        4.000        0.000        0.230
  1505:      100.000        3.000        1.000        0.000        0.230
  1510:      100.000       30.000        0.000        0.000       15.000
D:
     0:        0.000        0.000        0.000        0.000        0.000
     5:        0.000        0.000        0.000        0.000        0.000
    10:        0.000        0.000        0.000        0.000        0.000
    15:        1.000       15.000       90.000       40.000       49.890
    20:        1.000       64.890       65.890       44.890       64.890
    25:        1.000       25.000       80.000       15.000       15.150
    30:        2.000      107.000      182.000      132.000      142.250
    35:        2.000      157.250      158.250      137.250      157.250
    40:        2.000      117.000      172.000      107.000      107.150
    45:        3.000      200.000      275.000      225.000      231.490
    50:        3.000      246.490      247.490      226.490      246.490
    55:        3.000      210.000      265.000      200.000      200.150
    60:        4.000      292.000      367.000      317.000      323.070
    65:        4.000      338.070      339.070      318.070      338.070
    70:        4.000      302.000      357.000      292.000      292.150
    75:        5.000      381.000      456.000      406.000      411.150
    80:        5.000      426.150      427.150      406.150      426.150
    85:        5.000      391.000      446.000      381.000      381.150
    90:        6.000      470.000      545.000      495.000      500.390
    95:        6.000      515.390      516.390      495.390      515.390
   100:        6.000      480.000      535.000      470.000      470.150
   105:        7.000      560.000      635.000      585.000      590.210
   110:        7.000      605.210      606.210      585.210      605.210
   115:        7.000      570.000      625.000      560.000      560.150
   120:        8.000      651.000      726.000      676.000      681.120
   125:        8.000      696.120      697.120      676.120      696.120
   130:        8.000      661.000      716.000      651.000      651.150
   135:        9.000      745.000      820.000      770.000      775.150
   140:        9.000      790.150      791.150      770.150      790.150
   145:        9.000      755.000      810.000      745.000      745.150
   150:       10.000      839.000      914.000      864.000      869.400
   155:       10.000      884.400      885.400      864.400      884.400
   160:       10.000      849.000      904.000      839.000      839.150
   165:       11.000      927.000     1002.000      952.000      957.230
   170:       11.000      972.230      973.230      952.230      972.230
   175:       11.000      937.000      992.000      927.000      927.150
   180:       12.000     1014.000     1089.000     1039.000     1045.530
   185:       12.000     1060.530     1061.530     1040.530     1060.530
   190:       12.000     1024.000     1079.000     1014.000     1014.150
   195:       13.000     1105.000     1180.000     1130.000     1135.250
   200:       13.000     1150.250     1151.250     1130.250     1150.250
   205:       13.000     1115.000     1170.000     1105.000     1105.150
   210:       14.000     1193.000     1268.000     1218.000     1223.090
   215:       14.000     1238.090     1239.090     1218.090     1238.090
   220:       14.000     1203.000     1258.000     1193.000     1193.150
   225:       15.000     1283.000     1358.000     1308.000     1313.240
   230:       15.000     1328.240     1329.240     1308.240     1328.240
   235:       15.000     1293.000     1348.000     1283.000     1283.150
   240:       16.000     1372.000     1447.000     1397.000     1402.090
   245:       16.000     1417.090     1418.090     1397.090     1417.090
   250:       16.000     1382.000     1437.000     1372.000     1372.150
   255:       17.000     1460.000     1535.000     1485.000     1490.240
   260:       17.000     1505.240     1506.240     1485.240     1505.240
   265:       17.000     1470.000     1525.000     1460.000     1460.150
   270:       18.000     1550.000     1625.000     1575.000     1580.150
   275:       18.000     1595.150     1596.150     1575.150     1595.150
   280:       18.000     1560.000     1615.000     1550.000     1550.150
   285:       19.000     1636.000     1711.000     1661.000     1666.230
   290:       19.000     1681.230     1682.230     1661.230     1681.230
   295:       19.000     1646.000     1701.000     1636.000     1636.150
   300:       20.000     1726.000     1801.000     1751.000     1756.260
   305:       20.000     1771.260     1772.260     1751.260     1771.260
   310:       20.000     1736.000     1791.000     1726.000     1726.150
   315:       21.000     1820.000     1895.000     1845.000     1850.640
   320:       21.000     1865.640     1866.640     1845.640     1865.640
   325:       21.000     1830.000     1885.000     1820.000     1820.150
   330:       22.000     1912.000     1987.000     1937.000     1942.140
   335:       22.000     1957.140     1958.140     1937.140     1957.140
   340:       22.000     1922.000     1977.000     1912.000     1912.150
   345:       23.000     2001.000     2076.000     2026.000     2031.380
   350:       23.000     2046.380     2047.380     2026.380     2046.380
   355:       23.000     2011.000     2066.000     2001.000     2001.150
   360:       24.000     2094.000     2169.000     2119.000     2124.670
   365:       24.000     2139.670     2140.670     2119.670     2139.670
   370:       24.000     2104.000     2159.000     2094.000     2094.150
   375:       25.000     2185.000     2260.000     2210.000     2215.110
   380:       25.000     2230.110     2231.110     2210.110     2230.110
   385:       25.000     2195.000     2250.000     2185.000     2185.150
   390:       26.000     2275.000     2350.000     2300.000     2305.390
   395:       26.000     2320.390     2321.390     2300.390     2320.390
   400:       26.000     2285.000     2340.000     2275.000     2275.150
   405:       27.000     2367.000     2442.000     2392.000     2397.170
   410:       27.000     2412.170     2413.170     2392.170     2412.170
   415:       27.000     2377.000     2432.000     2367.000     2367.150
   420:       28.000     2456.000     2531.000     2481.000     2486.160
   425:       28.000     2501.160     2502.160     2481.160     2501.160
   430:       28.000     2466.000     2521.000     2456.000     2456.150
   435:       29.000     2547.000     2622.000     2572.000     2577.120
   440:       29.000     2592.120     2593.120     2572.120     2592.120
   445:       29.000     2557.000     2612.000     2547.000     2547.150
   450:       30.000     2636.000     2711.000     2661.000     2666.120
   455:       30.000     2681.120     2682.120     2661.120     2681.120
   460:       30.000     2646.000     2701.000     2636.000     2636.150
   465:       31.000     2727.000     2802.000     2752.000     2757.130
   470:       31.000     2772.130     2773.130     2752.130     2772.130
   475:       31.000     2737.000     2792.000     2727.000     2727.150
   480:       32.000     2815.000     2890.000     2840.000     2845.120
   485:       32.000     2860.120     2861.120     2840.120     2860.120
   490:       32.000     2825.000     2880.000     2815.000     2815.150
   495:       33.000     2906.000     2981.000     2931.000     2936.100
   500:       33.000     2951.100     2952.100     2931.100     2951.100
   505:       33.000     2916.000     2971.000     2906.000     2906.150
   510:       34.000     2997.000     3072.000     3022.000     3027.170
   515:       34.000     3042.170     3043.170     3022.170     3042.170
   520:       34.000     3007.000     3062.000     2997.000     2997.150
   525:       35.000     3082.000     3157.000     3107.000     3112.310
   530:       35.000     3127.310     3128.310     3107.310     3127.310
   535:       35.000     3092.000     3147.000     3082.000     3082.150
   540:       36.000     3169.000     3244.000     3194.000     3199.120
   545:       36.000     3214.120     3215.120     3194.120     3214.120
   550:       36.000     3179.000     3234.000     3169.000     3169.150
   555:       37.000     3258.000     3333.000     3283.000     3288.240
   560:       37.000     3303.240     3304.240     3283.240     3303.240
   565:       37.000     3268.000     3323.000     3258.000     3258.150
   570:       38.000     3351.000     3426.000     3376.000     3381.400
   575:       38.000     3396.400     3397.400     3376.400     3396.400
   580:       38.000     3361.000     3416.000     3351.000     3351.150
   585:       39.000     3440.000     3515.000     3465.000     3470.370
   590:       39.000     3485.370     3486.370     3465.370     3485.370
   595:       39.000     3450.000     3505.000     3440.000     3440.150
   600:       40.000     3531.000     3606.000     3556.000     3562.000
   605:       40.000     3577.000     3578.000     3557.000     3577.000
   610:       40.000     3541.000     3596.000     3531.000     3531.150
   615:       41.000     3620.000     3695.000     3645.000     3650.390
   620:       41.000     3665.390     3666.390     3645.390     3665.390
   625:       41.000     3630.000     3685.000     3620.000     3620.150
   630:       42.000     3707.000     3782.000     3732.000     3737.150
   635:       42.000     3752.150     3753.150     3732.150     3752.150
   640:       42.000     3717.000     3772.000     3707.000     3707.150
   645:       43.000     3795.000     3870.000     3820.000     3825.520
   650:       43.000     3840.520     3841.520     3820.520     3840.520
   655:       43.000     3805.000     3860.000     3795.000     3795.150
   660:       44.000     3887.000     3962.000     3912.000     3917.360
   665:       44.000     3932.360     3933.360     3912.360     3932.360
   670:       44.000     3897.000     3952.000     3887.000     3887.150
   675:       45.000     3977.000     4052.000     4002.000     4007.390
   680:       45.000     4022.390     4023.390     4002.390     4022.390
   685:       45.000     3987.000     4042.000     3977.000     3977.150
   690:       46.000     4066.000     4141.000     4091.000     4096.420
   695:       46.000     4111.420     4112.420     4091.420     4111.420
   700:       46.000     4076.000     4131.000     4066.000     4066.150
   705:       47.000     4156.000     4231.000     4181.000     4186.430
   710:       47.000     4201.430     4202.430     4181.430     4201.430
   715:       47.000     4166.000     4221.000     4156.000     4156.150
   720:       48.000     4246.000     4321.000     4271.000     4276.160
   725:       48.000     4291.160     4292.160     4271.160     4291.160
   730:       48.000     4256.000     4311.000     4246.000     4246.150
   735:       49.000     4337.000     4412.000     4362.000     4367.100
   740:       49.000     4382.100     4383.100     4362.100     4382.100
   745:       49.000     4347.000     4402.000     4337.000     4337.150
   750:       50.000     4426.000     4501.000     4451.000     4456.500
   755:       50.000     4471.500     4472.500     4451.500     4471.500
   760:       50.000     4436.000     4491.000     4426.000     4426.150
   765:       51.000     4516.000     4591.000     4541.000     4546.150
   770:       51.000     4561.150     4562.150     4541.150     4561.150
   775:       51.000     4526.000     4581.000     4516.000     4516.150
   780:       52.000     4606.000     4681.000     4631.000     4636.340
   785:       52.000     4651.340     4652.340     4631.340     4651.340
   790:       52.000     4616.000     4671.000     4606.000     4606.150
   795:       53.000     4694.000     4769.000     4719.000     4724.840
   800:       53.000     4739.840     4740.840     4719.840     4739.840
   805:       53.000     4704.000     4759.000     4694.000     4694.150
   810:       54.000     4781.000     4856.000     4806.000     4811.370
   815:       54.000     4826.370     4827.370     4806.370     4826.370
   820:       54.000     4791.000     4846.000     4781.000     4781.150
   825:       55.000     4871.000     4946.000     4896.000     4901.160
   830:       55.000     4916.160     4917.160     4896.160     4916.160
   835:       55.000     4881.000     4936.000     4871.000     4871.150
   840:       56.000     4962.000     5037.000     4987.000     4992.380
   845:       56.000     5007.380     5008.380     4987.380     5007.380
   850:       56.000     4972.000     5027.000     4962.000     4962.150
   855:       57.000     5052.000     5127.000     5077.000     5082.170
   860:       57.000     5097.170     5098.170     5077.170     5097.170
   865:       57.000     5062.000     5117.000     5052.000     5052.150
   870:       58.000     5143.000     5218.000     5168.000     5173.820
   875:       58.000     5188.820     5189.820     5168.820     5188.820
   880:       58.000     5153.000     5208.000     5143.000     5143.150
   885:       59.000     5231.000     5306.000     5256.000     5261.510
   890:       59.000     5276.510     5277.510     5256.510     5276.510
   895:       59.000     5241.000     5296.000     5231.000     5231.150
   900:       60.000     5320.000     5395.000     5345.000     5350.100
   905:       60.000     5365.100     5366.100     5345.100     5365.100
   910:       60.000     5330.000     5385.000     5320.000     5320.150
   915:       61.000     5409.000     5484.000     5434.000     5439.160
   920:       61.000     5454.160     5455.160     5434.160     5454.160
   925:       61.000     5419.000     5474.000     5409.000     5409.150
   930:       62.000     5501.000     5576.000     5526.000     5532.500
   935:       62.000     5547.500     5548.500     5527.500     5547.500
   940:       62.000     5511.000     5566.000     5501.000     5501.150
   945:       63.000     5588.000     5663.000     5613.000     5618.330
   950:       63.000     5633.330     5634.330     5613.330     5633.330
   955:       63.000     5598.000     5653.000     5588.000     5588.150
   960:       64.000     5677.000     5752.000     5702.000     5709.330
   965:       64.000     5724.330     5725.330     5704.330     5724.330
   970:       64.000     5687.000     5742.000     5677.000     5677.150
   975:       65.000     5765.000     5840.000     5790.000     5795.130
   980:       65.000     5810.130     5811.130     5790.130     5810.130
   985:       65.000     5775.000     5830.000     5765.000     5765.150
   990:       66.000     5856.000     5931.000     5881.000     5886.180
   995:       66.000     5901.180     5902.180     5881.180     5901.180
  1000:       66.000     5866.000     5921.000     5856.000     5856.150
  1005:       67.000     5948.000     6023.000     5973.000     5979.170
  1010:       67.000     5994.170     5995.170     5974.170     5994.170
  1015:       67.000     5958.000     6013.000     5948.000     5948.150
  1020:       68.000     6035.000     6110.000     6060.000     6065.130
  1025:       68.000     6080.130     6081.130     6060.130     6080.130
  1030:       68.000     6045.000     6100.000     6035.000     6035.150
  1035:       69.000     6126.000     6201.000     6151.000     6156.560
  1040:       69.000     6171.560     6172.560     6151.560     6171.560
  1045:       69.000     6136.000     6191.000     6126.000     6126.150
  1050:       70.000     6217.000     6292.000     6242.000     6247.110
  1055:       70.000     6262.110     6263.110     6242.110     6262.110
  1060:       70.000     6227.000     6282.000     6217.000     6217.150
  1065:       71.000     6310.000     6385.000     6335.000     6340.210
  1070:       71.000     6355.210     6356.210     6335.210     6355.210
  1075:       71.000     6320.000     6375.000     6310.000     6310.150
  1080:       72.000     6399.000     6474.000     6424.000     6431.510
  1085:       72.000     6446.510     6447.510     6426.510     6446.510
  1090:       72.000     6409.000     6464.000     6399.000     6399.150
  1095:       73.000     6488.000     6563.000     6513.000     6519.980
  1100:       73.000     6534.980     6535.980     6514.980     6534.980
  1105:       73.000     6498.000     6553.000     6488.000     6488.150
  1110:       74.000     6578.000     6653.000     6603.000     6608.630
  1115:       74.000     6623.630     6624.630     6603.630     6623.630
  1120:       74.000     6588.000     6643.000     6578.000     6578.150
  1125:       75.000     6671.000     6746.000     6696.000     6703.790
  1130:       75.000     6718.790     6719.790     6698.790     6718.790
  1135:       75.000     6681.000     6736.000     6671.000     6671.150
  1140:       76.000     6758.000     6833.000     6783.000     6788.430
  1145:       76.000     6803.430     6804.430     6783.430     6803.430
  1150:       76.000     6768.000     6823.000     6758.000     6758.150
  1155:       77.000     6849.000     6924.000     6874.000     6879.610
  1160:       77.000     6894.610     6895.610     6874.610     6894.610
  1165:       77.000     6859.000     6914.000     6849.000     6849.150
  1170:       78.000     6939.000     7014.000     6964.000     6969.430
  1175:       78.000     6984.430     6985.430     6964.430     6984.430
  1180:       78.000     6949.000     7004.000     6939.000     6939.150
  1185:       79.000     7031.000     7106.000     7056.000     7066.290
  1190:       79.000     7081.290     7082.290     7061.290     7081.290
  1195:       79.000     7041.000     7096.000     7031.000     7031.150
  1200:       80.000     7121.000     7196.000     7146.000     7151.430
  1205:       80.000     7166.430     7167.430     7146.430     7166.430
  1210:       80.000     7131.000     7186.000     7121.000     7121.150
  1215:       81.000     7209.000     7284.000     7234.000     7239.130
  1220:       81.000     7254.130     7255.130     7234.130     7254.130
  1225:       81.000     7219.000     7274.000     7209.000     7209.150
  1230:       82.000     7300.000     7375.000     7325.000     7331.200
  1235:       82.000     7346.200     7347.200     7326.200     7346.200
  1240:       82.000     7310.000     7365.000     7300.000     7300.150
  1245:       83.000     7393.000     7468.000     7418.000     7423.830
  1250:       83.000     7438.830     7439.830     7418.830     7438.830
  1255:       83.000     7403.000     7458.000     7393.000     7393.150
  1260:       84.000     7484.000     7559.000     7509.000     7514.380
  1265:       84.000     7529.380     7530.380     7509.380     7529.380
  1270:       84.000     7494.000     7549.000     7484.000     7484.150
  1275:       85.000     7570.000     7645.000     7595.000     7600.590
  1280:       85.000     7615.590     7616.590     7595.590     7615.590
  1285:       85.000     7580.000     7635.000     7570.000     7570.150
  1290:       86.000     7664.000     7739.000     7689.000     7694.430
  1295:       86.000     7709.430     7710.430     7689.430     7709.430
  1300:       86.000     7674.000     7729.000     7664.000     7664.150
  1305:       87.000     7752.000     7827.000     7777.000     7782.210
  1310:       87.000     7797.210     7798.210     7777.210     7797.210
  1315:       87.000     7762.000     7817.000     7752.000     7752.150
  1320:       88.000     7842.000     7917.000     7867.000     7872.590
  1325:       88.000     7887.590     7888.590     7867.590     7887.590
  1330:       88.000     7852.000     7907.000     7842.000     7842.150
  1335:       89.000     7934.000     8009.000     7959.000     7964.300
  1340:       89.000     7979.300     7980.300     7959.300     7979.300
  1345:       89.000     7944.000     7999.000     7934.000     7934.150
  1350:       90.000     8029.000     8104.000     8054.000     8059.440
  1355:       90.000     8074.440     8075.440     8054.440     8074.440
  1360:       90.000     8039.000     8094.000     8029.000     8029.150
  1365:       91.000     8114.000     8189.000     8139.000     8144.400
  1370:       91.000     8159.400     8160.400     8139.400     8159.400
  1375:       91.000     8124.000     8179.000     8114.000     8114.150
  1380:       92.000     8202.000     8277.000     8227.000     8232.720
  1385:       92.000     8247.720     8248.720     8227.720     8247.720
  1390:       92.000     8212.000     8267.000     8202.000     8202.150
  1395:       93.000     8291.000     8366.000     8316.000     8321.620
  1400:       93.000     8336.620     8337.620     8316.620     8336.620
  1405:       93.000     8301.000     8356.000     8291.000     8291.150
  1410:       94.000     8383.000     8458.000     8408.000     8413.540
  1415:       94.000     8428.540     8429.540     8408.540     8428.540
  1420:       94.000     8393.000     8448.000     8383.000     8383.150
  1425:       95.000     8475.000     8550.000     8500.000     8505.600
  1430:       95.000     8520.600     8521.600     8500.600     8520.600
  1435:       95.000     8485.000     8540.000     8475.000     8475.150
  1440:       96.000     8569.000     8644.000     8594.000     8599.150
  1445:       96.000     8614.150     8615.150     8594.150     8614.150
  1450:       96.000     8579.000     8634.000     8569.000     8569.150
  1455:       97.000     8660.000     8735.000     8685.000     8691.910
  1460:       97.000     8706.910     8707.910     8686.910     8706.910
  1465:       97.000     8670.000     8725.000     8660.000     8660.150
  1470:       98.000     8749.000     8824.000     8774.000     8779.390
  1475:       98.000     8794.390     8795.390     8774.390     8794.390
  1480:       98.000     8759.000     8814.000     8749.000     8749.150
  1485:       99.000     8838.000     8913.000     8863.000     8868.480
  1490:       99.000     8883.480     8884.480     8863.480     8883.480
  1495:       99.000     8848.000     8903.000     8838.000     8838.150
  1500:      100.000     8925.000     9000.000     8950.000     8955.230
  1505:      100.000     8970.230     8971.230     8950.230     8970.230
  1510:      100.000     8935.000     8990.000     8925.000     8925.150
F:
     0:       51.110       53.370       54.220       54.260       66.140
     5:       66.220       70.460      142.800      144.350      145.450
    10:      145.860      145.980      146.510      146.970      147.430
    15:      148.110      148.660      150.200      152.450      153.410
    20:      154.360      154.420      155.770      157.760      161.140
    25:      210.060      210.150      210.560      210.770      211.040
    30:      211.800      212.940      214.120      218.330      218.720
    35:      218.790      220.440      221.970      222.250      222.570
    40:      224.050      224.630      232.060      232.120      232.340
    45:      233.880      233.920      233.950      234.170      234.700
    50:      236.090      236.920      238.510      238.610      245.930
    55:      249.360      249.490      254.650      303.870      305.520
    60:      305.690      305.860      307.140      307.250      308.110
    65:      308.770      309.580      309.790      310.130      310.190
    70:      310.660      310.700      312.450      313.310      313.400
    75:      316.590      323.840      326.510      327.000      328.830
    80:      329.130      329.290      331.260      331.510      331.720
    85:      332.380      332.650      332.860      332.900      333.070
    90:      333.520      336.010      338.290      403.050      411.990
    95:      413.110      416.690      417.260      417.900      417.930
   100:      418.340      418.430      419.280      421.480      421.760
   105:      422.890      423.600      423.660      424.980      425.590
   110:      425.780      426.790      427.460      429.570      429.800
   115:      430.730      492.740      502.170      502.320      502.680
   120:      503.470      503.750      504.650      505.110      505.140
   125:      506.060      506.360      507.790      508.260      508.530
   130:      508.990      509.190      509.320      510.500      511.320
   135:      511.400      512.940      513.740      515.000      515.320
   140:      515.620      516.190      573.130      573.920      574.560
   145:      574.870      575.080      575.180      576.070      576.360
   150:      576.790      577.200      577.980      578.080      578.200
   155:      578.990      579.140      579.240      579.960      580.440
   160:      596.520      596.900      598.100      598.820      599.320
   165:      599.630      600.270      601.170      602.820      603.280
   170:      603.620      603.730      604.970      605.260      605.510
   175:      663.160      663.550      663.590      664.160      664.340
   180:      664.810      665.900      666.470      681.860      682.320
   185:      682.680      683.080      683.200      683.320      683.410
   190:      683.500      683.670      683.800      684.040      684.560
   195:      684.900      689.240      689.510      689.550      690.290
   200:      690.440      691.720      691.880      692.260      692.780
   205:      693.540      694.140      695.310      695.490      695.580
   210:      696.480      699.500      775.640      775.770      780.180
   215:      780.810      781.190      781.650      781.680      781.750
   220:      781.760      783.910      784.450      785.090      785.430
   225:      785.540      785.590      785.660      786.150      786.440
   230:      787.420      787.550      787.830      788.100      789.370
   235:      789.590      790.390      792.460      793.010      855.940
   240:      856.040      870.160      870.330      870.370      870.780
   245:      871.150      871.710      871.910      871.950      872.130
   250:      874.410      874.430      875.040      875.280      875.850
   255:      876.130      876.540      876.570      876.900      877.190
   260:      877.300      878.040      878.190      878.450      879.780
   265:      879.810      880.020      880.500      881.710      881.880
   270:      881.980      882.320      882.980      883.240      883.420
   275:      938.450      964.440      964.990      965.350      965.360
   280:      965.600      965.960      966.350      967.910      968.140
   285:      968.300      968.390      969.160      969.400      970.050
   290:      970.160      970.400      970.640      971.420      971.530
   295:      971.650      972.180     1024.960     1028.000     1030.680
   300:     1033.530     1033.910     1034.590     1034.730     1035.220
   305:     1036.780     1047.140     1047.290     1047.680     1048.040
   310:     1048.450     1049.030     1049.190     1049.610     1049.770
   315:     1051.440     1051.590     1051.780     1051.800     1051.970
   320:     1052.070     1052.610     1052.800     1053.270     1053.560
   325:     1053.770     1053.980     1054.460     1054.680     1054.710
   330:     1054.730     1054.900     1057.160     1058.320     1060.240
   335:     1135.800     1136.520     1136.840     1137.670     1138.430
   340:     1138.440     1138.550     1138.680     1138.930     1139.560
   345:     1139.760     1139.830     1139.920     1140.650     1140.810
   350:     1141.090     1141.220     1145.050     1145.340     1145.880
   355:     1146.820     1147.010     1147.630     1148.200     1148.500
   360:     1148.550     1149.660     1150.940     1225.030     1227.240
   365:     1227.760     1228.040     1228.330     1229.420     1230.020
   370:     1230.160     1230.330     1232.590     1232.900     1233.030
   375:     1233.340     1233.860     1234.370     1234.460     1234.710
   380:     1234.950     1235.850     1237.370     1237.610     1237.810
   385:     1238.210     1238.290     1302.980     1303.110     1315.050
   390:     1316.290     1317.900     1318.450     1318.770     1318.990
   395:     1319.140     1321.090     1321.120     1321.160     1321.460
   400:     1321.800     1322.370     1322.770     1323.080     1323.740
   405:     1324.490     1325.310     1328.460     1391.070     1403.170
   410:     1403.200     1403.500     1403.520     1403.710     1403.860
   415:     1404.670     1405.150     1405.840     1406.670     1406.780
   420:     1407.030     1407.130     1407.360     1407.630     1408.670
   425:     1409.110     1409.850     1410.020     1410.240     1411.900
   430:     1412.060     1412.520     1413.310     1413.650     1414.550
   435:     1414.960     1415.570     1417.420     1419.440     1419.680
   440:     1419.690     1419.810     1470.150     1470.940     1471.360
   445:     1471.430     1471.530     1471.630     1472.020     1472.550
   450:     1472.810     1475.760     1477.810     1478.280     1479.280
   455:     1482.320     1496.100     1496.150     1498.350     1499.510
   460:     1501.360     1501.900     1502.040     1502.190     1503.740
   465:     1505.240     1505.460     1581.890     1582.440     1582.610
   470:     1586.880     1587.340     1588.910     1589.350     1589.370
   475:     1589.530     1590.480     1591.490     1591.640     1591.720
   480:     1592.530     1592.620     1593.960     1594.220     1594.730
   485:     1595.240     1595.320     1653.990     1674.290     1676.310
   490:     1676.370     1677.500     1677.720     1677.930     1678.090
   495:     1678.120     1678.950     1680.020     1680.180     1680.460
   500:     1757.960     1768.850     1769.670     1770.120     1770.530
   505:     1770.610     1770.680     1832.040     1832.550     1839.220
   510:     1843.380     1843.500     1843.890     1852.260     1852.890
   515:     1855.600     1856.050     1858.070     1858.680     1858.920
   520:     1859.300     1859.500     1859.640     1860.240     1860.460
   525:     1862.500     1863.020     1863.980     1864.470     1864.830
   530:     1865.020     1865.590     1865.850     1931.690     1942.960
   535:     1943.160     1943.190     1944.020     1944.340     1944.410
   540:     1944.960     1945.210     1945.290     1945.390     1946.620
   545:     1947.080     1947.110     1948.160     1949.050     1949.440
   550:     1949.850     1950.460     1950.920     1951.650     1951.720
   555:     1951.960     1952.500     1953.200     1954.270     1955.160
   560:     1955.490     1955.920     1956.140     1956.320     1956.540
   565:     1956.650     1957.180     2021.400     2025.570     2025.660
   570:     2037.610     2037.750     2037.830     2040.580     2041.190
   575:     2041.610     2041.670     2043.600     2043.660     2043.990
   580:     2044.440     2044.920     2045.040     2046.390     2046.600
   585:     2108.640     2108.940     2116.400     2117.940     2118.350
   590:     2119.370     2125.280     2125.340     2125.370     2126.290
   595:     2126.490     2126.560     2126.680     2126.690     2126.720
   600:     2127.640     2128.440     2128.730     2128.760     2128.780
   605:     2128.880     2131.210     2131.390     2131.520     2134.610
   610:     2135.120     2135.950     2136.010     2136.870     2138.790
   615:     2139.110     2139.450     2140.020     2202.000     2202.160
   620:     2202.270     2205.440     2205.610     2205.670     2221.840
   625:     2222.300     2222.670     2222.960     2223.340     2223.700
   630:     2224.770     2224.990     2226.200     2226.450     2226.570
   635:     2227.420     2227.550     2228.120     2228.160     2229.020
   640:     2230.260     2230.450     2306.200     2307.070     2307.160
   645:     2307.620     2307.630     2307.950     2308.480     2308.750
   650:     2309.050     2310.060     2311.810     2312.380     2312.660
   655:     2312.690     2314.530     2314.680     2314.950     2315.350
   660:     2316.340     2317.490     2317.600     2317.650     2317.860
   665:     2318.280     2318.620     2318.750     2319.270     2319.600
   670:     2319.620     2320.260     2320.370     2320.380     2320.640
   675:     2388.610     2397.830     2398.250     2398.380     2398.510
   680:     2398.750     2398.930     2399.840     2400.160     2401.090
   685:     2401.450     2402.810     2403.190     2403.940     2404.600
   690:     2404.720     2404.910     2405.500     2405.560     2405.680
   695:     2406.230     2406.870     2407.170     2408.010     2408.030
   700:     2409.270     2409.480     2410.110     2410.430     2410.600
   705:     2410.760     2411.560     2411.710     2412.440     2478.110
   710:     2486.760     2489.020     2498.350     2498.680     2499.120
   715:     2499.580     2499.960     2501.180     2501.230     2501.610
   720:     2567.270     2579.930     2580.030     2580.390     2583.950
   725:     2584.370     2584.390     2584.790     2585.000     2585.030
   730:     2585.670     2585.740     2585.870     2586.230     2586.330
   735:     2586.700     2586.880     2587.050     2587.720     2587.800
   740:     2588.360     2588.950     2588.980     2589.560     2590.220
   745:     2590.570     2590.680     2590.810     2590.950     2591.380
   750:     2591.450     2591.630     2592.200     2668.180     2668.220
   755:     2668.440     2668.580     2668.620     2669.110     2669.420
   760:     2669.720     2670.640     2670.860     2671.330     2671.780
   765:     2671.900     2672.270     2672.480     2673.340     2673.390
   770:     2673.470     2673.780     2675.990     2676.190     2676.480
   775:     2676.510     2676.700     2677.470     2677.960     2677.970
   780:     2678.050     2678.080     2678.930     2680.410     2681.050
   785:     2681.410     2757.990     2759.130     2759.300     2759.400
   790:     2759.640     2760.350     2760.530     2762.130     2762.670
   795:     2762.750     2764.060     2764.360     2765.410     2765.890
   800:     2768.590     2769.520     2770.640     2771.140     2771.190
   805:     2771.240     2776.060     2846.360     2846.460     2848.960
   810:     2849.090     2849.900     2850.130     2851.550     2851.730
   815:     2852.040     2852.160     2853.470     2853.960     2855.070
   820:     2856.000     2856.120     2856.300     2856.480     2856.520
   825:     2856.570     2856.730     2860.090     2860.190     2924.070
   830:     2924.260     2936.940     2936.960     2937.000     2937.360
   835:     2937.610     2937.760     2938.300     2938.550     2938.840
   840:     2939.930     2939.970     2940.030     2940.910     2941.620
   845:     2942.340     2942.750     2942.770     2943.050     2944.570
   850:     2944.960     2945.300     2947.780     2947.850     2948.430
   855:     2948.890     2949.390     2950.300     3028.090     3028.280
   860:     3028.290     3031.880     3032.030     3032.180     3032.640
   865:     3033.200     3033.850     3034.590     3034.840     3035.510
   870:     3035.770     3035.850     3036.020     3036.290     3036.350
   875:     3038.250     3038.780     3039.220     3039.280     3039.370
   880:     3040.270     3040.830     3041.680     3042.080     3102.590
   885:     3112.920     3113.450     3113.890     3114.200     3116.080
   890:     3116.350     3116.470     3116.800     3117.410     3118.660
   895:     3119.110     3119.260     3119.350     3119.620     3121.530
   900:     3122.210     3122.390     3122.560     3122.920     3123.360
   905:     3123.480     3123.490     3123.740     3126.840     3127.000
   910:     3127.250     3136.780     3215.850     3288.970     3289.090
   915:     3293.110     3293.320     3293.710     3295.370     3295.640
   920:     3295.680     3295.950     3296.380     3298.400     3298.420
   925:     3298.670     3298.730     3299.260     3301.170     3302.030
   930:     3302.920     3303.420     3303.450     3382.360     3383.240
   935:     3383.650     3383.910     3384.350     3384.520     3384.960
   940:     3385.370     3385.390     3385.420     3386.460     3386.730
   945:     3386.750     3388.090     3388.690     3389.650     3389.840
   950:     3390.290     3390.640     3391.730     3391.820     3393.890
   955:     3394.700     3395.100     3395.420     3396.630     3402.490
   960:     3471.430     3471.510     3471.550     3471.930     3472.110
   965:     3472.340     3472.370     3474.160     3474.340     3474.400
   970:     3474.620     3475.000     3475.030     3475.220     3475.970
   975:     3476.120     3476.190     3478.030     3478.760     3479.180
   980:     3479.840     3480.430     3483.230     3483.650     3484.100
   985:     3485.090     3548.280     3549.660     3550.810     3551.170
   990:     3551.550     3551.630     3551.730     3552.280     3552.370
   995:     3553.890     3554.100     3554.730     3555.560     3555.980
  1000:     3562.590     3562.700     3563.200     3563.390     3563.700
  1005:     3563.980     3564.330     3565.380     3565.610     3565.880
  1010:     3567.110     3567.440     3567.490     3567.870     3568.220
  1015:     3568.400     3568.620     3569.030     3569.150     3569.540
  1020:     3570.100     3571.170     3571.330     3571.420     3571.530
  1025:     3572.250     3573.490     3575.360     3575.980     3576.670
  1030:     3656.010     3658.280     3658.420     3658.510     3658.660
  1035:     3659.100     3659.230     3659.400     3659.420     3660.350
  1040:     3660.740     3660.990     3661.530     3664.180     3664.600
  1045:     3664.670     3664.860     3665.080     3665.160     3668.800
  1050:     3669.110     3679.770     3737.990     3742.900     3743.010
  1055:     3743.400     3743.480     3743.780     3745.030     3745.850
  1060:     3746.760     3746.880     3747.360     3750.040     3750.320
  1065:     3751.370     3751.900     3752.360     3752.670     3755.800
  1070:     3827.070     3827.310     3831.340     3831.600     3831.920
  1075:     3832.100     3832.340     3832.480     3833.860     3834.880
  1080:     3835.300     3835.670     3836.490     3837.770     3838.250
  1085:     3838.400     3838.440     3838.640     3839.460     3840.600
  1090:     3926.850     3926.990     3927.590     3927.610     3927.880
  1095:     3929.380     3929.620     3930.180     3930.510     4008.140
  1100:     4009.940     4010.870     4013.620     4013.910     4014.270
  1105:     4016.370     4016.780     4019.570     4020.450     4020.950
  1110:     4021.270     4021.290     4021.450     4022.290     4022.850
  1115:     4104.150     4105.670     4107.370     4107.770     4109.010
  1120:     4109.320     4109.610     4110.080     4110.330     4110.380
  1125:     4110.640     4110.820     4110.910     4111.100     4192.350
  1130:     4193.850     4194.290     4194.740     4197.370     4198.360
  1135:     4200.150     4200.700     4201.060     4201.170     4201.310
  1140:     4201.380     4203.660     4268.660     4278.390     4279.300
  1145:     4279.950     4280.560     4280.620     4280.700     4281.310
  1150:     4283.170     4283.300     4283.500     4283.890     4284.430
  1155:     4284.770     4285.280     4286.670     4287.910     4288.410
  1160:     4290.280     4290.310     4290.390     4290.470     4290.560
  1165:     4290.700     4370.330     4370.530     4371.070     4371.260
  1170:     4373.780     4373.980     4374.040     4374.180     4374.310
  1175:     4374.760     4375.090     4376.470     4376.600     4377.150
  1180:     4377.230     4377.280     4378.030     4379.250     4379.700
  1185:     4380.220     4380.540     4380.930     4380.960     4457.420
  1190:     4457.520     4458.410     4459.640     4459.690     4459.780
  1195:     4459.850     4460.380     4460.420     4460.540     4460.670
  1200:     4462.570     4463.850     4464.860     4464.980     4465.230
  1205:     4465.510     4465.830     4468.040     4468.420     4468.680
  1210:     4468.780     4469.210     4469.660     4469.960     4469.990
  1215:     4547.030     4548.120     4548.390     4548.510     4550.250
  1220:     4550.290     4550.340     4551.460     4551.590     4551.810
  1225:     4552.640     4552.720     4553.520     4553.730     4553.820
  1230:     4553.840     4554.690     4554.760     4556.140     4557.300
  1235:     4557.880     4558.110     4558.270     4559.510     4638.170
  1240:     4640.490     4640.660     4641.030     4641.810     4642.090
  1245:     4642.890     4643.230     4643.300     4643.490     4643.820
  1250:     4644.650     4644.840     4645.200     4645.700     4646.290
  1255:     4646.710     4646.810     4646.990     4647.440     4648.080
  1260:     4648.130     4649.550     4650.200     4650.510     4650.590
  1265:     4650.680     4651.350     4726.270     4726.390     4728.310
  1270:     4728.560     4728.760     4728.790     4729.420     4729.540
  1275:     4730.870     4731.490     4731.670     4732.990     4733.330
  1280:     4733.520     4733.550     4733.990     4734.060     4736.930
  1285:     4737.890     4738.420     4738.950     4739.250     4739.740
  1290:     4740.060     4816.190     4816.260     4816.290     4816.950
  1295:     4817.770     4818.180     4819.130     4819.390     4819.520
  1300:     4819.780     4822.160     4822.250     4822.380     4822.900
  1305:     4823.150     4823.270     4824.950     4825.270     4825.370
  1310:     4825.810     4902.340     4902.430     4902.680     4903.450
  1315:     4903.940     4904.180     4905.110     4906.380     4906.930
  1320:     4907.080     4907.800     4907.950     4908.830     4909.930
  1325:     4911.200     4911.310     4912.180     4913.860     4914.300
  1330:     4915.580     4992.940     4993.510     4993.860     4996.820
  1335:     4996.920     4997.370     4997.530     4997.570     4997.670
  1340:     4997.790     4998.740     4999.090     4999.250     5000.420
  1345:     5001.180     5001.270     5001.470     5002.120     5003.400
  1350:     5003.440     5003.570     5003.730     5004.550     5005.840
  1355:     5007.000     5007.270     5009.630     5086.800     5087.980
  1360:     5088.520     5089.650     5090.160     5091.550     5091.690
  1365:     5091.860     5091.930     5092.760     5092.810     5092.910
  1370:     5093.150     5093.490     5093.620     5094.310     5095.300
  1375:     5097.440     5174.920     5175.080     5176.830     5176.850
  1380:     5176.990     5177.040     5177.590     5177.690     5177.850
  1385:     5178.220     5178.550     5179.110     5179.160     5179.850
  1390:     5181.910     5182.210     5182.400     5182.650     5183.770
  1395:     5183.920     5184.230     5186.180     5186.310     5186.430
  1400:     5186.530     5188.850     5197.580     5197.660     5263.850
  1405:     5265.130     5265.160     5265.470     5265.720     5266.000
  1410:     5266.210     5267.780     5267.980     5269.500     5269.650
  1415:     5270.400     5271.300     5271.660     5271.680     5274.390
  1420:     5275.540     5351.160     5353.020     5353.820     5353.950
  1425:     5354.250     5354.910     5355.650     5355.870     5358.150
  1430:     5358.900     5359.100     5360.770     5361.700     5361.800
  1435:     5362.520     5440.070     5440.130     5440.560     5440.780
  1440:     5443.520     5443.620     5443.750     5444.350     5444.400
  1445:     5445.360     5445.710     5446.050     5447.300     5447.550
  1450:     5447.930     5448.320     5449.160     5450.400     5451.040
  1455:     5451.890     5453.270     5532.990     5533.090     5533.170
  1460:     5534.670     5535.520     5535.970     5536.130     5536.330
  1465:     5536.420     5538.780     5539.080     5539.420     5539.430
  1470:     5539.680     5541.130     5541.240     5541.480     5542.190
  1475:     5542.300     5542.430     5542.640     5542.660     5542.810
  1480:     5545.160     5545.390     5545.790     5546.180     5546.890
  1485:     5547.130     5547.520     5554.660     5554.760     5626.690
  1490:     5627.420     5628.290     5628.390     5628.790     5629.180
  1495:     5629.570     5630.460     5630.720     5630.890     5630.920
  1500:     5631.310     5633.130     5633.350     5633.470     5633.510
  1505:     5633.850     5634.920     5711.100     5711.250     5712.030
  1510:     5712.150     5712.280     5713.500     5713.640     5714.110
  1515:     5714.380     5715.290     5715.520     5715.820     5716.010
  1520:     5716.060     5718.440     5718.800     5719.000     5719.090
  1525:     5720.360     5723.200     5723.890     5724.630     5797.400
  1530:     5797.530     5798.060     5799.850     5799.970     5800.020
  1535:     5800.110     5800.490     5801.860     5801.930     5802.230
  1540:     5803.720     5803.950     5804.930     5805.160     5805.230
  1545:     5805.380     5805.450     5806.070     5806.480     5806.570
  1550:     5807.120     5807.180     5807.260     5807.760     5807.930
  1555:     5808.040     5808.120     5809.190     5891.760     5891.940
  1560:     5892.570     5892.760     5893.100     5893.160     5893.490
  1565:     5893.540     5894.230     5895.280     5895.760     5895.860
  1570:     5896.170     5896.240     5897.280     5898.510     5898.670
  1575:     5898.940     5899.590     5900.050     5900.440     5900.470
  1580:     5900.740     5906.140     5966.260     5982.190     5985.790
  1585:     5986.100     5987.460     5987.680     5988.160     5988.400
  1590:     5988.450     5990.350     5990.570     5990.630     5990.970
  1595:     5991.130     5991.260     5993.140     5993.990     5994.010
  1600:     5994.090     5994.180     5997.000     6082.420     6093.030
  1605:     6150.960     6158.120     6158.250     6158.720     6158.930
  1610:     6159.180     6159.340     6159.460     6159.540     6159.630
  1615:     6160.090     6160.530     6162.810     6163.660     6164.490
  1620:     6164.780     6165.880     6168.130     6168.480     6168.560
  1625:     6170.310     6172.230     6248.040     6251.000     6251.150
  1630:     6254.090     6254.290     6256.620     6257.150     6257.390
  1635:     6257.550     6258.630     6261.780     6264.260     6341.300
  1640:     6346.920     6347.410     6347.750     6350.040     6350.230
  1645:     6350.930     6354.200     6354.350     6359.310     6432.740
  1650:     6435.090     6435.240     6435.780     6438.440     6438.640
  1655:     6438.750     6438.790     6439.010     6439.860     6440.670
  1660:     6441.000     6442.060     6442.450     6442.710     6442.720
  1665:     6442.810     6442.950     6443.850     6444.740     6446.770
  1670:     6446.960     6522.320     6522.520     6523.790     6525.880
  1675:     6526.060     6526.250     6526.840     6528.380     6528.700
  1680:     6529.050     6529.680     6530.050     6530.240     6530.830
  1685:     6531.790     6534.230     6534.270     6535.250     6537.620
  1690:     6609.470     6610.880     6611.110     6611.130     6611.770
  1695:     6611.860     6611.950     6612.470     6614.250     6616.060
  1700:     6616.350     6616.830     6617.580     6617.700     6617.800
  1705:     6618.090     6618.330     6618.490     6620.810     6621.160
  1710:     6622.070     6622.500     6622.640     6709.850     6709.960
  1715:     6712.730     6716.840     6716.990     6718.340     6718.810
  1720:     6719.120     6789.250     6789.490     6790.350     6790.420
  1725:     6790.460     6790.630     6790.760     6791.710     6791.870
  1730:     6792.130     6792.770     6793.070     6793.410     6795.690
  1735:     6795.850     6795.880     6796.610     6797.120     6797.680
  1740:     6798.700     6799.540     6800.590     6801.560     6801.890
  1745:     6802.040     6802.110     6802.810     6802.990     6803.100
  1750:     6803.290     6803.340     6805.160     6806.860     6808.030
  1755:     6886.920     6887.440     6889.290     6889.440     6892.120
  1760:     6892.720     6892.990     6894.870     6895.220     6970.380
  1765:     6970.580     6970.730     6970.750     6972.770     6973.170
  1770:     6973.370     6976.160     6976.240     6976.630     6977.320
  1775:     6978.720     6979.160     6980.030     6982.770     6982.810
  1780:     6983.150     6983.320     6984.520     6987.480     6987.750
  1785:     7072.930     7073.270     7073.780     7075.300     7075.700
  1790:     7075.900     7076.070     7077.340     7078.640     7078.830
  1795:     7079.160     7079.180     7079.230     7079.370     7079.810
  1800:     7155.120     7155.440     7155.580     7155.640     7155.830
  1805:     7157.280     7157.560     7157.700     7161.120     7161.690
  1810:     7162.950     7163.090     7163.500     7164.280     7164.510
  1815:     7166.550     7166.700     7240.230     7240.500     7240.590
  1820:     7240.980     7241.530     7241.790     7242.860     7243.010
  1825:     7243.040     7243.210     7243.740     7245.030     7245.410
  1830:     7245.440     7246.340     7246.910     7247.850     7248.090
  1835:     7251.480     7253.260     7336.300     7336.720     7337.150
  1840:     7337.190     7337.710     7338.680     7339.640     7339.680
  1845:     7340.090     7342.070     7343.510     7343.660     7344.950
  1850:     7345.140     7345.260     7345.430     7346.380     7347.830
  1855:     7424.530     7424.600     7425.980     7426.320     7426.440
  1860:     7428.750     7429.120     7429.440     7429.970     7431.050
  1865:     7431.130     7432.520     7434.310     7434.780     7434.790
  1870:     7435.500     7436.060     7442.590     7445.450     7519.590
  1875:     7520.870     7521.270     7521.470     7521.640     7523.110
  1880:     7523.860     7524.120     7524.150     7524.350     7524.510
  1885:     7525.670     7526.010     7526.710     7527.260     7527.330
  1890:     7527.670     7528.350     7601.470     7607.900     7608.970
  1895:     7609.390     7611.980     7612.040     7613.650     7614.020
  1900:     7614.170     7614.710     7615.030     7615.290     7615.390
  1905:     7615.470     7694.930     7695.020     7695.050     7695.380
  1910:     7695.650     7695.690     7695.860     7696.040     7696.430
  1915:     7698.840     7699.040     7699.420     7699.510     7699.770
  1920:     7701.540     7702.100     7702.230     7702.760     7703.290
  1925:     7706.210     7706.850     7708.120     7783.000     7783.270
  1930:     7786.620     7786.830     7787.020     7787.100     7787.710
  1935:     7788.670     7789.080     7789.360     7789.380     7790.630
  1940:     7790.780     7791.210     7791.570     7791.710     7793.620
  1945:     7793.710     7795.310     7795.810     7795.890     7795.930
  1950:     7796.740     7873.320     7873.910     7873.980     7874.590
  1955:     7877.190     7877.380     7877.930     7878.320     7879.410
  1960:     7880.000     7880.200     7880.440     7881.650     7881.920
  1965:     7882.910     7883.000     7885.150     7886.280     7886.740
  1970:     7886.790     7887.900     7890.580     7892.740     7970.060
  1975:     7970.490     7971.050     7971.270     7971.750     7973.550
  1980:     7974.430     7974.670     7978.930     7979.000     7979.150
  1985:     7979.230     7979.270     7991.740     7991.820     8061.940
  1990:     8062.190     8062.260     8063.660     8065.070     8065.570
  1995:     8065.950     8066.020     8066.160     8068.550     8069.400
  2000:     8070.720     8070.810     8074.290     8074.320     8074.370
  2005:     8074.630     8145.600     8146.000     8147.400     8147.590
  2010:     8148.120     8149.310     8149.700     8149.920     8150.100
  2015:     8150.160     8150.260     8150.410     8151.270     8152.890
  2020:     8153.690     8153.900     8154.470     8155.010     8155.120
  2025:     8157.840     8158.130     8159.210     8159.720     8233.430
  2030:     8237.360     8238.100     8238.160     8238.390     8238.410
  2035:     8240.250     8240.500     8243.000     8243.670     8244.350
  2040:     8244.640     8246.380     8246.590     8247.260     8247.330
  2045:     8247.540     8247.700     8247.870     8263.190     8263.300
  2050:     8322.380     8323.190     8323.490     8324.160     8324.780
  2055:     8324.940     8325.890     8326.110     8326.380     8328.410
  2060:     8328.650     8328.730     8328.850     8329.020     8329.120
  2065:     8329.240     8329.580     8336.940     8418.000     8418.030
  2070:     8424.930     8427.770     8428.730     8506.150     8507.510
  2075:     8507.720     8508.060     8508.740     8511.990     8512.560
  2080:     8512.800     8513.720     8514.160     8515.240     8515.460
  2085:     8515.540     8515.850     8516.200     8516.840     8517.710
  2090:     8518.090     8520.230     8520.890     8583.960     8599.790
  2095:     8601.550     8603.530     8603.660     8605.810     8606.330
  2100:     8606.810     8609.070     8609.410     8611.450     8611.810
  2105:     8612.050     8612.490     8612.580     8612.800     8612.830
  2110:     8612.870     8613.670     8617.610     8621.890     8692.660
  2115:     8698.760     8699.060     8699.810     8701.510     8702.030
  2120:     8702.830     8703.060     8703.270     8704.210     8705.720
  2125:     8706.870     8780.380     8788.250     8788.830     8789.410
  2130:     8789.750     8790.230     8790.560     8790.970     8791.700
  2135:     8792.500     8792.840     8793.130     8793.570     8793.640
  2140:     8793.970     8794.140     8795.420     8795.480     8869.080
  2145:     8869.160     8871.050     8871.480     8871.580     8871.810
  2150:     8871.970     8873.210     8875.610     8875.940     8876.000
  2155:     8877.280     8877.330     8879.320     8879.390     8881.640
  2160:     8881.740     8883.120     8883.460     8885.720     8957.760
  2165:     8957.960     8958.020     8958.340     8958.670     8958.750
  2170:     8959.060     8959.390     8959.470     8960.390     8960.530
  2175:     8960.550     8960.590     8960.850     8960.930     8961.220
  2180:     8961.440     8962.190     8962.480     8962.640     8965.570
  2185:     8965.750     8965.770     8965.790     8967.860     8968.230
  2190:     8968.520     8968.740     8968.790     8968.940
G:
     0:       90.050       90.120      115.580      188.940      189.180
     5:      204.990      209.610      288.850      289.150      289.400
    10:      289.440      291.740      293.080      293.490      294.340
    15:      295.230      296.440      296.750      299.720      300.210
    20:      300.580      301.480      301.550      358.210      358.470
    25:      360.440      360.900      361.080      361.620      362.540
    30:      363.130      363.300      365.220      366.370      367.450
    35:      368.150      368.410      370.420      370.660      565.550
    40:      565.750      566.340      566.810      567.450      567.740
    45:      569.770      730.740      731.700      731.990      732.260
    50:      732.530      733.440      733.580      733.900      735.520
    55:      735.730      736.220      736.690      736.870      737.040
    60:      737.340      737.920      738.620      738.960      739.130
    65:      739.530      740.120      740.510      742.730      742.780
    70:      742.830      743.060      743.490      743.670      744.190
    75:      744.290      745.050      842.040      907.610      908.250
    80:      909.730      911.100      914.390      915.890      916.220
    85:      916.430      916.960      917.550      918.070      918.340
    90:      920.050      923.080      924.010      924.550      924.720
    95:      925.080     1012.910     1187.420     1190.050     1190.960
   100:     1192.770     1195.830     1195.900     1197.060     1197.720
   105:     1197.930     1199.150     1199.330     1199.420     1199.480
   110:     1460.420     1461.180     1461.620     1462.140     1466.470
   115:     1467.010     1467.630     1469.240     2185.430     2261.660
   120:     2263.000     2357.360     2358.880     2358.910     2359.100
   125:     2359.150     2359.460     2360.240     2360.500     2551.830
   130:     2638.700     2713.420     2713.480     3351.780     3351.920
   135:     3352.030     3353.980     3355.880     3356.090     3529.930
   140:     3697.490     3697.850     4059.090     4059.190     4059.440
   145:     5032.440     6100.850     6290.030     6496.950     8011.460
   150:     8202.480
H:
     0:     3339.430     3340.740
I:
K:
L:
     0:       44.890      137.250      226.490      318.070      320.750
     5:      406.150      408.020      409.620      495.390      499.770
    10:      585.210      586.740      588.390      676.120      677.560
    15:      680.760      770.150      864.400      864.820      865.080
    20:      866.680      868.940      952.230     1040.530     1130.250
    25:     1133.550     1218.090     1219.340     1308.240     1309.220
    30:     1313.150     1397.090     1400.400     1485.240     1575.150
    35:     1579.380     1580.050     1661.230     1665.090     1751.260
    40:     1753.370     1845.640     1848.870     1937.140     1937.310
    45:     1941.300     2026.380     2028.370     2030.590     2119.670
    50:     2122.460     2210.110     2211.360     2211.410     2214.700
    55:     2214.940     2300.390     2302.620     2392.170     2394.820
    60:     2481.160     2485.060     2485.420     2572.120     2574.400
    65:     2575.600     2661.120     2662.210     2665.410     2752.130
    70:     2840.120     2841.360     2842.110     2842.610     2844.260
    75:     2931.100     2932.630     3022.170     3107.310     3110.390
    80:     3110.830     3194.120     3195.010     3198.690     3283.240
    85:     3284.850     3376.400     3377.540     3380.560     3380.940
    90:     3465.370     3466.660     3467.350     3469.020     3557.000
    95:     3557.250     3645.390     3647.540     3732.150     3820.520
   100:     3823.140     3912.360     3913.530     4002.390     4003.610
   105:     4007.110     4091.420     4181.430     4182.700     4183.410
   110:     4183.660     4184.880     4271.160     4271.910     4362.100
   115:     4364.090     4451.500     4451.710     4451.980     4541.150
   120:     4544.420     4631.340     4719.840     4721.390     4806.370
   125:     4808.850     4809.510     4896.160     4896.750     4987.380
   130:     5077.170     5077.240     5080.320     5168.820     5256.510
   135:     5258.640     5260.320     5345.100     5345.730     5434.160
   140:     5436.290     5527.500     5613.330     5613.920     5704.330
   145:     5705.870     5790.130     5881.180     5883.180     5885.860
   150:     5974.170     5974.520     5975.620     5976.160     5977.030
   155:     6060.130     6061.060     6061.230     6061.610     6063.030
   160:     6063.530     6151.560     6152.300     6153.080     6242.110
   165:     6335.210     6337.910     6426.510     6514.980     6518.020
   170:     6603.630     6604.810     6698.790     6700.230     6702.160
   175:     6783.430     6874.610     6879.010     6964.430     6965.650
   180:     7061.290     7146.430     7146.500     7234.130     7326.200
   185:     7418.830     7419.680     7509.380     7513.990     7595.590
   190:     7596.660     7597.570     7689.430     7692.790     7777.210
   195:     7867.590     7959.300     7959.680     7961.270     7963.840
   200:     8054.440     8055.260     8139.400     8227.720     8228.630
   205:     8316.620     8317.270     8317.670     8408.540     8411.310
   210:     8411.730     8500.600     8500.880     8501.770     8594.150
   215:     8594.980     8686.910     8687.680     8687.990     8774.390
   220:     8863.480     8865.300     8866.060     8950.230     8950.710
   225:     8950.890     8953.370
M:
     0:       10.000       12.000       12.000       13.000       14.000
     5:       17.000       12.000       15.000       16.000       14.000
    10:       12.000       15.000       14.000       14.000       12.000
    15:       14.000       15.000       14.000       16.000       10.000
    20:       15.000       14.000       16.000       17.000       15.000
    25:       14.000       18.000       12.000       14.000       16.000
    30:       11.000       13.000       13.000       14.000       15.000
    35:       18.000       13.000       16.000       17.000       15.000
    40:       13.000       16.000       15.000       15.000       13.000
    45:       15.000       16.000       15.000       17.000       11.000
    50:       16.000       15.000       17.000       18.000       16.000
    55:       15.000       19.000       13.000       15.000       17.000
    60:       12.000       14.000       14.000       15.000       16.000
    65:       19.000       14.000       17.000       18.000       16.000
    70:       14.000       17.000       16.000       16.000       14.000
    75:       16.000       17.000       16.000       18.000       12.000
    80:       17.000       16.000       18.000       19.000       17.000
    85:       16.000       20.000       14.000       16.000       19.000
    90:       13.000       14.000       13.000       19.000       13.000
    95:       15.000       14.000       13.000       14.000
P:
     0:       64.890       65.390       65.890      157.250      157.750
     5:      158.250      246.490      246.990      247.490      338.070
    10:      338.570      339.070      426.150      426.650      427.150
    15:      515.390      515.890      516.390      605.210      605.710
    20:      606.210      696.120      696.620      697.120      790.150
    25:      790.650      791.150      884.400      884.900      885.400
    30:      972.230      972.730      973.230     1060.530     1061.030
    35:     1061.530     1150.250     1150.750     1151.250     1238.090
    40:     1238.590     1239.090     1328.240     1328.740     1329.240
    45:     1417.090     1417.590     1418.090     1505.240     1505.740
    50:     1506.240     1595.150     1595.650     1596.150     1681.230
    55:     1681.730     1682.230     1771.260     1771.760     1772.260
    60:     1865.640     1866.140     1866.640     1957.140     1957.640
    65:     1958.140     2046.380     2046.880     2047.380     2139.670
    70:     2140.170     2140.670     2230.110     2230.610     2231.110
    75:     2320.390     2320.890     2321.390     2412.170     2412.670
    80:     2413.170     2501.160     2501.660     2502.160     2592.120
    85:     2592.620     2593.120     2681.120     2681.620     2682.120
    90:     2772.130     2772.630     2773.130     2860.120     2860.620
    95:     2861.120     2951.100     2951.600     2952.100     3042.170
   100:     3042.670     3043.170     3127.310     3127.810     3128.310
   105:     3214.120     3214.620     3215.120     3303.240     3303.740
   110:     3304.240     3396.400     3396.900     3397.400     3485.370
   115:     3485.870     3486.370     3577.000     3577.500     3578.000
   120:     3665.390     3665.890     3666.390     3752.150     3752.650
   125:     3753.150     3840.520     3841.020     3841.520     3932.360
   130:     3932.860     3933.360     4022.390     4022.890     4023.390
   135:     4111.420     4111.920     4112.420     4201.430     4201.930
   140:     4202.430     4291.160     4291.660     4292.160     4382.100
   145:     4382.600     4383.100     4471.500     4472.000     4472.500
   150:     4561.150     4561.650     4562.150     4651.340     4651.840
   155:     4652.340     4739.840     4740.340     4740.840     4826.370
   160:     4826.870     4827.370     4916.160     4916.660     4917.160
   165:     5007.380     5007.880     5008.380     5097.170     5097.670
   170:     5098.170     5188.820     5189.320     5189.820     5276.510
   175:     5277.010     5277.510     5365.100     5365.600     5366.100
   180:     5454.160     5454.660     5455.160     5547.500     5548.000
   185:     5548.500     5633.330     5633.830     5634.330     5724.330
   190:     5724.830     5725.330     5810.130     5810.630     5811.130
   195:     5901.180     5901.680     5902.180     5994.170     5994.670
   200:     5995.170     6080.130     6080.630     6081.130     6171.560
   205:     6172.060     6172.560     6262.110     6262.610     6263.110
   210:     6355.210     6355.710     6356.210     6446.510     6447.010
   215:     6447.510     6534.980     6535.480     6535.980     6623.630
   220:     6624.130     6624.630     6718.790     6719.290     6719.790
   225:     6803.430     6803.930     6804.430     6894.610     6895.110
   230:     6895.610     6984.430     6984.930     6985.430     7081.290
   235:     7081.790     7082.290     7166.430     7166.930     7167.430
   240:     7254.130     7254.630     7255.130     7346.200     7346.700
   245:     7347.200     7438.830     7439.330     7439.830     7529.380
   250:     7529.880     7530.380     7615.590     7616.090     7616.590
   255:     7709.430     7709.930     7710.430     7797.210     7797.710
   260:     7798.210     7887.590     7888.090     7888.590     7979.300
   265:     7979.800     7980.300     8074.440     8074.940     8075.440
   270:     8159.400     8159.900     8160.400     8247.720     8248.220
   275:     8248.720     8336.620     8337.120     8337.620     8428.540
   280:     8429.040     8429.540     8520.600     8521.100     8521.600
   285:     8614.150     8614.650     8615.150     8706.910     8707.410
   290:     8707.910     8794.390     8794.890     8795.390     8883.480
   295:     8883.980     8884.480     8970.230     8970.730     8971.230
R:
     0:       44.890      137.250      226.490      318.070      406.150
     5:      495.390      585.210      676.120      770.150      864.400
    10:      952.230     1040.530     1130.250     1218.090     1308.240
    15:     1397.090     1485.240     1575.150     1661.230     1751.260
    20:     1845.640     1937.140     2026.380     2119.670     2210.110
    25:     2300.390     2392.170     2481.160     2572.120     2661.120
    30:     2752.130     2840.120     2931.100     3022.170     3107.310
    35:     3194.120     3283.240     3376.400     3465.370     3557.000
    40:     3645.390     3732.150     3820.520     3912.360     4002.390
    45:     4091.420     4181.430     4271.160     4362.100     4451.500
    50:     4541.150     4631.340     4719.840     4806.370     4896.160
    55:     4987.380     5077.170     5168.820     5256.510     5345.100
    60:     5434.160     5527.500     5613.330     5704.330     5790.130
    65:     5881.180     5974.170     6060.130     6151.560     6242.110
    70:     6335.210     6426.510     6514.980     6603.630     6698.790
    75:     6783.430     6874.610     6964.430     7061.290     7146.430
    80:     7234.130     7326.200     7418.830     7509.380     7595.590
    85:     7689.430     7777.210     7867.590     7959.300     8054.440
    90:     8139.400     8227.720     8316.620     8408.540     8500.600
    95:     8594.150     8686.910     8774.390     8863.480     8950.230
V:
W:
     0:        1.000        1.000        1.000        1.000        1.000
     5:        1.000        1.000        1.000        1.000        1.000
    10:        1.000        1.000        1.000        1.000        1.000
    15:        1.000        1.000        1.000        1.000        1.000
    20:        1.000        1.000        1.000        1.000        1.000
    25:        1.000        1.000        1.000        1.000        1.000
    30:        1.000        1.000        1.000        1.000        1.000
    35:        1.000
X:
     0:       15.000       15.150      107.000      107.150      200.000
     5:      200.150      292.000      292.150      381.000      381.150
    10:      470.000      470.150      560.000      560.150      651.000
    15:      651.150      745.000      745.150      839.000      839.150
    20:      927.000      927.150     1014.000     1014.150     1105.000
    25:     1105.150     1193.000     1193.150     1283.000     1283.150
    30:     1372.000     1372.150     1460.000     1460.150     1550.000
    35:     1550.150     1636.000     1636.150     1726.000     1726.150
    40:     1820.000     1820.150     1912.000     1912.150     2001.000
    45:     2001.150     2094.000     2094.150     2185.000     2185.150
    50:     2275.000     2275.150     2367.000     2367.150     2456.000
    55:     2456.150     2547.000     2547.150     2636.000     2636.150
    60:     2727.000     2727.150     2815.000     2815.150     2906.000
    65:     2906.150     2997.000     2997.150     3082.000     3082.150
    70:     3169.000     3169.150     3258.000     3258.150     3351.000
    75:     3351.150     3440.000     3440.150     3531.000     3531.150
    80:     3620.000     3620.150     3707.000     3707.150     3795.000
    85:     3795.150     3887.000     3887.150     3977.000     3977.150
    90:     4066.000     4066.150     4156.000     4156.150     4246.000
    95:     4246.150     4337.000     4337.150     4426.000     4426.150
   100:     4516.000     4516.150     4606.000     4606.150     4694.000
   105:     4694.150     4781.000     4781.150     4871.000     4871.150
   110:     4962.000     4962.150     5052.000     5052.150     5143.000
   115:     5143.150     5231.000     5231.150     5320.000     5320.150
   120:     5409.000     5409.150     5501.000     5501.150     5588.000
   125:     5588.150     5677.000     5677.150     5765.000     5765.150
   130:     5856.000     5856.150     5948.000     5948.150     6035.000
   135:     6035.150     6126.000     6126.150     6217.000     6217.150
   140:     6310.000     6310.150     6399.000     6399.150     6488.000
   145:     6488.150     6578.000     6578.150     6671.000     6671.150
   150:     6758.000     6758.150     6849.000     6849.150     6939.000
   155:     6939.150     7031.000     7031.150     7121.000     7121.150
   160:     7209.000     7209.150     7300.000     7300.150     7393.000
   165:     7393.150     7484.000     7484.150     7570.000     7570.150
   170:     7664.000     7664.150     7752.000     7752.150     7842.000
   175:     7842.150     7934.000     7934.150     8029.000     8029.150
   180:     8114.000     8114.150     8202.000     8202.150     8291.000
   185:     8291.150     8383.000     8383.150     8475.000     8475.150
   190:     8569.000     8569.150     8660.000     8660.150     8749.000
   195:     8749.150     8838.000     8838.150     8925.000     8925.150
Y:
Z:
     0:        0.000      100.000      227.000        0.000        2.000
     5:        0.000      300.000      200.000        0.000        0.000
    10:        0.000     2194.000      151.000        0.000        0.000
    15:        0.000
