File: C:\MED-PC IV\Data\Tarun\RM-B12_RM036\postBaseplate\R23\S02_R23_FR1_20s_100trials


Start Date: 06/08/17
End Date: 06/08/17
Subject: 23
Experiment: 0
Group: 0
Box: 3
Start Time: 11:31:07
End Time: 14:01:39
MSN: MiniScope_FR1-3p_100trials_05222017
A:       0.000
E:       0.000
J:     101.000
N:       0.000
O:       0.000
Q:       0.000
S:       0.000
T:    9014.000
U:       0.000
B:
     0:        0.000       10.000       10.000       15.000       20.000
     5:       20.000       20.000       10.000       14.000      100.000
    10:        1.000        3.000       15.000        0.010        1.000
    15:        0.000        0.000        5.000       20.000        5.000
C:
     0:      100.000      100.000      208.000        0.000        0.398
     5:        0.000      300.000      100.000        1.000        0.398
    10:        0.000     1720.000       42.000        0.000       15.020
    15:        1.000        1.000        3.000        0.000        3.300
    20:        1.000        3.000        1.000        0.000        3.300
    25:        1.000        8.000        5.000        0.000       19.000
    30:        2.000        1.000        1.000        0.000        0.300
    35:        2.000        3.000        1.000        0.000        0.300
    40:        2.000       18.000        1.000        0.000       13.000
    45:        3.000        1.000        3.000        0.000        0.210
    50:        3.000        3.000        1.000        0.000        0.210
    55:        3.000       16.000        0.000        0.000       13.000
    60:        4.000        1.000        2.000        0.000        0.290
    65:        4.000        3.000        1.000        0.000        0.290
    70:        4.000       21.000        0.000        0.000       13.000
    75:        5.000        1.000        1.000        0.000        0.270
    80:        5.000        3.000        1.000        0.000        0.270
    85:        5.000       18.000        0.000        0.000       12.000
    90:        6.000        1.000        1.000        0.000        0.100
    95:        6.000        3.000        1.000        0.000        0.100
   100:        6.000       22.000        0.000        0.000       14.000
   105:        7.000        1.000        1.000        0.000        0.160
   110:        7.000        3.000        1.000        0.000        0.160
   115:        7.000       33.000        0.000        0.000       12.000
   120:        8.000        1.000        2.000        0.000        0.510
   125:        8.000        3.000        1.000        0.000        0.510
   130:        8.000        3.000        0.000        0.000       15.000
   135:        9.000        1.000        2.000        0.000        0.110
   140:        9.000        3.000        1.000        0.000        0.110
   145:        9.000       25.000        4.000        0.000       15.000
   150:       10.000        1.000        1.000        0.000        0.230
   155:       10.000        3.000        1.000        0.000        0.230
   160:       10.000       30.000        0.000        0.000       12.000
   165:       11.000        1.000        1.000        0.000        0.250
   170:       11.000        3.000        1.000        0.000        0.250
   175:       11.000       29.000        0.000        0.000       14.000
   180:       12.000        1.000        1.000        0.000        0.170
   185:       12.000        3.000        1.000        0.000        0.170
   190:       12.000        5.000        1.000        0.000       17.000
   195:       13.000        1.000        2.000        0.000        0.140
   200:       13.000        3.000        1.000        0.000        0.140
   205:       13.000       41.000        1.000        0.000       18.000
   210:       14.000        1.000        3.000        0.000        0.270
   215:       14.000        3.000        1.000        0.000        0.270
   220:       14.000       34.000        0.000        0.000       13.000
   225:       15.000        1.000        3.000        0.000        0.370
   230:       15.000        3.000        1.000        0.000        0.370
   235:       15.000       25.000        0.000        0.000       15.000
   240:       16.000        1.000        1.000        0.000        0.730
   245:       16.000        3.000        1.000        0.000        0.730
   250:       16.000       21.000        0.000        0.000       16.000
   255:       17.000        1.000        2.000        0.000        0.340
   260:       17.000        3.000        1.000        0.000        0.340
   265:       17.000       29.000        1.000        0.000       14.000
   270:       18.000        1.000        2.000        0.000        0.220
   275:       18.000        3.000        1.000        0.000        0.220
   280:       18.000       26.000        1.000        0.000       20.000
   285:       19.000        1.000        3.000        0.000        0.140
   290:       19.000        3.000        1.000        0.000        0.140
   295:       19.000       25.000        0.000        0.000       13.000
   300:       20.000        1.000        1.000        0.000        0.380
   305:       20.000        3.000        1.000        0.000        0.380
   310:       20.000        6.000        0.000        0.000       13.000
   315:       21.000        1.000        2.000        0.000        0.330
   320:       21.000        3.000        1.000        0.000        0.330
   325:       21.000       31.000        0.000        0.000       11.000
   330:       22.000        1.000        2.000        0.000        0.310
   335:       22.000        3.000        1.000        0.000        0.310
   340:       22.000       20.000        1.000        0.000       17.000
   345:       23.000        1.000        1.000        0.000        0.650
   350:       23.000        3.000        1.000        0.000        0.650
   355:       23.000       32.000        0.000        0.000       16.000
   360:       24.000        1.000        1.000        0.000        0.240
   365:       24.000        3.000        1.000        0.000        0.240
   370:       24.000       42.000        1.000        0.000       14.000
   375:       25.000        1.000        1.000        0.000        0.510
   380:       25.000        3.000        1.000        0.000        0.510
   385:       25.000       43.000        0.000        0.000       15.000
   390:       26.000        1.000        3.000        0.000        0.490
   395:       26.000        3.000        1.000        0.000        0.490
   400:       26.000       28.000        0.000        0.000       18.000
   405:       27.000        1.000        2.000        0.000        0.220
   410:       27.000        3.000        1.000        0.000        0.220
   415:       27.000        4.000        0.000        0.000       14.000
   420:       28.000        1.000        5.000        0.000        0.380
   425:       28.000        3.000        1.000        0.000        0.380
   430:       28.000       27.000        0.000        0.000       17.000
   435:       29.000        1.000        2.000        0.000        0.560
   440:       29.000        3.000        1.000        0.000        0.560
   445:       29.000       36.000        2.000        0.000       16.000
   450:       30.000        1.000        1.000        0.000        0.250
   455:       30.000        3.000        1.000        0.000        0.250
   460:       30.000        6.000        1.000        0.000       15.000
   465:       31.000        1.000        1.000        0.000        1.010
   470:       31.000        3.000        1.000        0.000        1.010
   475:       31.000       35.000        3.000        0.000       13.000
   480:       32.000        1.000        2.000        0.000        0.370
   485:       32.000        3.000        1.000        0.000        0.370
   490:       32.000       13.000        0.000        0.000       17.000
   495:       33.000        1.000        1.000        0.000        0.220
   500:       33.000        3.000        1.000        0.000        0.220
   505:       33.000       41.000        0.000        0.000       16.000
   510:       34.000        1.000        2.000        0.000        0.830
   515:       34.000        3.000        1.000        0.000        0.830
   520:       34.000       13.000        1.000        0.000       16.000
   525:       35.000        1.000        3.000        0.000        0.150
   530:       35.000        3.000        1.000        0.000        0.150
   535:       35.000       41.000        0.000        0.000       12.000
   540:       36.000        1.000        1.000        0.000        0.220
   545:       36.000        3.000        1.000        0.000        0.220
   550:       36.000       15.000        0.000        0.000       17.000
   555:       37.000        1.000        3.000        0.000        0.170
   560:       37.000        3.000        1.000        0.000        0.170
   565:       37.000       31.000        1.000        0.000       12.000
   570:       38.000        1.000        1.000        0.000        0.780
   575:       38.000        3.000        1.000        0.000        0.780
   580:       38.000       24.000        0.000        0.000       16.000
   585:       39.000        1.000        1.000        0.000        0.360
   590:       39.000        3.000        1.000        0.000        0.360
   595:       39.000       21.000        1.000        0.000       16.000
   600:       40.000        1.000        2.000        0.000        0.280
   605:       40.000        3.000        1.000        0.000        0.280
   610:       40.000       31.000        0.000        0.000       14.000
   615:       41.000        1.000        4.000        0.000        0.150
   620:       41.000        3.000        1.000        0.000        0.150
   625:       41.000        2.000        0.000        0.000       14.000
   630:       42.000        1.000        1.000        0.000        0.360
   635:       42.000        3.000        1.000        0.000        0.360
   640:       42.000        2.000        0.000        0.000       14.000
   645:       43.000        1.000        5.000        0.000        0.450
   650:       43.000        3.000        1.000        0.000        0.450
   655:       43.000       21.000        1.000        0.000       19.000
   660:       44.000        1.000        1.000        0.000        0.290
   665:       44.000        3.000        1.000        0.000        0.290
   670:       44.000       27.000        0.000        0.000       14.000
   675:       45.000        1.000        3.000        0.000        0.410
   680:       45.000        3.000        1.000        0.000        0.410
   685:       45.000       11.000        1.000        0.000       16.000
   690:       46.000        1.000        1.000        0.000        0.190
   695:       46.000        3.000        1.000        0.000        0.190
   700:       46.000       10.000        0.000        0.000       18.000
   705:       47.000        1.000        4.000        0.000        0.140
   710:       47.000        3.000        1.000        0.000        0.140
   715:       47.000       15.000        0.000        0.000       16.000
   720:       48.000        1.000        2.000        0.000        0.390
   725:       48.000        3.000        1.000        0.000        0.390
   730:       48.000       23.000        1.000        0.000       11.000
   735:       49.000        1.000        2.000        0.000        0.210
   740:       49.000        3.000        1.000        0.000        0.210
   745:       49.000       15.000        1.000        0.000       15.000
   750:       50.000        1.000        1.000        0.000        0.230
   755:       50.000        3.000        1.000        0.000        0.230
   760:       50.000       19.000        0.000        0.000       14.000
   765:       51.000        1.000        3.000        0.000        0.200
   770:       51.000        3.000        1.000        0.000        0.200
   775:       51.000       15.000        0.000        0.000       14.000
   780:       52.000        1.000        4.000        0.000        0.460
   785:       52.000        3.000        1.000        0.000        0.460
   790:       52.000        4.000        0.000        0.000       13.000
   795:       53.000        1.000        1.000        0.000        0.520
   800:       53.000        3.000        1.000        0.000        0.520
   805:       53.000       32.000        0.000        0.000       14.000
   810:       54.000        1.000        4.000        0.000        0.220
   815:       54.000        3.000        1.000        0.000        0.220
   820:       54.000       10.000        2.000        0.000       15.000
   825:       55.000        1.000        2.000        0.000        0.330
   830:       55.000        3.000        1.000        0.000        0.330
   835:       55.000       21.000        0.000        0.000       15.000
   840:       56.000        1.000        6.000        0.000        0.260
   845:       56.000        3.000        1.000        0.000        0.260
   850:       56.000       16.000        0.000        0.000       16.000
   855:       57.000        1.000        3.000        0.000        0.310
   860:       57.000        3.000        1.000        0.000        0.310
   865:       57.000       21.000        0.000        0.000       15.000
   870:       58.000        1.000        1.000        0.000        0.350
   875:       58.000        3.000        1.000        0.000        0.350
   880:       58.000        6.000        1.000        0.000       15.000
   885:       59.000        1.000        1.000        0.000        0.400
   890:       59.000        3.000        1.000        0.000        0.400
   895:       59.000       20.000        0.000        0.000       14.000
   900:       60.000        1.000        1.000        0.000        0.180
   905:       60.000        3.000        1.000        0.000        0.180
   910:       60.000       34.000        0.000        0.000       15.000
   915:       61.000        1.000        1.000        0.000        0.270
   920:       61.000        3.000        1.000        0.000        0.270
   925:       61.000       15.000        0.000        0.000       17.000
   930:       62.000        1.000        3.000        0.000        0.220
   935:       62.000        3.000        1.000        0.000        0.220
   940:       62.000       17.000        1.000        0.000       15.000
   945:       63.000        1.000        4.000        0.000        0.190
   950:       63.000        3.000        1.000        0.000        0.190
   955:       63.000       15.000        0.000        0.000       16.000
   960:       64.000        1.000        1.000        0.000        0.490
   965:       64.000        3.000        1.000        0.000        0.490
   970:       64.000       21.000        1.000        0.000       16.000
   975:       65.000        1.000        1.000        0.000        0.220
   980:       65.000        3.000        1.000        0.000        0.220
   985:       65.000       11.000        0.000        0.000       19.000
   990:       66.000        1.000        2.000        0.000        0.520
   995:       66.000        3.000        1.000        0.000        0.520
  1000:       66.000       14.000        0.000        0.000       14.000
  1005:       67.000        1.000        1.000        0.000        0.350
  1010:       67.000        3.000        1.000        0.000        0.350
  1015:       67.000        5.000        2.000        0.000       14.000
  1020:       68.000        1.000        2.000        0.000        0.340
  1025:       68.000        3.000        1.000        0.000        0.340
  1030:       68.000        5.000        1.000        0.000       16.000
  1035:       69.000        1.000        2.000        0.000        0.260
  1040:       69.000        3.000        1.000        0.000        0.260
  1045:       69.000       21.000        0.000        0.000       14.000
  1050:       70.000        1.000        1.000        0.000        0.210
  1055:       70.000        3.000        1.000        0.000        0.210
  1060:       70.000       12.000        0.000        0.000       12.000
  1065:       71.000        1.000        5.000        0.000        0.490
  1070:       71.000        3.000        1.000        0.000        0.490
  1075:       71.000       12.000        0.000        0.000       13.000
  1080:       72.000        1.000        4.000        0.000        0.280
  1085:       72.000        3.000        1.000        0.000        0.280
  1090:       72.000       26.000        0.000        0.000       16.000
  1095:       73.000        1.000        4.000        0.000        0.130
  1100:       73.000        3.000        1.000        0.000        0.130
  1105:       73.000        7.000        0.000        0.000       14.000
  1110:       74.000        1.000        2.000        0.000        0.600
  1115:       74.000        3.000        1.000        0.000        0.600
  1120:       74.000       10.000        0.000        0.000       15.000
  1125:       75.000        1.000        2.000        0.000        0.430
  1130:       75.000        3.000        1.000        0.000        0.430
  1135:       75.000       11.000        0.000        0.000       10.000
  1140:       76.000        1.000        2.000        0.000        0.420
  1145:       76.000        3.000        1.000        0.000        0.420
  1150:       76.000        7.000        2.000        0.000       17.000
  1155:       77.000        1.000        1.000        0.000        0.370
  1160:       77.000        3.000        1.000        0.000        0.370
  1165:       77.000       19.000        0.000        0.000       16.000
  1170:       78.000        1.000        3.000        0.000        0.300
  1175:       78.000        3.000        1.000        0.000        0.300
  1180:       78.000        5.000        0.000        0.000       17.000
  1185:       79.000        1.000        1.000        0.000        0.480
  1190:       79.000        3.000        1.000        0.000        0.480
  1195:       79.000        1.000        0.000        0.000       16.000
  1200:       80.000        1.000        2.000        0.000        1.840
  1205:       80.000        3.000        1.000        0.000        1.840
  1210:       80.000       12.000        0.000        0.000       15.000
  1215:       81.000        1.000        3.000        0.000        0.280
  1220:       81.000        3.000        1.000        0.000        0.280
  1225:       81.000        6.000        0.000        0.000       19.000
  1230:       82.000        1.000        2.000        0.000        0.360
  1235:       82.000        3.000        1.000        0.000        0.360
  1240:       82.000       10.000        0.000        0.000       17.000
  1245:       83.000        1.000        3.000        0.000        0.190
  1250:       83.000        3.000        1.000        0.000        0.190
  1255:       83.000        8.000        1.000        0.000       18.000
  1260:       84.000        1.000        2.000        0.000        0.480
  1265:       84.000        3.000        1.000        0.000        0.480
  1270:       84.000       16.000        1.000        0.000       13.000
  1275:       85.000        1.000        4.000        0.000        0.320
  1280:       85.000        3.000        1.000        0.000        0.320
  1285:       85.000        4.000        0.000        0.000       12.000
  1290:       86.000        1.000        1.000        0.000        0.320
  1295:       86.000        3.000        1.000        0.000        0.320
  1300:       86.000       11.000        0.000        0.000       15.000
  1305:       87.000        1.000        3.000        0.000        0.270
  1310:       87.000        3.000        1.000        0.000        0.270
  1315:       87.000        2.000        1.000        0.000       14.000
  1320:       88.000        1.000        3.000        0.000        0.230
  1325:       88.000        3.000        1.000        0.000        0.230
  1330:       88.000       10.000        0.000        0.000       16.000
  1335:       89.000        1.000        1.000        0.000        0.550
  1340:       89.000        3.000        1.000        0.000        0.550
  1345:       89.000        1.000        0.000        0.000       19.000
  1350:       90.000        1.000        2.000        0.000        0.480
  1355:       90.000        3.000        1.000        0.000        0.480
  1360:       90.000       13.000        0.000        0.000       12.000
  1365:       91.000        1.000        3.000        0.000        0.310
  1370:       91.000        3.000        1.000        0.000        0.310
  1375:       91.000       12.000        0.000        0.000       18.000
  1380:       92.000        1.000        1.000        0.000        0.230
  1385:       92.000        3.000        1.000        0.000        0.230
  1390:       92.000       13.000        0.000        0.000       15.000
  1395:       93.000        1.000        1.000        0.000        0.870
  1400:       93.000        3.000        1.000        0.000        0.870
  1405:       93.000        3.000        0.000        0.000       13.000
  1410:       94.000        1.000        2.000        0.000        0.250
  1415:       94.000        3.000        1.000        0.000        0.250
  1420:       94.000        5.000        0.000        0.000       16.000
  1425:       95.000        1.000        2.000        0.000        0.590
  1430:       95.000        3.000        1.000        0.000        0.590
  1435:       95.000        5.000        0.000        0.000       14.000
  1440:       96.000        1.000        1.000        0.000        0.210
  1445:       96.000        3.000        1.000        0.000        0.210
  1450:       96.000        3.000        0.000        0.000       10.000
  1455:       97.000        1.000        2.000        0.000        0.130
  1460:       97.000        3.000        1.000        0.000        0.130
  1465:       97.000        9.000        0.000        0.000       18.000
  1470:       98.000        1.000        1.000        0.000        0.910
  1475:       98.000        3.000        1.000        0.000        0.910
  1480:       98.000       17.000        0.000        0.000       17.000
  1485:       99.000        1.000        2.000        0.000        1.390
  1490:       99.000        3.000        1.000        1.000        1.390
  1495:       99.000       15.000        0.000        0.000       17.000
  1500:      100.000        1.000        2.000        0.000        0.150
  1505:      100.000        3.000        1.000        0.000        0.150
  1510:      100.000       18.000        0.000        0.000       14.000
D:
     0:        0.000        0.000        0.000        0.000        0.000
     5:        0.000        0.000        0.000        0.000        0.000
    10:        0.000        0.000        0.000        0.000        0.000
    15:        1.000       15.000       90.000       40.000       48.300
    20:        1.000       63.300       64.300       43.300       63.300
    25:        1.000       25.000       80.000       15.000       15.150
    30:        2.000      109.000      184.000      134.000      139.300
    35:        2.000      154.300      155.300      134.300      154.300
    40:        2.000      119.000      174.000      109.000      109.150
    45:        3.000      197.000      272.000      222.000      227.210
    50:        3.000      242.210      243.210      222.210      242.210
    55:        3.000      207.000      262.000      197.000      197.150
    60:        4.000      285.000      360.000      310.000      315.290
    65:        4.000      330.290      331.290      310.290      330.290
    70:        4.000      295.000      350.000      285.000      285.150
    75:        5.000      373.000      448.000      398.000      403.270
    80:        5.000      418.270      419.270      398.270      418.270
    85:        5.000      383.000      438.000      373.000      373.150
    90:        6.000      460.000      535.000      485.000      490.100
    95:        6.000      505.100      506.100      485.100      505.100
   100:        6.000      470.000      525.000      460.000      460.150
   105:        7.000      549.000      624.000      574.000      579.160
   110:        7.000      594.160      595.160      574.160      594.160
   115:        7.000      559.000      614.000      549.000      549.150
   120:        8.000      636.000      711.000      661.000      666.510
   125:        8.000      681.510      682.510      661.510      681.510
   130:        8.000      646.000      701.000      636.000      636.150
   135:        9.000      726.000      801.000      751.000      756.110
   140:        9.000      771.110      772.110      751.110      771.110
   145:        9.000      736.000      791.000      726.000      726.150
   150:       10.000      816.000      891.000      841.000      846.230
   155:       10.000      861.230      862.230      841.230      861.230
   160:       10.000      826.000      881.000      816.000      816.150
   165:       11.000      903.000      978.000      928.000      933.250
   170:       11.000      948.250      949.250      928.250      948.250
   175:       11.000      913.000      968.000      903.000      903.150
   180:       12.000      992.000     1067.000     1017.000     1022.170
   185:       12.000     1037.170     1038.170     1017.170     1037.170
   190:       12.000     1002.000     1057.000      992.000      992.150
   195:       13.000     1084.000     1159.000     1109.000     1114.140
   200:       13.000     1129.140     1130.140     1109.140     1129.140
   205:       13.000     1094.000     1149.000     1084.000     1084.150
   210:       14.000     1177.000     1252.000     1202.000     1207.270
   215:       14.000     1222.270     1223.270     1202.270     1222.270
   220:       14.000     1187.000     1242.000     1177.000     1177.150
   225:       15.000     1265.000     1340.000     1290.000     1295.370
   230:       15.000     1310.370     1311.370     1290.370     1310.370
   235:       15.000     1275.000     1330.000     1265.000     1265.150
   240:       16.000     1355.000     1430.000     1380.000     1385.730
   245:       16.000     1400.730     1401.730     1380.730     1400.730
   250:       16.000     1365.000     1420.000     1355.000     1355.150
   255:       17.000     1446.000     1521.000     1471.000     1476.340
   260:       17.000     1491.340     1492.340     1471.340     1491.340
   265:       17.000     1456.000     1511.000     1446.000     1446.150
   270:       18.000     1535.000     1610.000     1560.000     1565.220
   275:       18.000     1580.220     1581.220     1560.220     1580.220
   280:       18.000     1545.000     1600.000     1535.000     1535.150
   285:       19.000     1630.000     1705.000     1655.000     1660.140
   290:       19.000     1675.140     1676.140     1655.140     1675.140
   295:       19.000     1640.000     1695.000     1630.000     1630.150
   300:       20.000     1718.000     1793.000     1743.000     1748.380
   305:       20.000     1763.380     1764.380     1743.380     1763.380
   310:       20.000     1728.000     1783.000     1718.000     1718.150
   315:       21.000     1806.000     1881.000     1831.000     1836.330
   320:       21.000     1851.330     1852.330     1831.330     1851.330
   325:       21.000     1816.000     1871.000     1806.000     1806.150
   330:       22.000     1892.000     1967.000     1917.000     1922.310
   335:       22.000     1937.310     1938.310     1917.310     1937.310
   340:       22.000     1902.000     1957.000     1892.000     1892.150
   345:       23.000     1984.000     2059.000     2009.000     2014.650
   350:       23.000     2029.650     2030.650     2009.650     2029.650
   355:       23.000     1994.000     2049.000     1984.000     1984.150
   360:       24.000     2075.000     2150.000     2100.000     2105.240
   365:       24.000     2120.240     2121.240     2100.240     2120.240
   370:       24.000     2085.000     2140.000     2075.000     2075.150
   375:       25.000     2164.000     2239.000     2189.000     2194.510
   380:       25.000     2209.510     2210.510     2189.510     2209.510
   385:       25.000     2174.000     2229.000     2164.000     2164.150
   390:       26.000     2254.000     2329.000     2279.000     2284.490
   395:       26.000     2299.490     2300.490     2279.490     2299.490
   400:       26.000     2264.000     2319.000     2254.000     2254.150
   405:       27.000     2347.000     2422.000     2372.000     2377.220
   410:       27.000     2392.220     2393.220     2372.220     2392.220
   415:       27.000     2357.000     2412.000     2347.000     2347.150
   420:       28.000     2436.000     2511.000     2461.000     2466.380
   425:       28.000     2481.380     2482.380     2461.380     2481.380
   430:       28.000     2446.000     2501.000     2436.000     2436.150
   435:       29.000     2528.000     2603.000     2553.000     2558.560
   440:       29.000     2573.560     2574.560     2553.560     2573.560
   445:       29.000     2538.000     2593.000     2528.000     2528.150
   450:       30.000     2619.000     2694.000     2644.000     2649.250
   455:       30.000     2664.250     2665.250     2644.250     2664.250
   460:       30.000     2629.000     2684.000     2619.000     2619.150
   465:       31.000     2709.000     2784.000     2734.000     2740.010
   470:       31.000     2755.010     2756.010     2735.010     2755.010
   475:       31.000     2719.000     2774.000     2709.000     2709.150
   480:       32.000     2797.000     2872.000     2822.000     2827.370
   485:       32.000     2842.370     2843.370     2822.370     2842.370
   490:       32.000     2807.000     2862.000     2797.000     2797.150
   495:       33.000     2889.000     2964.000     2914.000     2919.220
   500:       33.000     2934.220     2935.220     2914.220     2934.220
   505:       33.000     2899.000     2954.000     2889.000     2889.150
   510:       34.000     2980.000     3055.000     3005.000     3010.830
   515:       34.000     3025.830     3026.830     3005.830     3025.830
   520:       34.000     2990.000     3045.000     2980.000     2980.150
   525:       35.000     3071.000     3146.000     3096.000     3101.150
   530:       35.000     3116.150     3117.150     3096.150     3116.150
   535:       35.000     3081.000     3136.000     3071.000     3071.150
   540:       36.000     3158.000     3233.000     3183.000     3188.220
   545:       36.000     3203.220     3204.220     3183.220     3203.220
   550:       36.000     3168.000     3223.000     3158.000     3158.150
   555:       37.000     3250.000     3325.000     3275.000     3280.170
   560:       37.000     3295.170     3296.170     3275.170     3295.170
   565:       37.000     3260.000     3315.000     3250.000     3250.150
   570:       38.000     3337.000     3412.000     3362.000     3367.780
   575:       38.000     3382.780     3383.780     3362.780     3382.780
   580:       38.000     3347.000     3402.000     3337.000     3337.150
   585:       39.000     3428.000     3503.000     3453.000     3458.360
   590:       39.000     3473.360     3474.360     3453.360     3473.360
   595:       39.000     3438.000     3493.000     3428.000     3428.150
   600:       40.000     3519.000     3594.000     3544.000     3549.280
   605:       40.000     3564.280     3565.280     3544.280     3564.280
   610:       40.000     3529.000     3584.000     3519.000     3519.150
   615:       41.000     3608.000     3683.000     3633.000     3638.150
   620:       41.000     3653.150     3654.150     3633.150     3653.150
   625:       41.000     3618.000     3673.000     3608.000     3608.150
   630:       42.000     3697.000     3772.000     3722.000     3727.360
   635:       42.000     3742.360     3743.360     3722.360     3742.360
   640:       42.000     3707.000     3762.000     3697.000     3697.150
   645:       43.000     3786.000     3861.000     3811.000     3816.450
   650:       43.000     3831.450     3832.450     3811.450     3831.450
   655:       43.000     3796.000     3851.000     3786.000     3786.150
   660:       44.000     3880.000     3955.000     3905.000     3910.290
   665:       44.000     3925.290     3926.290     3905.290     3925.290
   670:       44.000     3890.000     3945.000     3880.000     3880.150
   675:       45.000     3969.000     4044.000     3994.000     3999.410
   680:       45.000     4014.410     4015.410     3994.410     4014.410
   685:       45.000     3979.000     4034.000     3969.000     3969.150
   690:       46.000     4060.000     4135.000     4085.000     4090.190
   695:       46.000     4105.190     4106.190     4085.190     4105.190
   700:       46.000     4070.000     4125.000     4060.000     4060.150
   705:       47.000     4153.000     4228.000     4178.000     4183.140
   710:       47.000     4198.140     4199.140     4178.140     4198.140
   715:       47.000     4163.000     4218.000     4153.000     4153.150
   720:       48.000     4244.000     4319.000     4269.000     4274.390
   725:       48.000     4289.390     4290.390     4269.390     4289.390
   730:       48.000     4254.000     4309.000     4244.000     4244.150
   735:       49.000     4330.000     4405.000     4355.000     4360.210
   740:       49.000     4375.210     4376.210     4355.210     4375.210
   745:       49.000     4340.000     4395.000     4330.000     4330.150
   750:       50.000     4420.000     4495.000     4445.000     4450.230
   755:       50.000     4465.230     4466.230     4445.230     4465.230
   760:       50.000     4430.000     4485.000     4420.000     4420.150
   765:       51.000     4509.000     4584.000     4534.000     4539.200
   770:       51.000     4554.200     4555.200     4534.200     4554.200
   775:       51.000     4519.000     4574.000     4509.000     4509.150
   780:       52.000     4598.000     4673.000     4623.000     4628.460
   785:       52.000     4643.460     4644.460     4623.460     4643.460
   790:       52.000     4608.000     4663.000     4598.000     4598.150
   795:       53.000     4686.000     4761.000     4711.000     4716.520
   800:       53.000     4731.520     4732.520     4711.520     4731.520
   805:       53.000     4696.000     4751.000     4686.000     4686.150
   810:       54.000     4775.000     4850.000     4800.000     4805.220
   815:       54.000     4820.220     4821.220     4800.220     4820.220
   820:       54.000     4785.000     4840.000     4775.000     4775.150
   825:       55.000     4865.000     4940.000     4890.000     4895.330
   830:       55.000     4910.330     4911.330     4890.330     4910.330
   835:       55.000     4875.000     4930.000     4865.000     4865.150
   840:       56.000     4955.000     5030.000     4980.000     4985.260
   845:       56.000     5000.260     5001.260     4980.260     5000.260
   850:       56.000     4965.000     5020.000     4955.000     4955.150
   855:       57.000     5046.000     5121.000     5071.000     5076.310
   860:       57.000     5091.310     5092.310     5071.310     5091.310
   865:       57.000     5056.000     5111.000     5046.000     5046.150
   870:       58.000     5136.000     5211.000     5161.000     5166.350
   875:       58.000     5181.350     5182.350     5161.350     5181.350
   880:       58.000     5146.000     5201.000     5136.000     5136.150
   885:       59.000     5226.000     5301.000     5251.000     5256.400
   890:       59.000     5271.400     5272.400     5251.400     5271.400
   895:       59.000     5236.000     5291.000     5226.000     5226.150
   900:       60.000     5315.000     5390.000     5340.000     5345.180
   905:       60.000     5360.180     5361.180     5340.180     5360.180
   910:       60.000     5325.000     5380.000     5315.000     5315.150
   915:       61.000     5405.000     5480.000     5430.000     5435.270
   920:       61.000     5450.270     5451.270     5430.270     5450.270
   925:       61.000     5415.000     5470.000     5405.000     5405.150
   930:       62.000     5497.000     5572.000     5522.000     5527.220
   935:       62.000     5542.220     5543.220     5522.220     5542.220
   940:       62.000     5507.000     5562.000     5497.000     5497.150
   945:       63.000     5587.000     5662.000     5612.000     5617.190
   950:       63.000     5632.190     5633.190     5612.190     5632.190
   955:       63.000     5597.000     5652.000     5587.000     5587.150
   960:       64.000     5678.000     5753.000     5703.000     5708.490
   965:       64.000     5723.490     5724.490     5703.490     5723.490
   970:       64.000     5688.000     5743.000     5678.000     5678.150
   975:       65.000     5769.000     5844.000     5794.000     5799.220
   980:       65.000     5814.220     5815.220     5794.220     5814.220
   985:       65.000     5779.000     5834.000     5769.000     5769.150
   990:       66.000     5863.000     5938.000     5888.000     5893.520
   995:       66.000     5908.520     5909.520     5888.520     5908.520
  1000:       66.000     5873.000     5928.000     5863.000     5863.150
  1005:       67.000     5952.000     6027.000     5977.000     5982.350
  1010:       67.000     5997.350     5998.350     5977.350     5997.350
  1015:       67.000     5962.000     6017.000     5952.000     5952.150
  1020:       68.000     6041.000     6116.000     6066.000     6071.340
  1025:       68.000     6086.340     6087.340     6066.340     6086.340
  1030:       68.000     6051.000     6106.000     6041.000     6041.150
  1035:       69.000     6132.000     6207.000     6157.000     6162.260
  1040:       69.000     6177.260     6178.260     6157.260     6177.260
  1045:       69.000     6142.000     6197.000     6132.000     6132.150
  1050:       70.000     6221.000     6296.000     6246.000     6251.210
  1055:       70.000     6266.210     6267.210     6246.210     6266.210
  1060:       70.000     6231.000     6286.000     6221.000     6221.150
  1065:       71.000     6308.000     6383.000     6333.000     6338.490
  1070:       71.000     6353.490     6354.490     6333.490     6353.490
  1075:       71.000     6318.000     6373.000     6308.000     6308.150
  1080:       72.000     6396.000     6471.000     6421.000     6426.280
  1085:       72.000     6441.280     6442.280     6421.280     6441.280
  1090:       72.000     6406.000     6461.000     6396.000     6396.150
  1095:       73.000     6487.000     6562.000     6512.000     6517.130
  1100:       73.000     6532.130     6533.130     6512.130     6532.130
  1105:       73.000     6497.000     6552.000     6487.000     6487.150
  1110:       74.000     6576.000     6651.000     6601.000     6606.600
  1115:       74.000     6621.600     6622.600     6601.600     6621.600
  1120:       74.000     6586.000     6641.000     6576.000     6576.150
  1125:       75.000     6666.000     6741.000     6691.000     6696.430
  1130:       75.000     6711.430     6712.430     6691.430     6711.430
  1135:       75.000     6676.000     6731.000     6666.000     6666.150
  1140:       76.000     6751.000     6826.000     6776.000     6781.420
  1145:       76.000     6796.420     6797.420     6776.420     6796.420
  1150:       76.000     6761.000     6816.000     6751.000     6751.150
  1155:       77.000     6843.000     6918.000     6868.000     6873.370
  1160:       77.000     6888.370     6889.370     6868.370     6888.370
  1165:       77.000     6853.000     6908.000     6843.000     6843.150
  1170:       78.000     6934.000     7009.000     6959.000     6964.300
  1175:       78.000     6979.300     6980.300     6959.300     6979.300
  1180:       78.000     6944.000     6999.000     6934.000     6934.150
  1185:       79.000     7026.000     7101.000     7051.000     7056.480
  1190:       79.000     7071.480     7072.480     7051.480     7071.480
  1195:       79.000     7036.000     7091.000     7026.000     7026.150
  1200:       80.000     7117.000     7192.000     7142.000     7148.840
  1205:       80.000     7163.840     7164.840     7143.840     7163.840
  1210:       80.000     7127.000     7182.000     7117.000     7117.150
  1215:       81.000     7207.000     7282.000     7232.000     7237.280
  1220:       81.000     7252.280     7253.280     7232.280     7252.280
  1225:       81.000     7217.000     7272.000     7207.000     7207.150
  1230:       82.000     7301.000     7376.000     7326.000     7331.360
  1235:       82.000     7346.360     7347.360     7326.360     7346.360
  1240:       82.000     7311.000     7366.000     7301.000     7301.150
  1245:       83.000     7393.000     7468.000     7418.000     7423.190
  1250:       83.000     7438.190     7439.190     7418.190     7438.190
  1255:       83.000     7403.000     7458.000     7393.000     7393.150
  1260:       84.000     7486.000     7561.000     7511.000     7516.480
  1265:       84.000     7531.480     7532.480     7511.480     7531.480
  1270:       84.000     7496.000     7551.000     7486.000     7486.150
  1275:       85.000     7574.000     7649.000     7599.000     7604.320
  1280:       85.000     7619.320     7620.320     7599.320     7619.320
  1285:       85.000     7584.000     7639.000     7574.000     7574.150
  1290:       86.000     7661.000     7736.000     7686.000     7691.320
  1295:       86.000     7706.320     7707.320     7686.320     7706.320
  1300:       86.000     7671.000     7726.000     7661.000     7661.150
  1305:       87.000     7751.000     7826.000     7776.000     7781.270
  1310:       87.000     7796.270     7797.270     7776.270     7796.270
  1315:       87.000     7761.000     7816.000     7751.000     7751.150
  1320:       88.000     7840.000     7915.000     7865.000     7870.230
  1325:       88.000     7885.230     7886.230     7865.230     7885.230
  1330:       88.000     7850.000     7905.000     7840.000     7840.150
  1335:       89.000     7931.000     8006.000     7956.000     7961.550
  1340:       89.000     7976.550     7977.550     7956.550     7976.550
  1345:       89.000     7941.000     7996.000     7931.000     7931.150
  1350:       90.000     8025.000     8100.000     8050.000     8055.480
  1355:       90.000     8070.480     8071.480     8050.480     8070.480
  1360:       90.000     8035.000     8090.000     8025.000     8025.150
  1365:       91.000     8112.000     8187.000     8137.000     8142.310
  1370:       91.000     8157.310     8158.310     8137.310     8157.310
  1375:       91.000     8122.000     8177.000     8112.000     8112.150
  1380:       92.000     8205.000     8280.000     8230.000     8235.230
  1385:       92.000     8250.230     8251.230     8230.230     8250.230
  1390:       92.000     8215.000     8270.000     8205.000     8205.150
  1395:       93.000     8295.000     8370.000     8320.000     8325.870
  1400:       93.000     8340.870     8341.870     8320.870     8340.870
  1405:       93.000     8305.000     8360.000     8295.000     8295.150
  1410:       94.000     8383.000     8458.000     8408.000     8413.250
  1415:       94.000     8428.250     8429.250     8408.250     8428.250
  1420:       94.000     8393.000     8448.000     8383.000     8383.150
  1425:       95.000     8474.000     8549.000     8499.000     8504.590
  1430:       95.000     8519.590     8520.590     8499.590     8519.590
  1435:       95.000     8484.000     8539.000     8474.000     8474.150
  1440:       96.000     8563.000     8638.000     8588.000     8593.210
  1445:       96.000     8608.210     8609.210     8588.210     8608.210
  1450:       96.000     8573.000     8628.000     8563.000     8563.150
  1455:       97.000     8648.000     8723.000     8673.000     8678.130
  1460:       97.000     8693.130     8694.130     8673.130     8693.130
  1465:       97.000     8658.000     8713.000     8648.000     8648.150
  1470:       98.000     8741.000     8816.000     8766.000     8771.910
  1475:       98.000     8786.910     8787.910     8766.910     8786.910
  1480:       98.000     8751.000     8806.000     8741.000     8741.150
  1485:       99.000     8833.000     8908.000     8858.000     8864.390
  1490:       99.000     8879.390     8880.390     8859.390     8879.390
  1495:       99.000     8843.000     8898.000     8833.000     8833.150
  1500:      100.000     8925.000     9000.000     8950.000     8955.150
  1505:      100.000     8970.150     8971.150     8950.150     8970.150
  1510:      100.000     8935.000     8990.000     8925.000     8925.150
F:
     0:       51.070       53.400       57.810       60.670       61.050
     5:       61.930       62.900       63.590      133.350      140.020
    10:      141.940      142.400      144.230      144.360      144.590
    15:      146.180      146.980      149.820      151.700      152.440
    20:      152.990      153.220      153.670      154.180      154.290
    25:      154.960      221.440      229.330      229.710      229.760
    30:      232.350      232.590      233.280      233.870      234.110
    35:      235.560      235.760      236.220      238.900      241.410
    40:      242.080      242.500      315.890      321.470      322.260
    45:      322.620      322.810      322.980      323.440      324.750
    50:      325.750      326.310      326.370      326.440      328.200
    55:      328.630      328.910      329.160      329.470      330.260
    60:      330.310      330.340      332.700      395.700      408.080
    65:      408.350      408.440      408.720      408.980      409.730
    70:      412.000      412.020      412.330      413.030      413.120
    75:      414.660      415.960      416.280      416.320      417.520
    80:      421.220      482.420      492.790      494.640      494.780
    85:      495.770      496.380      497.180      497.600      497.720
    90:      498.420      499.130      499.330      500.290      500.580
    95:      501.170      501.400      502.080      503.610      504.490
   100:      504.530      504.770      504.900      579.750      580.310
   105:      581.280      583.030      583.520      583.710      583.850
   110:      583.900      584.140      584.310      585.470      585.830
   115:      585.900      586.750      586.930      587.220      587.240
   120:      587.730      588.520      588.640      588.840      588.960
   125:      588.990      589.680      589.970      590.860      591.840
   130:      592.190      592.290      592.610      593.580      593.950
   135:      593.980      673.870      674.230      683.360      757.650
   140:      758.100      758.390      758.590      758.700      759.320
   145:      759.730      760.470      761.040      761.440      761.960
   150:      762.280      762.360      763.100      763.880      763.970
   155:      764.520      765.410      767.670      768.910      769.770
   160:      770.110      770.120      770.970      771.360      847.030
   165:      847.240      848.210      848.540      848.810      849.050
   170:      849.180      849.360      849.520      849.720      849.880
   175:      850.040      850.440      851.100      851.210      853.510
   180:      853.670      853.940      854.120      855.570      856.030
   185:      856.370      856.610      856.840      857.060      857.120
   190:      857.650      859.500      859.740      861.100      933.980
   195:      935.360      935.570      935.620      935.860      935.990
   200:      936.140      936.310      936.360      936.710      937.480
   205:      937.840      937.910      939.190      939.630      940.210
   210:      940.240      940.590      943.020      943.570      943.750
   215:      944.400      945.100      947.500      948.130      950.480
   220:      950.500      950.950      952.830     1035.700     1035.930
   225:     1036.570     1036.870     1037.480     1115.020     1115.690
   230:     1116.420     1116.540     1116.600     1116.740     1116.830
   235:     1117.520     1118.020     1118.140     1118.170     1118.530
   240:     1118.680     1119.290     1119.450     1119.900     1120.230
   245:     1120.310     1120.330     1120.430     1120.450     1120.510
   250:     1120.570     1120.590     1120.650     1121.670     1122.680
   255:     1123.160     1123.310     1123.330     1123.360     1123.510
   260:     1124.120     1125.420     1127.170     1128.530     1128.600
   265:     1128.740     1129.140     1129.350     1148.740     1209.260
   270:     1209.340     1209.520     1209.550     1209.580     1209.710
   275:     1209.980     1210.310     1210.830     1210.860     1211.070
   280:     1211.080     1211.290     1211.810     1212.860     1213.210
   285:     1213.430     1213.460     1213.710     1213.830     1213.900
   290:     1214.540     1214.710     1215.280     1215.610     1218.470
   295:     1218.600     1218.820     1219.000     1219.470     1220.030
   300:     1221.050     1221.100     1221.130     1296.620     1297.530
   305:     1298.030     1298.090     1298.210     1298.830     1299.920
   310:     1300.670     1301.070     1301.790     1301.820     1302.570
   315:     1303.750     1304.100     1304.250     1304.370     1304.560
   320:     1305.360     1306.100     1306.900     1307.110     1308.080
   325:     1308.150     1309.490     1309.730     1386.520     1389.400
   330:     1389.890     1389.960     1390.480     1392.250     1392.380
   335:     1392.400     1393.550     1394.270     1395.190     1396.100
   340:     1396.550     1397.130     1397.980     1399.360     1399.730
   345:     1400.030     1400.590     1400.850     1400.960     1477.190
   350:     1477.620     1477.920     1478.500     1478.690     1478.780
   355:     1478.970     1479.710     1479.870     1480.230     1480.530
   360:     1480.790     1481.500     1481.650     1481.980     1482.960
   365:     1483.090     1484.370     1484.630     1484.800     1485.240
   370:     1485.430     1485.790     1486.820     1487.290     1488.440
   375:     1489.170     1489.860     1491.550     1566.440     1566.610
   380:     1567.040     1567.100     1567.240     1567.430     1567.850
   385:     1568.380     1568.660     1568.920     1569.130     1571.460
   390:     1572.150     1572.670     1573.570     1573.870     1574.350
   395:     1574.800     1577.040     1577.350     1577.430     1577.850
   400:     1578.110     1578.250     1578.580     1579.080     1652.770
   405:     1660.910     1661.200     1661.540     1661.640     1661.980
   410:     1662.710     1663.110     1663.590     1663.660     1663.860
   415:     1664.120     1665.800     1666.340     1666.750     1667.820
   420:     1670.670     1670.870     1671.030     1671.400     1671.730
   425:     1672.140     1673.180     1674.210     1675.340     1753.880
   430:     1757.030     1759.050     1759.460     1759.560     1763.880
   435:     1838.910     1839.000     1839.080     1841.050     1841.780
   440:     1842.220     1842.340     1842.620     1842.640     1843.070
   445:     1844.150     1844.580     1846.460     1846.810     1847.450
   450:     1847.570     1848.260     1848.650     1848.750     1848.790
   455:     1848.960     1849.100     1849.390     1850.130     1850.330
   460:     1850.680     1850.700     1851.310     1851.640     1851.650
   465:     1851.810     1923.240     1924.140     1924.450     1924.500
   470:     1924.520     1924.810     1925.690     1925.870     1926.070
   475:     1926.090     1931.070     1933.240     1933.390     1933.710
   480:     1933.770     1934.330     1935.390     1936.750     1937.310
   485:     1937.430     2015.360     2015.690     2016.180     2016.620
   490:     2016.940     2017.040     2017.380     2017.510     2017.840
   495:     2018.540     2018.730     2018.810     2018.880     2019.170
   500:     2020.210     2020.330     2020.780     2021.320     2021.570
   505:     2022.100     2022.410     2022.630     2023.970     2025.120
   510:     2026.250     2026.810     2027.310     2028.680     2029.520
   515:     2029.690     2029.840     2037.590     2106.100     2106.360
   520:     2106.790     2106.960     2107.300     2108.000     2108.200
   525:     2108.290     2108.440     2108.450     2108.670     2108.690
   530:     2108.800     2109.140     2109.360     2109.580     2109.640
   535:     2109.960     2110.350     2110.790     2112.060     2114.280
   540:     2115.370     2115.530     2115.790     2115.900     2116.000
   545:     2117.190     2117.470     2117.620     2117.790     2118.300
   550:     2118.450     2118.710     2118.820     2119.020     2119.360
   555:     2119.690     2119.790     2119.840     2120.500     2120.700
   560:     2184.140     2195.260     2196.140     2196.280     2196.520
   565:     2196.560     2196.670     2196.900     2197.760     2197.780
   570:     2198.800     2198.990     2199.030     2199.230     2199.440
   575:     2199.480     2199.640     2200.520     2200.830     2200.930
   580:     2201.060     2202.470     2203.030     2203.190     2203.440
   585:     2203.520     2203.700     2203.970     2204.200     2204.220
   590:     2204.280     2205.350     2206.490     2207.610     2207.790
   595:     2207.870     2208.360     2208.800     2209.040     2209.710
   600:     2209.810     2211.600     2211.630     2286.390     2286.950
   605:     2287.350     2287.880     2287.910     2288.620     2289.080
   610:     2289.240     2289.340     2289.460     2291.510     2291.580
   615:     2291.910     2292.090     2293.460     2293.520     2293.740
   620:     2294.380     2294.410     2294.540     2294.640     2294.900
   625:     2295.220     2296.470     2296.540     2296.570     2297.050
   630:     2297.320     2385.560     2393.520     2407.600     2408.440
   635:     2459.890     2467.080     2468.970     2469.310     2470.730
   640:     2470.740     2470.910     2470.970     2471.530     2471.750
   645:     2472.300     2472.460     2472.820     2473.000     2473.400
   650:     2475.600     2475.910     2476.060     2476.270     2476.330
   655:     2476.410     2479.420     2479.670     2480.110     2480.410
   660:     2480.690     2481.100     2559.440     2559.640     2559.890
   665:     2560.080     2560.210     2560.580     2561.380     2561.800
   670:     2561.870     2563.230     2563.330     2563.870     2563.920
   675:     2564.470     2565.210     2566.020     2566.160     2566.470
   680:     2566.490     2566.590     2566.690     2566.900     2567.130
   685:     2567.190     2567.500     2569.440     2569.470     2569.780
   690:     2570.060     2570.500     2572.400     2572.530     2572.560
   695:     2572.830     2573.890     2576.240     2641.550     2652.150
   700:     2665.630     2667.740     2671.050     2671.120     2741.560
   705:     2741.570     2741.770     2741.830     2741.970     2742.060
   710:     2742.130     2742.440     2742.640     2743.160     2743.210
   715:     2744.380     2744.810     2745.690     2746.050     2746.680
   720:     2747.510     2747.620     2747.750     2747.980     2748.120
   725:     2748.210     2748.320     2748.480     2748.660     2748.680
   730:     2749.160     2750.900     2751.150     2751.570     2753.070
   735:     2753.280     2753.520     2753.990     2754.710     2834.940
   740:     2836.220     2836.560     2837.330     2837.470     2837.790
   745:     2838.030     2838.590     2840.300     2840.790     2841.130
   750:     2842.110     2843.010     2903.550     2919.900     2920.630
   755:     2920.820     2920.860     2921.180     2921.260     2921.280
   760:     2921.790     2922.550     2922.740     2923.020     2923.040
   765:     2923.230     2923.660     2923.780     2923.960     2924.530
   770:     2924.690     2925.120     2925.850     2926.020     2926.460
   775:     2927.970     2928.240     2928.600     2929.420     2929.640
   780:     2929.710     2929.800     2930.230     2931.470     2931.680
   785:     2932.160     2932.590     2933.100     2933.280     2933.610
   790:     2933.620     2933.870     2935.050     3021.740     3022.100
   795:     3022.490     3022.630     3022.910     3023.430     3023.540
   800:     3023.740     3024.010     3025.290     3025.690     3025.710
   805:     3026.190     3101.970     3102.660     3102.960     3103.190
   810:     3103.420     3103.590     3103.680     3103.720     3104.000
   815:     3104.050     3104.140     3104.280     3105.020     3106.010
   820:     3106.320     3106.660     3106.720     3106.850     3106.920
   825:     3108.320     3108.440     3108.490     3108.540     3108.690
   830:     3109.950     3109.990     3110.180     3110.210     3110.350
   835:     3110.380     3110.750     3112.630     3112.800     3112.930
   840:     3113.100     3113.870     3114.930     3114.950     3115.720
   845:     3116.100     3121.330     3196.570     3196.650     3197.080
   850:     3197.860     3198.020     3198.040     3198.790     3199.500
   855:     3200.950     3201.170     3202.140     3202.330     3202.570
   860:     3202.950     3203.440     3280.990     3281.360     3281.570
   865:     3281.650     3281.860     3282.080     3282.120     3282.840
   870:     3282.950     3283.730     3283.880     3284.860     3285.340
   875:     3286.260     3287.050     3287.350     3288.430     3288.860
   880:     3289.150     3289.690     3289.850     3290.150     3291.510
   885:     3291.590     3291.670     3292.700     3294.230     3300.060
   890:     3300.120     3300.600     3300.760     3370.190     3370.290
   895:     3370.840     3370.850     3371.020     3371.290     3371.820
   900:     3372.640     3373.190     3373.460     3373.700     3373.900
   905:     3374.040     3374.350     3374.690     3375.400     3376.770
   910:     3378.410     3378.690     3379.430     3379.690     3379.980
   915:     3382.960     3383.970     3462.760     3463.310     3463.350
   920:     3463.510     3463.700     3464.090     3464.700     3465.530
   925:     3466.360     3466.530     3466.780     3466.940     3467.130
   930:     3467.870     3468.700     3469.280     3470.410     3470.500
   935:     3472.300     3473.770     3474.980     3550.190     3550.510
   940:     3550.830     3551.060     3551.200     3552.290     3552.610
   945:     3552.860     3553.080     3553.760     3553.770     3554.190
   950:     3554.360     3554.820     3555.400     3555.450     3557.240
   955:     3557.710     3557.930     3558.090     3558.960     3559.090
   960:     3559.150     3560.570     3561.850     3562.100     3562.620
   965:     3563.020     3564.030     3564.180     3564.390     3642.290
   970:     3654.050     3741.600     3741.660     3801.630     3801.780
   975:     3802.070     3819.000     3821.160     3821.230     3821.410
   980:     3821.660     3821.920     3822.040     3822.170     3822.230
   985:     3822.700     3822.800     3822.840     3823.030     3824.130
   990:     3824.380     3825.000     3826.540     3830.910     3912.560
   995:     3912.840     3913.190     3913.230     3913.290     3913.440
  1000:     3913.610     3913.880     3914.010     3914.370     3914.750
  1005:     3915.290     3916.540     3916.640     3917.020     3917.360
  1010:     3917.460     3917.990     3918.120     3918.210     3919.250
  1015:     3923.110     3923.260     3924.220     3925.370     3932.000
  1020:     3932.080     4008.340     4010.360     4010.530     4010.660
  1025:     4012.170     4012.640     4012.890     4012.940     4013.000
  1030:     4013.860     4014.460     4097.670     4100.260     4100.700
  1035:     4101.100     4101.780     4102.950     4103.080     4103.360
  1040:     4103.470     4104.850     4185.610     4186.260     4186.470
  1045:     4186.890     4188.390     4189.200     4190.660     4191.270
  1050:     4193.050     4193.950     4195.170     4195.910     4196.810
  1055:     4199.570     4200.960     4277.580     4278.280     4278.480
  1060:     4278.600     4278.910     4279.060     4280.300     4281.460
  1065:     4281.700     4281.780     4281.960     4282.500     4282.980
  1070:     4283.050     4284.570     4285.480     4285.760     4286.050
  1075:     4286.200     4288.250     4288.980     4289.630     4291.420
  1080:     4354.230     4364.080     4367.630     4368.780     4368.920
  1085:     4369.030     4369.750     4369.890     4370.100     4370.570
  1090:     4371.980     4372.160     4375.430     4377.490     4377.640
  1095:     4455.370     4455.450     4456.190     4456.530     4456.960
  1100:     4457.680     4458.290     4458.740     4459.370     4461.060
  1105:     4462.100     4462.310     4462.790     4463.080     4463.490
  1110:     4463.600     4463.780     4464.180     4465.450     4543.530
  1115:     4546.850     4546.920     4548.310     4548.500     4549.300
  1120:     4549.580     4549.720     4549.740     4550.420     4551.250
  1125:     4552.430     4552.470     4553.780     4554.610     4639.800
  1130:     4641.750     4642.690     4643.490     4717.310     4717.400
  1135:     4717.560     4718.040     4718.080     4718.320     4718.500
  1140:     4721.500     4721.760     4721.980     4722.560     4723.250
  1145:     4723.930     4724.400     4724.670     4725.000     4725.500
  1150:     4725.700     4725.950     4726.270     4726.290     4726.400
  1155:     4726.920     4728.770     4728.780     4730.290     4730.670
  1160:     4730.760     4731.020     4731.040     4731.470     4731.730
  1165:     4797.950     4815.290     4815.350     4817.250     4817.660
  1170:     4817.920     4818.230     4818.780     4819.070     4820.440
  1175:     4886.320     4897.230     4899.750     4901.750     4901.970
  1180:     4902.060     4902.200     4902.940     4903.040     4903.420
  1185:     4904.970     4905.480     4905.580     4905.860     4906.150
  1190:     4906.780     4906.980     4907.940     4908.700     4909.600
  1195:     4909.740     4990.540     4991.550     4992.100     4993.330
  1200:     4993.910     4993.980     4994.200     4994.550     4995.080
  1205:     4996.560     4998.050     4998.180     4998.720     4999.560
  1210:     4999.720     5000.870     5080.790     5080.900     5081.920
  1215:     5082.570     5083.770     5084.200     5086.260     5086.780
  1220:     5086.970     5087.150     5087.270     5088.060     5088.720
  1225:     5088.860     5089.080     5089.220     5089.970     5091.630
  1230:     5091.750     5091.920     5093.960     5170.980     5179.150
  1235:     5180.170     5180.880     5181.340     5181.520     5257.150
  1240:     5257.690     5258.350     5259.450     5260.010     5260.130
  1245:     5261.580     5263.710     5264.020     5264.490     5264.920
  1250:     5265.470     5266.650     5268.510     5269.070     5269.310
  1255:     5270.080     5270.130     5270.630     5271.580     5345.970
  1260:     5346.020     5346.050     5347.020     5347.620     5347.890
  1265:     5348.500     5348.630     5348.690     5349.060     5349.490
  1270:     5349.540     5349.600     5350.190     5350.300     5351.720
  1275:     5352.360     5353.120     5354.720     5355.680     5355.810
  1280:     5355.840     5357.050     5358.020     5358.230     5358.380
  1285:     5358.830     5359.340     5359.640     5359.810     5359.820
  1290:     5360.180     5360.310     5362.270     5442.570     5444.060
  1295:     5444.080     5444.440     5444.660     5446.520     5446.690
  1300:     5447.010     5447.560     5448.320     5448.750     5449.000
  1305:     5449.450     5450.090     5450.140     5528.930     5529.190
  1310:     5529.350     5529.520     5529.730     5530.650     5530.750
  1315:     5531.850     5533.390     5537.030     5537.580     5537.660
  1320:     5539.360     5539.850     5540.510     5542.360     5545.190
  1325:     5623.000     5623.950     5625.090     5625.580     5626.210
  1330:     5626.360     5626.630     5629.220     5630.360     5630.750
  1335:     5630.930     5631.110     5631.270     5631.620     5632.300
  1340:     5712.340     5712.350     5718.270     5718.350     5718.770
  1345:     5718.850     5718.970     5719.460     5719.660     5719.960
  1350:     5720.370     5720.510     5720.550     5720.760     5721.380
  1355:     5721.480     5721.730     5722.390     5723.360     5723.830
  1360:     5726.200     5804.980     5805.390     5805.640     5806.430
  1365:     5810.200     5811.260     5811.650     5811.890     5811.990
  1370:     5812.220     5814.530     5900.330     5900.970     5901.090
  1375:     5902.920     5903.160     5904.720     5905.400     5905.630
  1380:     5905.770     5905.800     5906.060     5906.890     5908.100
  1385:     5908.980     5989.730     5989.840     5990.480     5992.650
  1390:     5997.090     6080.600     6081.940     6084.130     6085.230
  1395:     6086.520     6164.920     6165.270     6165.570     6166.200
  1400:     6167.960     6168.020     6168.310     6168.420     6169.830
  1405:     6170.060     6171.750     6171.960     6172.070     6172.280
  1410:     6172.380     6173.740     6174.040     6174.480     6175.390
  1415:     6176.360     6177.350     6255.740     6256.010     6256.690
  1420:     6257.580     6258.580     6259.650     6260.250     6260.880
  1425:     6261.760     6263.260     6264.420     6266.480     6346.510
  1430:     6347.670     6348.230     6348.800     6348.820     6348.970
  1435:     6349.060     6349.200     6349.850     6350.020     6350.740
  1440:     6352.490     6429.100     6429.140     6429.320     6429.520
  1445:     6429.800     6429.940     6430.500     6431.110     6431.290
  1450:     6431.550     6432.540     6432.700     6433.310     6434.250
  1455:     6434.530     6434.540     6435.440     6436.330     6437.000
  1460:     6437.210     6438.580     6438.690     6440.890     6441.120
  1465:     6441.220     6441.450     6528.830     6530.610     6531.230
  1470:     6531.690     6532.280     6533.120     6534.840     6615.070
  1475:     6616.320     6617.080     6617.480     6617.500     6618.880
  1480:     6619.620     6621.040     6621.310     6622.040     6704.660
  1485:     6705.250     6707.470     6707.590     6707.750     6708.490
  1490:     6709.420     6710.000     6711.270     6711.560     6711.640
  1495:     6788.960     6790.910     6791.580     6792.100     6793.540
  1500:     6795.920     6801.290     6879.980     6880.090     6881.000
  1505:     6881.120     6881.550     6881.920     6882.060     6882.110
  1510:     6883.070     6883.800     6884.210     6884.920     6885.940
  1515:     6886.550     6886.600     6886.930     6887.460     6888.300
  1520:     6888.620     6971.710     6971.840     6975.660     6976.800
  1525:     6979.170     7071.570     7153.800     7153.890     7156.750
  1530:     7157.140     7158.550     7159.640     7161.020     7161.320
  1535:     7162.050     7163.480     7164.180     7166.870     7249.300
  1540:     7249.980     7251.150     7251.760     7252.690     7252.810
  1545:     7341.430     7341.820     7343.330     7343.380     7343.490
  1550:     7343.800     7344.320     7344.720     7345.190     7346.630
  1555:     7431.210     7433.910     7433.990     7435.620     7437.860
  1560:     7438.190     7440.290     7440.510     7496.370     7523.700
  1565:     7524.680     7525.880     7526.360     7526.430     7526.790
  1570:     7526.920     7528.420     7529.030     7529.570     7530.250
  1575:     7530.480     7530.690     7531.420     7531.670     7591.420
  1580:     7616.110     7618.450     7628.530     7700.540     7702.250
  1585:     7702.610     7702.770     7703.390     7704.250     7705.060
  1590:     7706.120     7706.360     7706.390     7708.530     7769.140
  1595:     7797.020     7877.330     7878.280     7878.400     7879.180
  1600:     7882.920     7883.460     7883.500     7883.720     7884.270
  1605:     7884.890     7977.150     8060.420     8061.760     8062.210
  1610:     8062.230     8062.920     8066.020     8066.090     8068.160
  1615:     8069.120     8069.400     8069.790     8071.000     8071.830
  1620:     8146.680     8146.870     8151.480     8153.360     8153.560
  1625:     8153.930     8154.470     8154.800     8155.270     8155.350
  1630:     8155.590     8157.650     8239.760     8240.000     8240.090
  1635:     8241.900     8241.950     8243.630     8245.230     8247.500
  1640:     8248.550     8248.610     8249.850     8249.920     8250.420
  1645:     8335.910     8338.740     8341.260     8426.500     8427.220
  1650:     8427.520     8427.830     8428.530     8508.950     8511.280
  1655:     8514.510     8517.590     8519.910     8606.250     8608.000
  1660:     8608.470     8659.670     8681.680     8681.880     8683.980
  1665:     8686.540     8690.790     8693.190     8693.280     8701.650
  1670:     8777.900     8778.730     8779.860     8781.480     8781.970
  1675:     8782.200     8782.680     8782.910     8783.070     8783.330
  1680:     8783.420     8784.320     8784.330     8784.370     8784.940
  1685:     8785.280     8786.310     8868.240     8868.310     8868.730
  1690:     8869.470     8869.490     8869.960     8870.410     8871.070
  1695:     8872.030     8875.750     8875.810     8877.450     8878.610
  1700:     8879.120     8879.160     8958.100     8958.170     8961.900
  1705:     8962.140     8962.450     8962.660     8963.350     8963.440
  1710:     8964.530     8965.060     8965.650     8966.210     8967.180
  1715:     8967.550     8967.660     8969.500     8970.100     8971.570
G:
     0:        5.100        5.200        5.410        5.610        5.810
     5:      178.800      711.720      717.140      717.290      731.730
    10:     1058.090     1156.030     1450.390     1606.150     1901.440
    15:     2082.700     2515.820     2530.970     2689.330     2717.510
    20:     2717.570     2718.240     2975.080     3242.010     3432.890
    25:     3788.980     3978.400     4240.010     4338.750     4773.130
    30:     4774.030     5131.540     5504.350     5669.280     5943.140
    35:     5943.400     6036.900     6821.540     6821.650     7397.580
    40:     7469.090     7817.370
H:
     0:     8839.700
I:
K:
L:
     0:       43.300       45.370       47.470      134.300      222.210
     5:      222.310      224.710      310.290      311.360      398.270
    10:      485.100      574.160      661.510      663.820      751.110
    15:      753.130      841.230      928.250     1017.170     1109.140
    20:     1113.820     1202.270     1203.240     1206.680     1290.370
    25:     1292.790     1293.180     1380.730     1471.340     1473.350
    30:     1560.220     1565.160     1655.140     1658.970     1659.250
    35:     1743.380     1831.330     1832.500     1917.310     1917.940
    40:     2009.650     2100.240     2189.510     2279.490     2284.040
    45:     2284.430     2372.220     2377.160     2461.380     2461.520
    50:     2462.740     2463.400     2464.130     2553.560     2555.160
    55:     2644.250     2735.010     2822.370     2825.520     2914.220
    60:     3005.830     3009.160     3096.150     3097.200     3099.130
    65:     3183.220     3275.170     3276.200     3276.930     3362.780
    70:     3453.360     3544.280     3545.060     3633.150     3633.760
    75:     3633.980     3635.230     3722.360     3811.450     3812.950
    80:     3813.790     3815.880     3816.210     3905.290     3994.410
    85:     3994.700     3994.940     4085.190     4178.140     4179.510
    90:     4179.730     4180.930     4269.390     4273.440     4355.210
    95:     4356.200     4445.230     4534.200     4535.010     4535.610
   100:     4623.460     4623.890     4625.180     4626.630     4711.520
   105:     4800.220     4800.520     4800.770     4801.290     4890.330
   110:     4891.550     4980.260     4981.560     4981.900     4983.360
   115:     4984.300     4985.000     5071.310     5072.470     5073.550
   120:     5161.350     5251.400     5340.180     5430.270     5522.220
   125:     5522.450     5524.130     5612.190     5612.380     5616.700
   130:     5616.860     5703.490     5794.220     5888.520     5891.500
   135:     5977.350     6066.340     6067.710     6157.260     6158.280
   140:     6246.210     6333.490     6333.710     6334.240     6334.530
   145:     6336.890     6421.280     6422.460     6423.170     6425.280
   150:     6512.130     6512.280     6514.540     6515.940     6601.600
   155:     6601.960     6691.430     6693.390     6776.420     6778.430
   160:     6868.370     6959.300     6962.100     6962.610     7051.480
   165:     7143.840     7144.520     7232.280     7234.260     7235.740
   170:     7326.360     7331.140     7418.190     7418.280     7422.910
   175:     7511.480     7516.040     7599.320     7599.930     7600.530
   180:     7604.180     7686.320     7776.270     7776.420     7780.160
   185:     7865.230     7867.610     7868.020     7956.550     8050.480
   190:     8052.810     8137.310     8138.720     8141.100     8230.230
   195:     8320.870     8408.250     8412.830     8499.590     8499.950
   200:     8588.210     8673.130     8676.150     8766.910     8859.390
   205:     8862.800     8950.150     8952.670
M:
     0:       10.000       12.000       12.000       13.000       14.000
     5:       17.000       12.000       15.000       16.000       14.000
    10:       12.000       15.000       14.000       14.000       12.000
    15:       14.000       15.000       14.000       16.000       10.000
    20:       15.000       14.000       16.000       17.000       15.000
    25:       14.000       18.000       12.000       14.000       16.000
    30:       11.000       13.000       13.000       14.000       15.000
    35:       18.000       13.000       16.000       17.000       15.000
    40:       13.000       16.000       15.000       15.000       13.000
    45:       15.000       16.000       15.000       17.000       11.000
    50:       16.000       15.000       17.000       18.000       16.000
    55:       15.000       19.000       13.000       15.000       17.000
    60:       12.000       14.000       14.000       15.000       16.000
    65:       19.000       14.000       17.000       18.000       16.000
    70:       14.000       17.000       16.000       16.000       14.000
    75:       16.000       17.000       16.000       18.000       12.000
    80:       17.000       16.000       18.000       19.000       17.000
    85:       16.000       20.000       14.000       16.000       19.000
    90:       13.000       14.000       13.000       19.000       13.000
    95:       15.000       14.000       13.000       14.000
P:
     0:       63.300       63.800       64.300      154.300      154.800
     5:      155.300      242.210      242.710      243.210      330.290
    10:      330.790      331.290      418.270      418.770      419.270
    15:      505.100      505.600      506.100      594.160      594.660
    20:      595.160      681.510      682.010      682.510      771.110
    25:      771.610      772.110      861.230      861.730      862.230
    30:      948.250      948.750      949.250     1037.170     1037.670
    35:     1038.170     1129.140     1129.640     1130.140     1222.270
    40:     1222.770     1223.270     1310.370     1310.870     1311.370
    45:     1400.730     1401.230     1401.730     1491.340     1491.840
    50:     1492.340     1580.220     1580.720     1581.220     1675.140
    55:     1675.640     1676.140     1763.380     1763.880     1764.380
    60:     1851.330     1851.830     1852.330     1937.310     1937.810
    65:     1938.310     2029.650     2030.150     2030.650     2120.240
    70:     2120.740     2121.240     2209.510     2210.010     2210.510
    75:     2299.490     2299.990     2300.490     2392.220     2392.720
    80:     2393.220     2481.380     2481.880     2482.380     2573.560
    85:     2574.060     2574.560     2664.250     2664.750     2665.250
    90:     2755.010     2755.510     2756.010     2842.370     2842.870
    95:     2843.370     2934.220     2934.720     2935.220     3025.830
   100:     3026.330     3026.830     3116.150     3116.650     3117.150
   105:     3203.220     3203.720     3204.220     3295.170     3295.670
   110:     3296.170     3382.780     3383.280     3383.780     3473.360
   115:     3473.860     3474.360     3564.280     3564.780     3565.280
   120:     3653.150     3653.650     3654.150     3742.360     3742.860
   125:     3743.360     3831.450     3831.950     3832.450     3925.290
   130:     3925.790     3926.290     4014.410     4014.910     4015.410
   135:     4105.190     4105.690     4106.190     4198.140     4198.640
   140:     4199.140     4289.390     4289.890     4290.390     4375.210
   145:     4375.710     4376.210     4465.230     4465.730     4466.230
   150:     4554.200     4554.700     4555.200     4643.460     4643.960
   155:     4644.460     4731.520     4732.020     4732.520     4820.220
   160:     4820.720     4821.220     4910.330     4910.830     4911.330
   165:     5000.260     5000.760     5001.260     5091.310     5091.810
   170:     5092.310     5181.350     5181.850     5182.350     5271.400
   175:     5271.900     5272.400     5360.180     5360.680     5361.180
   180:     5450.270     5450.770     5451.270     5542.220     5542.720
   185:     5543.220     5632.190     5632.690     5633.190     5723.490
   190:     5723.990     5724.490     5814.220     5814.720     5815.220
   195:     5908.520     5909.020     5909.520     5997.350     5997.850
   200:     5998.350     6086.340     6086.840     6087.340     6177.260
   205:     6177.760     6178.260     6266.210     6266.710     6267.210
   210:     6353.490     6353.990     6354.490     6441.280     6441.780
   215:     6442.280     6532.130     6532.630     6533.130     6621.600
   220:     6622.100     6622.600     6711.430     6711.930     6712.430
   225:     6796.420     6796.920     6797.420     6888.370     6888.870
   230:     6889.370     6979.300     6979.800     6980.300     7071.480
   235:     7071.980     7072.480     7163.840     7164.340     7164.840
   240:     7252.280     7252.780     7253.280     7346.360     7346.860
   245:     7347.360     7438.190     7438.690     7439.190     7531.480
   250:     7531.980     7532.480     7619.320     7619.820     7620.320
   255:     7706.320     7706.820     7707.320     7796.270     7796.770
   260:     7797.270     7885.230     7885.730     7886.230     7976.550
   265:     7977.050     7977.550     8070.480     8070.980     8071.480
   270:     8157.310     8157.810     8158.310     8250.230     8250.730
   275:     8251.230     8340.870     8341.370     8341.870     8428.250
   280:     8428.750     8429.250     8519.590     8520.090     8520.590
   285:     8608.210     8608.710     8609.210     8693.130     8693.630
   290:     8694.130     8786.910     8787.410     8787.910     8879.390
   295:     8879.890     8880.390     8970.150     8970.650     8971.150
R:
     0:       43.300      134.300      222.210      310.290      398.270
     5:      485.100      574.160      661.510      751.110      841.230
    10:      928.250     1017.170     1109.140     1202.270     1290.370
    15:     1380.730     1471.340     1560.220     1655.140     1743.380
    20:     1831.330     1917.310     2009.650     2100.240     2189.510
    25:     2279.490     2372.220     2461.380     2553.560     2644.250
    30:     2735.010     2822.370     2914.220     3005.830     3096.150
    35:     3183.220     3275.170     3362.780     3453.360     3544.280
    40:     3633.150     3722.360     3811.450     3905.290     3994.410
    45:     4085.190     4178.140     4269.390     4355.210     4445.230
    50:     4534.200     4623.460     4711.520     4800.220     4890.330
    55:     4980.260     5071.310     5161.350     5251.400     5340.180
    60:     5430.270     5522.220     5612.190     5703.490     5794.220
    65:     5888.520     5977.350     6066.340     6157.260     6246.210
    70:     6333.490     6421.280     6512.130     6601.600     6691.430
    75:     6776.420     6868.370     6959.300     7051.480     7143.840
    80:     7232.280     7326.360     7418.190     7511.480     7599.320
    85:     7686.320     7776.270     7865.230     7956.550     8050.480
    90:     8137.310     8230.230     8320.870     8408.250     8499.590
    95:     8588.210     8673.130     8766.910     8859.390     8950.150
V:
W:
     0:        1.000        1.000        1.000        1.000        1.000
     5:        1.000        1.000        1.000        1.000        1.000
    10:        1.000        1.000        1.000        1.000        1.000
    15:        1.000        1.000        1.000        1.000        1.000
    20:        1.000        1.000        1.000        1.000        1.000
    25:        1.000        1.000        1.000        1.000        1.000
    30:        1.000        1.000        1.000        1.000        1.000
    35:        1.000
X:
     0:       15.000       15.150      109.000      109.150      197.000
     5:      197.150      285.000      285.150      373.000      373.150
    10:      460.000      460.150      549.000      549.150      636.000
    15:      636.150      726.000      726.150      816.000      816.150
    20:      903.000      903.150      992.000      992.150     1084.000
    25:     1084.150     1177.000     1177.150     1265.000     1265.150
    30:     1355.000     1355.150     1446.000     1446.150     1535.000
    35:     1535.150     1630.000     1630.150     1718.000     1718.150
    40:     1806.000     1806.150     1892.000     1892.150     1984.000
    45:     1984.150     2075.000     2075.150     2164.000     2164.150
    50:     2254.000     2254.150     2347.000     2347.150     2436.000
    55:     2436.150     2528.000     2528.150     2619.000     2619.150
    60:     2709.000     2709.150     2797.000     2797.150     2889.000
    65:     2889.150     2980.000     2980.150     3071.000     3071.150
    70:     3158.000     3158.150     3250.000     3250.150     3337.000
    75:     3337.150     3428.000     3428.150     3519.000     3519.150
    80:     3608.000     3608.150     3697.000     3697.150     3786.000
    85:     3786.150     3880.000     3880.150     3969.000     3969.150
    90:     4060.000     4060.150     4153.000     4153.150     4244.000
    95:     4244.150     4330.000     4330.150     4420.000     4420.150
   100:     4509.000     4509.150     4598.000     4598.150     4686.000
   105:     4686.150     4775.000     4775.150     4865.000     4865.150
   110:     4955.000     4955.150     5046.000     5046.150     5136.000
   115:     5136.150     5226.000     5226.150     5315.000     5315.150
   120:     5405.000     5405.150     5497.000     5497.150     5587.000
   125:     5587.150     5678.000     5678.150     5769.000     5769.150
   130:     5863.000     5863.150     5952.000     5952.150     6041.000
   135:     6041.150     6132.000     6132.150     6221.000     6221.150
   140:     6308.000     6308.150     6396.000     6396.150     6487.000
   145:     6487.150     6576.000     6576.150     6666.000     6666.150
   150:     6751.000     6751.150     6843.000     6843.150     6934.000
   155:     6934.150     7026.000     7026.150     7117.000     7117.150
   160:     7207.000     7207.150     7301.000     7301.150     7393.000
   165:     7393.150     7486.000     7486.150     7574.000     7574.150
   170:     7661.000     7661.150     7751.000     7751.150     7840.000
   175:     7840.150     7931.000     7931.150     8025.000     8025.150
   180:     8112.000     8112.150     8205.000     8205.150     8295.000
   185:     8295.150     8383.000     8383.150     8474.000     8474.150
   190:     8563.000     8563.150     8648.000     8648.150     8741.000
   195:     8741.150     8833.000     8833.150     8925.000     8925.150
Y:
Z:
     0:        0.000      100.000      208.000        0.000        1.000
     5:        0.000      300.000      200.000        0.000        0.000
    10:        0.000     1720.000       42.000        0.000        0.000
    15:        0.000
