File: C:\MED-PC IV\Data\Tarun\RM-B12_RM036\postBaseplate\R23\S03_R23_FR1_20s_100trials


Start Date: 06/10/17
End Date: 06/10/17
Subject: 23
Experiment: 0
Group: 0
Box: 2
Start Time: 10:38:07
End Time: 13:08:57
MSN: MiniScope_FR1-3p_100trials_05222017
A:       0.000
E:       0.000
J:     101.000
N:       0.000
O:       0.000
Q:       0.000
S:       0.000
T:    9016.000
U:       0.000
B:
     0:        0.000       10.000       10.000       15.000       20.000
     5:       20.000       20.000       10.000       16.000      100.000
    10:        1.000        3.000       15.000        0.010        1.000
    15:        0.000        0.000        5.000       20.000        5.000
C:
     0:      100.000       99.000      118.000        0.000        0.620
     5:        0.000      297.000       99.000        0.000        0.620
    10:        0.000     1966.000       42.000        0.000       15.020
    15:        1.000        1.000        2.000        0.000        2.450
    20:        1.000        3.000        1.000        0.000        2.450
    25:        1.000        9.000        0.000        0.000       13.000
    30:        2.000        1.000        1.000        0.000        0.400
    35:        2.000        3.000        1.000        0.000        0.400
    40:        2.000       15.000        0.000        0.000       15.000
    45:        3.000        1.000        1.000        0.000        0.270
    50:        3.000        3.000        1.000        0.000        0.270
    55:        3.000        9.000        0.000        0.000       16.000
    60:        4.000        1.000        1.000        0.000        0.140
    65:        4.000        3.000        1.000        0.000        0.140
    70:        4.000       14.000        1.000        0.000       17.000
    75:        5.000        1.000        1.000        0.000        0.220
    80:        5.000        3.000        1.000        0.000        0.220
    85:        5.000       15.000        1.000        0.000       13.000
    90:        6.000        1.000        1.000        0.000        0.020
    95:        6.000        3.000        1.000        0.000        0.020
   100:        6.000       21.000        0.000        0.000       15.000
   105:        7.000        1.000        1.000        0.000        0.310
   110:        7.000        3.000        1.000        0.000        0.310
   115:        7.000       17.000        0.000        0.000       17.000
   120:        8.000        1.000        1.000        0.000        0.160
   125:        8.000        3.000        1.000        0.000        0.160
   130:        8.000       11.000        0.000        0.000       19.000
   135:        9.000        1.000        1.000        0.000        0.400
   140:        9.000        3.000        1.000        0.000        0.400
   145:        9.000       23.000        0.000        0.000       15.000
   150:       10.000        1.000        1.000        0.000        0.220
   155:       10.000        3.000        1.000        0.000        0.220
   160:       10.000       11.000        0.000        0.000       14.000
   165:       11.000        1.000        2.000        0.000        0.320
   170:       11.000        3.000        1.000        0.000        0.320
   175:       11.000       11.000        2.000        0.000       14.000
   180:       12.000        1.000        1.000        0.000        0.200
   185:       12.000        3.000        1.000        0.000        0.200
   190:       12.000       15.000        0.000        0.000       14.000
   195:       13.000        1.000        1.000        0.000        0.190
   200:       13.000        3.000        1.000        0.000        0.190
   205:       13.000        9.000        0.000        0.000       17.000
   210:       14.000        1.000        1.000        0.000        0.290
   215:       14.000        3.000        1.000        0.000        0.290
   220:       14.000       15.000        0.000        0.000       17.000
   225:       15.000        1.000        1.000        0.000        0.110
   230:       15.000        3.000        1.000        0.000        0.110
   235:       15.000       18.000        0.000        0.000       18.000
   240:       16.000        1.000        1.000        0.000        0.150
   245:       16.000        3.000        1.000        0.000        0.150
   250:       16.000       17.000        3.000        0.000       16.000
   255:       17.000        1.000        1.000        0.000        0.280
   260:       17.000        3.000        1.000        0.000        0.280
   265:       17.000       12.000        0.000        0.000       14.000
   270:       18.000        1.000        1.000        0.000        9.960
   275:       18.000        3.000        1.000        0.000        9.960
   280:       18.000       20.000        0.000        0.000       15.000
   285:       19.000        1.000        1.000        0.000        0.190
   290:       19.000        3.000        1.000        0.000        0.190
   295:       19.000       26.000        0.000        0.000       13.000
   300:       20.000        1.000        1.000        0.000        0.250
   305:       20.000        3.000        1.000        0.000        0.250
   310:       20.000       19.000        0.000        0.000       19.000
   315:       21.000        1.000        2.000        0.000        0.190
   320:       21.000        3.000        1.000        0.000        0.190
   325:       21.000       21.000        0.000        0.000       10.000
   330:       22.000        1.000        1.000        0.000        0.510
   335:       22.000        3.000        1.000        0.000        0.510
   340:       22.000       15.000        0.000        0.000       14.000
   345:       23.000        1.000        1.000        0.000        0.260
   350:       23.000        3.000        1.000        0.000        0.260
   355:       23.000       15.000        0.000        0.000       20.000
   360:       24.000        1.000        1.000        0.000        1.150
   365:       24.000        3.000        1.000        0.000        1.150
   370:       24.000       38.000        0.000        0.000       16.000
   375:       25.000        1.000        1.000        0.000        0.300
   380:       25.000        3.000        1.000        0.000        0.300
   385:       25.000       14.000        1.000        0.000       14.000
   390:       26.000        1.000        1.000        0.000        0.180
   395:       26.000        3.000        1.000        0.000        0.180
   400:       26.000       14.000        0.000        0.000       15.000
   405:       27.000        1.000        1.000        0.000        0.250
   410:       27.000        3.000        1.000        0.000        0.250
   415:       27.000       16.000        6.000        0.000       14.000
   420:       28.000        1.000        1.000        0.000        0.710
   425:       28.000        3.000        1.000        0.000        0.710
   430:       28.000       18.000        2.000        0.000       19.000
   435:       29.000        1.000        1.000        0.000        0.190
   440:       29.000        3.000        1.000        0.000        0.190
   445:       29.000       18.000        0.000        0.000       13.000
   450:       30.000        1.000        1.000        0.000        0.160
   455:       30.000        3.000        1.000        0.000        0.160
   460:       30.000       16.000        0.000        0.000       14.000
   465:       31.000        0.000        0.000        0.000       20.000
   470:       31.000        0.000        0.000        0.000       20.000
   475:       31.000       19.000       10.000        0.000       12.000
   480:       32.000        1.000        2.000        0.000        0.110
   485:       32.000        3.000        1.000        0.000        0.110
   490:       32.000       18.000        2.000        0.000       17.000
   495:       33.000        1.000        1.000        0.000        0.190
   500:       33.000        3.000        1.000        0.000        0.190
   505:       33.000       13.000        0.000        0.000       13.000
   510:       34.000        1.000        2.000        0.000        0.400
   515:       34.000        3.000        1.000        0.000        0.400
   520:       34.000       22.000        0.000        0.000       18.000
   525:       35.000        1.000        1.000        0.000        0.300
   530:       35.000        3.000        1.000        0.000        0.300
   535:       35.000       18.000        0.000        0.000       14.000
   540:       36.000        1.000        1.000        0.000        0.310
   545:       36.000        3.000        1.000        0.000        0.310
   550:       36.000        9.000        0.000        0.000       14.000
   555:       37.000        1.000        1.000        0.000        0.150
   560:       37.000        3.000        1.000        0.000        0.150
   565:       37.000       16.000        2.000        0.000       14.000
   570:       38.000        1.000        1.000        0.000        0.190
   575:       38.000        3.000        1.000        0.000        0.190
   580:       38.000       15.000        0.000        0.000       13.000
   585:       39.000        1.000        1.000        0.000        0.150
   590:       39.000        3.000        1.000        0.000        0.150
   595:       39.000       19.000        0.000        0.000       16.000
   600:       40.000        1.000        1.000        0.000        0.200
   605:       40.000        3.000        1.000        0.000        0.200
   610:       40.000       19.000        0.000        0.000       15.000
   615:       41.000        1.000        1.000        0.000        0.140
   620:       41.000        3.000        1.000        0.000        0.140
   625:       41.000       14.000        0.000        0.000       17.000
   630:       42.000        1.000        1.000        0.000        0.270
   635:       42.000        3.000        1.000        0.000        0.270
   640:       42.000       19.000        0.000        0.000       15.000
   645:       43.000        1.000        1.000        0.000        0.120
   650:       43.000        3.000        1.000        0.000        0.120
   655:       43.000       20.000        0.000        0.000       15.000
   660:       44.000        1.000        1.000        0.000        0.420
   665:       44.000        3.000        1.000        0.000        0.420
   670:       44.000       24.000        0.000        0.000       15.000
   675:       45.000        1.000        1.000        0.000        0.140
   680:       45.000        3.000        1.000        0.000        0.140
   685:       45.000       23.000        0.000        0.000       15.000
   690:       46.000        1.000        1.000        0.000        0.320
   695:       46.000        3.000        1.000        0.000        0.320
   700:       46.000       17.000        0.000        0.000       16.000
   705:       47.000        1.000        3.000        0.000        0.120
   710:       47.000        3.000        1.000        0.000        0.120
   715:       47.000       17.000        0.000        0.000       16.000
   720:       48.000        1.000        1.000        0.000        0.120
   725:       48.000        3.000        1.000        0.000        0.120
   730:       48.000       29.000        0.000        0.000       17.000
   735:       49.000        1.000        1.000        0.000        0.250
   740:       49.000        3.000        1.000        0.000        0.250
   745:       49.000       19.000        0.000        0.000       16.000
   750:       50.000        1.000        1.000        0.000        0.290
   755:       50.000        3.000        1.000        0.000        0.290
   760:       50.000       24.000        0.000        0.000       14.000
   765:       51.000        1.000        2.000        0.000        0.680
   770:       51.000        3.000        1.000        0.000        0.680
   775:       51.000       21.000        0.000        0.000       16.000
   780:       52.000        1.000        2.000        0.000        0.250
   785:       52.000        3.000        1.000        0.000        0.250
   790:       52.000       21.000        0.000        0.000       19.000
   795:       53.000        1.000        1.000        0.000        0.340
   800:       53.000        3.000        1.000        0.000        0.340
   805:       53.000       15.000        0.000        0.000       11.000
   810:       54.000        1.000        1.000        0.000        0.220
   815:       54.000        3.000        1.000        0.000        0.220
   820:       54.000        8.000        0.000        0.000       17.000
   825:       55.000        1.000        1.000        0.000        6.300
   830:       55.000        3.000        1.000        0.000        6.300
   835:       55.000       12.000        0.000        0.000       16.000
   840:       56.000        1.000        1.000        0.000        0.210
   845:       56.000        3.000        1.000        0.000        0.210
   850:       56.000       14.000        0.000        0.000       17.000
   855:       57.000        1.000        1.000        0.000        0.200
   860:       57.000        3.000        1.000        0.000        0.200
   865:       57.000       17.000        0.000        0.000       18.000
   870:       58.000        1.000        1.000        0.000        0.560
   875:       58.000        3.000        1.000        0.000        0.560
   880:       58.000       23.000        0.000        0.000       16.000
   885:       59.000        1.000        1.000        0.000        0.260
   890:       59.000        3.000        1.000        0.000        0.260
   895:       59.000       18.000        0.000        0.000       12.000
   900:       60.000        1.000        1.000        0.000        0.330
   905:       60.000        3.000        1.000        0.000        0.330
   910:       60.000       26.000        0.000        0.000       16.000
   915:       61.000        1.000        2.000        0.000        0.220
   920:       61.000        3.000        1.000        0.000        0.220
   925:       61.000       23.000        0.000        0.000       13.000
   930:       62.000        1.000        1.000        0.000        0.230
   935:       62.000        3.000        1.000        0.000        0.230
   940:       62.000       12.000        0.000        0.000       16.000
   945:       63.000        1.000        1.000        0.000        0.160
   950:       63.000        3.000        1.000        0.000        0.160
   955:       63.000       22.000        0.000        0.000       14.000
   960:       64.000        1.000        1.000        0.000        1.210
   965:       64.000        3.000        1.000        0.000        1.210
   970:       64.000       11.000        0.000        0.000       14.000
   975:       65.000        1.000        1.000        0.000        8.500
   980:       65.000        3.000        1.000        0.000        8.500
   985:       65.000        1.000        0.000        0.000       16.000
   990:       66.000        1.000        1.000        0.000        0.570
   995:       66.000        3.000        1.000        0.000        0.570
  1000:       66.000       15.000        0.000        0.000       19.000
  1005:       67.000        1.000        2.000        0.000        2.060
  1010:       67.000        3.000        1.000        0.000        2.060
  1015:       67.000       23.000        0.000        0.000       14.000
  1020:       68.000        1.000        1.000        0.000        0.280
  1025:       68.000        3.000        1.000        0.000        0.280
  1030:       68.000       22.000        0.000        0.000       10.000
  1035:       69.000        1.000        1.000        0.000        0.470
  1040:       69.000        3.000        1.000        0.000        0.470
  1045:       69.000       32.000        0.000        0.000       17.000
  1050:       70.000        1.000        1.000        0.000        0.600
  1055:       70.000        3.000        1.000        0.000        0.600
  1060:       70.000       33.000        7.000        0.000       12.000
  1065:       71.000        1.000        1.000        0.000        0.150
  1070:       71.000        3.000        1.000        0.000        0.150
  1075:       71.000       18.000        0.000        0.000       18.000
  1080:       72.000        1.000        1.000        0.000        0.210
  1085:       72.000        3.000        1.000        0.000        0.210
  1090:       72.000       22.000        0.000        0.000       12.000
  1095:       73.000        1.000        1.000        0.000        0.660
  1100:       73.000        3.000        1.000        0.000        0.660
  1105:       73.000       24.000        0.000        0.000       15.000
  1110:       74.000        1.000        1.000        0.000        0.200
  1115:       74.000        3.000        1.000        0.000        0.200
  1120:       74.000       26.000        0.000        0.000       14.000
  1125:       75.000        1.000        2.000        0.000        0.190
  1130:       75.000        3.000        1.000        0.000        0.190
  1135:       75.000       15.000        0.000        0.000       18.000
  1140:       76.000        1.000        1.000        0.000        0.170
  1145:       76.000        3.000        1.000        0.000        0.170
  1150:       76.000       27.000        0.000        0.000       15.000
  1155:       77.000        1.000        3.000        0.000        1.110
  1160:       77.000        3.000        1.000        0.000        1.110
  1165:       77.000       33.000        0.000        0.000       16.000
  1170:       78.000        1.000        1.000        0.000        0.220
  1175:       78.000        3.000        1.000        0.000        0.220
  1180:       78.000       24.000        0.000        0.000       15.000
  1185:       79.000        1.000        2.000        0.000        1.420
  1190:       79.000        3.000        1.000        0.000        1.420
  1195:       79.000       37.000        0.000        0.000       12.000
  1200:       80.000        1.000        1.000        0.000        1.200
  1205:       80.000        3.000        1.000        0.000        1.200
  1210:       80.000       24.000        0.000        0.000       16.000
  1215:       81.000        1.000        1.000        0.000        0.120
  1220:       81.000        3.000        1.000        0.000        0.120
  1225:       81.000       22.000        0.000        0.000       15.000
  1230:       82.000        1.000        1.000        0.000        0.200
  1235:       82.000        3.000        1.000        0.000        0.200
  1240:       82.000       26.000        0.000        0.000       15.000
  1245:       83.000        1.000        1.000        0.000        0.390
  1250:       83.000        3.000        1.000        0.000        0.390
  1255:       83.000       22.000        0.000        0.000       14.000
  1260:       84.000        1.000        1.000        0.000        0.580
  1265:       84.000        3.000        1.000        0.000        0.580
  1270:       84.000       24.000        1.000        0.000       16.000
  1275:       85.000        1.000        2.000        0.000        0.850
  1280:       85.000        3.000        1.000        0.000        0.850
  1285:       85.000       27.000        0.000        0.000       13.000
  1290:       86.000        1.000        1.000        0.000        0.380
  1295:       86.000        3.000        1.000        0.000        0.380
  1300:       86.000       12.000        0.000        0.000       16.000
  1305:       87.000        1.000        1.000        0.000        0.580
  1310:       87.000        3.000        1.000        0.000        0.580
  1315:       87.000       23.000        0.000        0.000       17.000
  1320:       88.000        1.000        1.000        0.000        0.230
  1325:       88.000        3.000        1.000        0.000        0.230
  1330:       88.000       23.000        3.000        0.000       13.000
  1335:       89.000        1.000        1.000        0.000        0.280
  1340:       89.000        3.000        1.000        0.000        0.280
  1345:       89.000       30.000        0.000        0.000       14.000
  1350:       90.000        1.000        2.000        0.000        1.230
  1355:       90.000        3.000        1.000        0.000        1.230
  1360:       90.000       30.000        0.000        0.000       13.000
  1365:       91.000        1.000        1.000        0.000        0.090
  1370:       91.000        3.000        1.000        0.000        0.090
  1375:       91.000       20.000        1.000        0.000       12.000
  1380:       92.000        1.000        1.000        0.000        0.480
  1385:       92.000        3.000        1.000        0.000        0.480
  1390:       92.000       31.000        0.000        0.000       12.000
  1395:       93.000        1.000        1.000        0.000        0.180
  1400:       93.000        3.000        1.000        0.000        0.180
  1405:       93.000       27.000        0.000        0.000       13.000
  1410:       94.000        1.000        1.000        0.000        0.500
  1415:       94.000        3.000        1.000        0.000        0.500
  1420:       94.000       22.000        0.000        0.000       16.000
  1425:       95.000        1.000        1.000        0.000        0.110
  1430:       95.000        3.000        1.000        0.000        0.110
  1435:       95.000       15.000        0.000        0.000       18.000
  1440:       96.000        1.000        1.000        0.000        0.260
  1445:       96.000        3.000        1.000        0.000        0.260
  1450:       96.000       32.000        0.000        0.000       15.000
  1455:       97.000        1.000        2.000        0.000        0.020
  1460:       97.000        3.000        1.000        0.000        0.020
  1465:       97.000       32.000        0.000        0.000       11.000
  1470:       98.000        1.000        1.000        0.000        0.200
  1475:       98.000        3.000        1.000        0.000        0.200
  1480:       98.000       24.000        0.000        0.000       14.000
  1485:       99.000        1.000        2.000        0.000        0.460
  1490:       99.000        3.000        1.000        0.000        0.460
  1495:       99.000       13.000        0.000        0.000       12.000
  1500:      100.000        1.000        1.000        0.000        0.410
  1505:      100.000        3.000        1.000        0.000        0.410
  1510:      100.000       26.000        0.000        0.000       16.000
D:
     0:        0.000        0.000        0.000        0.000        0.000
     5:        0.000        0.000        0.000        0.000        0.000
    10:        0.000        0.000        0.000        0.000        0.000
    15:        1.000       15.000       90.000       40.000       47.450
    20:        1.000       62.450       63.450       42.450       62.450
    25:        1.000       25.000       80.000       15.000       15.150
    30:        2.000      103.000      178.000      128.000      133.400
    35:        2.000      148.400      149.400      128.400      148.400
    40:        2.000      113.000      168.000      103.000      103.150
    45:        3.000      193.000      268.000      218.000      223.270
    50:        3.000      238.270      239.270      218.270      238.270
    55:        3.000      203.000      258.000      193.000      193.150
    60:        4.000      284.000      359.000      309.000      314.140
    65:        4.000      329.140      330.140      309.140      329.140
    70:        4.000      294.000      349.000      284.000      284.150
    75:        5.000      376.000      451.000      401.000      406.220
    80:        5.000      421.220      422.220      401.220      421.220
    85:        5.000      386.000      441.000      376.000      376.150
    90:        6.000      464.000      539.000      489.000      494.020
    95:        6.000      509.020      510.020      489.020      509.020
   100:        6.000      474.000      529.000      464.000      464.150
   105:        7.000      554.000      629.000      579.000      584.310
   110:        7.000      599.310      600.310      579.310      599.310
   115:        7.000      564.000      619.000      554.000      554.150
   120:        8.000      646.000      721.000      671.000      676.160
   125:        8.000      691.160      692.160      671.160      691.160
   130:        8.000      656.000      711.000      646.000      646.150
   135:        9.000      740.000      815.000      765.000      770.400
   140:        9.000      785.400      786.400      765.400      785.400
   145:        9.000      750.000      805.000      740.000      740.150
   150:       10.000      830.000      905.000      855.000      860.220
   155:       10.000      875.220      876.220      855.220      875.220
   160:       10.000      840.000      895.000      830.000      830.150
   165:       11.000      919.000      994.000      944.000      949.320
   170:       11.000      964.320      965.320      944.320      964.320
   175:       11.000      929.000      984.000      919.000      919.150
   180:       12.000     1008.000     1083.000     1033.000     1038.200
   185:       12.000     1053.200     1054.200     1033.200     1053.200
   190:       12.000     1018.000     1073.000     1008.000     1008.150
   195:       13.000     1097.000     1172.000     1122.000     1127.190
   200:       13.000     1142.190     1143.190     1122.190     1142.190
   205:       13.000     1107.000     1162.000     1097.000     1097.150
   210:       14.000     1189.000     1264.000     1214.000     1219.290
   215:       14.000     1234.290     1235.290     1214.290     1234.290
   220:       14.000     1199.000     1254.000     1189.000     1189.150
   225:       15.000     1281.000     1356.000     1306.000     1311.110
   230:       15.000     1326.110     1327.110     1306.110     1326.110
   235:       15.000     1291.000     1346.000     1281.000     1281.150
   240:       16.000     1374.000     1449.000     1399.000     1404.150
   245:       16.000     1419.150     1420.150     1399.150     1419.150
   250:       16.000     1384.000     1439.000     1374.000     1374.150
   255:       17.000     1465.000     1540.000     1490.000     1495.280
   260:       17.000     1510.280     1511.280     1490.280     1510.280
   265:       17.000     1475.000     1530.000     1465.000     1465.150
   270:       18.000     1554.000     1629.000     1579.000     1593.960
   275:       18.000     1608.960     1609.960     1588.960     1608.960
   280:       18.000     1564.000     1619.000     1554.000     1554.150
   285:       19.000     1644.000     1719.000     1669.000     1674.190
   290:       19.000     1689.190     1690.190     1669.190     1689.190
   295:       19.000     1654.000     1709.000     1644.000     1644.150
   300:       20.000     1732.000     1807.000     1757.000     1762.250
   305:       20.000     1777.250     1778.250     1757.250     1777.250
   310:       20.000     1742.000     1797.000     1732.000     1732.150
   315:       21.000     1826.000     1901.000     1851.000     1856.190
   320:       21.000     1871.190     1872.190     1851.190     1871.190
   325:       21.000     1836.000     1891.000     1826.000     1826.150
   330:       22.000     1911.000     1986.000     1936.000     1941.510
   335:       22.000     1956.510     1957.510     1936.510     1956.510
   340:       22.000     1921.000     1976.000     1911.000     1911.150
   345:       23.000     2000.000     2075.000     2025.000     2030.260
   350:       23.000     2045.260     2046.260     2025.260     2045.260
   355:       23.000     2010.000     2065.000     2000.000     2000.150
   360:       24.000     2095.000     2170.000     2120.000     2126.150
   365:       24.000     2141.150     2142.150     2121.150     2141.150
   370:       24.000     2105.000     2160.000     2095.000     2095.150
   375:       25.000     2186.000     2261.000     2211.000     2216.300
   380:       25.000     2231.300     2232.300     2211.300     2231.300
   385:       25.000     2196.000     2251.000     2186.000     2186.150
   390:       26.000     2275.000     2350.000     2300.000     2305.180
   395:       26.000     2320.180     2321.180     2300.180     2320.180
   400:       26.000     2285.000     2340.000     2275.000     2275.150
   405:       27.000     2365.000     2440.000     2390.000     2395.250
   410:       27.000     2410.250     2411.250     2390.250     2410.250
   415:       27.000     2375.000     2430.000     2365.000     2365.150
   420:       28.000     2454.000     2529.000     2479.000     2484.710
   425:       28.000     2499.710     2500.710     2479.710     2499.710
   430:       28.000     2464.000     2519.000     2454.000     2454.150
   435:       29.000     2548.000     2623.000     2573.000     2578.190
   440:       29.000     2593.190     2594.190     2573.190     2593.190
   445:       29.000     2558.000     2613.000     2548.000     2548.150
   450:       30.000     2636.000     2711.000     2661.000     2666.160
   455:       30.000     2681.160     2682.160     2661.160     2681.160
   460:       30.000     2646.000     2701.000     2636.000     2636.150
   465:       31.000     2725.000     2800.000     2750.000     2770.000
   470:       31.000        0.000        0.000        0.000        0.000
   475:       31.000     2735.000     2790.000     2725.000     2725.150
   480:       32.000     2812.000     2887.000     2837.000     2842.110
   485:       32.000     2857.110     2858.110     2837.110     2857.110
   490:       32.000     2822.000     2877.000     2812.000     2812.150
   495:       33.000     2904.000     2979.000     2929.000     2934.190
   500:       33.000     2949.190     2950.190     2929.190     2949.190
   505:       33.000     2914.000     2969.000     2904.000     2904.150
   510:       34.000     2992.000     3067.000     3017.000     3022.400
   515:       34.000     3037.400     3038.400     3017.400     3037.400
   520:       34.000     3002.000     3057.000     2992.000     2992.150
   525:       35.000     3085.000     3160.000     3110.000     3115.300
   530:       35.000     3130.300     3131.300     3110.300     3130.300
   535:       35.000     3095.000     3150.000     3085.000     3085.150
   540:       36.000     3174.000     3249.000     3199.000     3204.310
   545:       36.000     3219.310     3220.310     3199.310     3219.310
   550:       36.000     3184.000     3239.000     3174.000     3174.150
   555:       37.000     3263.000     3338.000     3288.000     3293.150
   560:       37.000     3308.150     3309.150     3288.150     3308.150
   565:       37.000     3273.000     3328.000     3263.000     3263.150
   570:       38.000     3352.000     3427.000     3377.000     3382.190
   575:       38.000     3397.190     3398.190     3377.190     3397.190
   580:       38.000     3362.000     3417.000     3352.000     3352.150
   585:       39.000     3440.000     3515.000     3465.000     3470.150
   590:       39.000     3485.150     3486.150     3465.150     3485.150
   595:       39.000     3450.000     3505.000     3440.000     3440.150
   600:       40.000     3531.000     3606.000     3556.000     3561.200
   605:       40.000     3576.200     3577.200     3556.200     3576.200
   610:       40.000     3541.000     3596.000     3531.000     3531.150
   615:       41.000     3621.000     3696.000     3646.000     3651.140
   620:       41.000     3666.140     3667.140     3646.140     3666.140
   625:       41.000     3631.000     3686.000     3621.000     3621.150
   630:       42.000     3713.000     3788.000     3738.000     3743.270
   635:       42.000     3758.270     3759.270     3738.270     3758.270
   640:       42.000     3723.000     3778.000     3713.000     3713.150
   645:       43.000     3803.000     3878.000     3828.000     3833.120
   650:       43.000     3848.120     3849.120     3828.120     3848.120
   655:       43.000     3813.000     3868.000     3803.000     3803.150
   660:       44.000     3893.000     3968.000     3918.000     3923.420
   665:       44.000     3938.420     3939.420     3918.420     3938.420
   670:       44.000     3903.000     3958.000     3893.000     3893.150
   675:       45.000     3983.000     4058.000     4008.000     4013.140
   680:       45.000     4028.140     4029.140     4008.140     4028.140
   685:       45.000     3993.000     4048.000     3983.000     3983.150
   690:       46.000     4073.000     4148.000     4098.000     4103.320
   695:       46.000     4118.320     4119.320     4098.320     4118.320
   700:       46.000     4083.000     4138.000     4073.000     4073.150
   705:       47.000     4164.000     4239.000     4189.000     4194.120
   710:       47.000     4209.120     4210.120     4189.120     4209.120
   715:       47.000     4174.000     4229.000     4164.000     4164.150
   720:       48.000     4255.000     4330.000     4280.000     4285.120
   725:       48.000     4300.120     4301.120     4280.120     4300.120
   730:       48.000     4265.000     4320.000     4255.000     4255.150
   735:       49.000     4347.000     4422.000     4372.000     4377.250
   740:       49.000     4392.250     4393.250     4372.250     4392.250
   745:       49.000     4357.000     4412.000     4347.000     4347.150
   750:       50.000     4438.000     4513.000     4463.000     4468.290
   755:       50.000     4483.290     4484.290     4463.290     4483.290
   760:       50.000     4448.000     4503.000     4438.000     4438.150
   765:       51.000     4527.000     4602.000     4552.000     4557.680
   770:       51.000     4572.680     4573.680     4552.680     4572.680
   775:       51.000     4537.000     4592.000     4527.000     4527.150
   780:       52.000     4618.000     4693.000     4643.000     4648.250
   785:       52.000     4663.250     4664.250     4643.250     4663.250
   790:       52.000     4628.000     4683.000     4618.000     4618.150
   795:       53.000     4712.000     4787.000     4737.000     4742.340
   800:       53.000     4757.340     4758.340     4737.340     4757.340
   805:       53.000     4722.000     4777.000     4712.000     4712.150
   810:       54.000     4798.000     4873.000     4823.000     4828.220
   815:       54.000     4843.220     4844.220     4823.220     4843.220
   820:       54.000     4808.000     4863.000     4798.000     4798.150
   825:       55.000     4890.000     4965.000     4915.000     4926.300
   830:       55.000     4941.300     4942.300     4921.300     4941.300
   835:       55.000     4900.000     4955.000     4890.000     4890.150
   840:       56.000     4981.000     5056.000     5006.000     5011.210
   845:       56.000     5026.210     5027.210     5006.210     5026.210
   850:       56.000     4991.000     5046.000     4981.000     4981.150
   855:       57.000     5073.000     5148.000     5098.000     5103.200
   860:       57.000     5118.200     5119.200     5098.200     5118.200
   865:       57.000     5083.000     5138.000     5073.000     5073.150
   870:       58.000     5166.000     5241.000     5191.000     5196.560
   875:       58.000     5211.560     5212.560     5191.560     5211.560
   880:       58.000     5176.000     5231.000     5166.000     5166.150
   885:       59.000     5257.000     5332.000     5282.000     5287.260
   890:       59.000     5302.260     5303.260     5282.260     5302.260
   895:       59.000     5267.000     5322.000     5257.000     5257.150
   900:       60.000     5344.000     5419.000     5369.000     5374.330
   905:       60.000     5389.330     5390.330     5369.330     5389.330
   910:       60.000     5354.000     5409.000     5344.000     5344.150
   915:       61.000     5435.000     5510.000     5460.000     5465.220
   920:       61.000     5480.220     5481.220     5460.220     5480.220
   925:       61.000     5445.000     5500.000     5435.000     5435.150
   930:       62.000     5523.000     5598.000     5548.000     5553.230
   935:       62.000     5568.230     5569.230     5548.230     5568.230
   940:       62.000     5533.000     5588.000     5523.000     5523.150
   945:       63.000     5614.000     5689.000     5639.000     5644.160
   950:       63.000     5659.160     5660.160     5639.160     5659.160
   955:       63.000     5624.000     5679.000     5614.000     5614.150
   960:       64.000     5703.000     5778.000     5728.000     5734.210
   965:       64.000     5749.210     5750.210     5729.210     5749.210
   970:       64.000     5713.000     5768.000     5703.000     5703.150
   975:       65.000     5792.000     5867.000     5817.000     5830.500
   980:       65.000     5845.500     5846.500     5825.500     5845.500
   985:       65.000     5802.000     5857.000     5792.000     5792.150
   990:       66.000     5883.000     5958.000     5908.000     5913.570
   995:       66.000     5928.570     5929.570     5908.570     5928.570
  1000:       66.000     5893.000     5948.000     5883.000     5883.150
  1005:       67.000     5977.000     6052.000     6002.000     6009.060
  1010:       67.000     6024.060     6025.060     6004.060     6024.060
  1015:       67.000     5987.000     6042.000     5977.000     5977.150
  1020:       68.000     6066.000     6141.000     6091.000     6096.280
  1025:       68.000     6111.280     6112.280     6091.280     6111.280
  1030:       68.000     6076.000     6131.000     6066.000     6066.150
  1035:       69.000     6151.000     6226.000     6176.000     6181.470
  1040:       69.000     6196.470     6197.470     6176.470     6196.470
  1045:       69.000     6161.000     6216.000     6151.000     6151.150
  1050:       70.000     6243.000     6318.000     6268.000     6273.600
  1055:       70.000     6288.600     6289.600     6268.600     6288.600
  1060:       70.000     6253.000     6308.000     6243.000     6243.150
  1065:       71.000     6330.000     6405.000     6355.000     6360.150
  1070:       71.000     6375.150     6376.150     6355.150     6375.150
  1075:       71.000     6340.000     6395.000     6330.000     6330.150
  1080:       72.000     6423.000     6498.000     6448.000     6453.210
  1085:       72.000     6468.210     6469.210     6448.210     6468.210
  1090:       72.000     6433.000     6488.000     6423.000     6423.150
  1095:       73.000     6510.000     6585.000     6535.000     6540.660
  1100:       73.000     6555.660     6556.660     6535.660     6555.660
  1105:       73.000     6520.000     6575.000     6510.000     6510.150
  1110:       74.000     6600.000     6675.000     6625.000     6630.200
  1115:       74.000     6645.200     6646.200     6625.200     6645.200
  1120:       74.000     6610.000     6665.000     6600.000     6600.150
  1125:       75.000     6689.000     6764.000     6714.000     6719.190
  1130:       75.000     6734.190     6735.190     6714.190     6734.190
  1135:       75.000     6699.000     6754.000     6689.000     6689.150
  1140:       76.000     6782.000     6857.000     6807.000     6812.170
  1145:       76.000     6827.170     6828.170     6807.170     6827.170
  1150:       76.000     6792.000     6847.000     6782.000     6782.150
  1155:       77.000     6872.000     6947.000     6897.000     6903.110
  1160:       77.000     6918.110     6919.110     6898.110     6918.110
  1165:       77.000     6882.000     6937.000     6872.000     6872.150
  1170:       78.000     6963.000     7038.000     6988.000     6993.220
  1175:       78.000     7008.220     7009.220     6988.220     7008.220
  1180:       78.000     6973.000     7028.000     6963.000     6963.150
  1185:       79.000     7053.000     7128.000     7078.000     7084.420
  1190:       79.000     7099.420     7100.420     7079.420     7099.420
  1195:       79.000     7063.000     7118.000     7053.000     7053.150
  1200:       80.000     7140.000     7215.000     7165.000     7171.200
  1205:       80.000     7186.200     7187.200     7166.200     7186.200
  1210:       80.000     7150.000     7205.000     7140.000     7140.150
  1215:       81.000     7231.000     7306.000     7256.000     7261.120
  1220:       81.000     7276.120     7277.120     7256.120     7276.120
  1225:       81.000     7241.000     7296.000     7231.000     7231.150
  1230:       82.000     7321.000     7396.000     7346.000     7351.200
  1235:       82.000     7366.200     7367.200     7346.200     7366.200
  1240:       82.000     7331.000     7386.000     7321.000     7321.150
  1245:       83.000     7411.000     7486.000     7436.000     7441.390
  1250:       83.000     7456.390     7457.390     7436.390     7456.390
  1255:       83.000     7421.000     7476.000     7411.000     7411.150
  1260:       84.000     7500.000     7575.000     7525.000     7530.580
  1265:       84.000     7545.580     7546.580     7525.580     7545.580
  1270:       84.000     7510.000     7565.000     7500.000     7500.150
  1275:       85.000     7591.000     7666.000     7616.000     7621.850
  1280:       85.000     7636.850     7637.850     7616.850     7636.850
  1285:       85.000     7601.000     7656.000     7591.000     7591.150
  1290:       86.000     7679.000     7754.000     7704.000     7709.380
  1295:       86.000     7724.380     7725.380     7704.380     7724.380
  1300:       86.000     7689.000     7744.000     7679.000     7679.150
  1305:       87.000     7770.000     7845.000     7795.000     7800.580
  1310:       87.000     7815.580     7816.580     7795.580     7815.580
  1315:       87.000     7780.000     7835.000     7770.000     7770.150
  1320:       88.000     7862.000     7937.000     7887.000     7892.230
  1325:       88.000     7907.230     7908.230     7887.230     7907.230
  1330:       88.000     7872.000     7927.000     7862.000     7862.150
  1335:       89.000     7950.000     8025.000     7975.000     7980.280
  1340:       89.000     7995.280     7996.280     7975.280     7995.280
  1345:       89.000     7960.000     8015.000     7950.000     7950.150
  1350:       90.000     8039.000     8114.000     8064.000     8070.230
  1355:       90.000     8085.230     8086.230     8065.230     8085.230
  1360:       90.000     8049.000     8104.000     8039.000     8039.150
  1365:       91.000     8127.000     8202.000     8152.000     8157.090
  1370:       91.000     8172.090     8173.090     8152.090     8172.090
  1375:       91.000     8137.000     8192.000     8127.000     8127.150
  1380:       92.000     8214.000     8289.000     8239.000     8244.480
  1385:       92.000     8259.480     8260.480     8239.480     8259.480
  1390:       92.000     8224.000     8279.000     8214.000     8214.150
  1395:       93.000     8301.000     8376.000     8326.000     8331.180
  1400:       93.000     8346.180     8347.180     8326.180     8346.180
  1405:       93.000     8311.000     8366.000     8301.000     8301.150
  1410:       94.000     8389.000     8464.000     8414.000     8419.500
  1415:       94.000     8434.500     8435.500     8414.500     8434.500
  1420:       94.000     8399.000     8454.000     8389.000     8389.150
  1425:       95.000     8480.000     8555.000     8505.000     8510.110
  1430:       95.000     8525.110     8526.110     8505.110     8525.110
  1435:       95.000     8490.000     8545.000     8480.000     8480.150
  1440:       96.000     8573.000     8648.000     8598.000     8603.260
  1445:       96.000     8618.260     8619.260     8598.260     8618.260
  1450:       96.000     8583.000     8638.000     8573.000     8573.150
  1455:       97.000     8663.000     8738.000     8688.000     8693.020
  1460:       97.000     8708.020     8709.020     8688.020     8708.020
  1465:       97.000     8673.000     8728.000     8663.000     8663.150
  1470:       98.000     8749.000     8824.000     8774.000     8779.200
  1475:       98.000     8794.200     8795.200     8774.200     8794.200
  1480:       98.000     8759.000     8814.000     8749.000     8749.150
  1485:       99.000     8838.000     8913.000     8863.000     8868.460
  1490:       99.000     8883.460     8884.460     8863.460     8883.460
  1495:       99.000     8848.000     8903.000     8838.000     8838.150
  1500:      100.000     8925.000     9000.000     8950.000     8955.410
  1505:      100.000     8970.410     8971.410     8950.410     8970.410
  1510:      100.000     8935.000     8990.000     8925.000     8925.150
F:
     0:       54.600       54.640       55.870       60.870       61.380
     5:       61.810       63.110       66.310       67.070      135.590
    10:      138.810      139.180      139.210      139.360      139.780
    15:      140.850      141.340      143.560      144.150      144.230
    20:      147.390      148.670      150.670      150.750      225.450
    25:      228.490      231.290      232.250      232.900      233.510
    30:      235.140      235.630      238.390      318.320      321.760
    35:      322.630      324.130      324.760      324.830      325.610
    40:      325.970      326.960      327.010      327.670      328.250
    45:      328.710      329.570      411.060      412.610      413.040
    50:      415.030      415.340      415.750      416.100      416.580
    55:      417.280      418.710      418.890      419.930      420.160
    60:      421.500      421.980      481.690      496.190      499.370
    65:      499.760      500.510      500.550      501.880      502.380
    70:      502.660      504.400      504.570      504.680      504.770
    75:      505.810      506.270      506.870      507.910      507.940
    80:      508.940      509.330      511.400      591.440      591.710
    85:      592.330      592.860      593.150      593.930      594.380
    90:      595.120      596.540      596.800      597.050      597.140
    95:      597.600      597.920      598.570      599.560      601.700
   100:      684.240      685.370      686.480      687.480      687.600
   105:      687.840      689.540      689.970      690.590      693.990
   110:      695.410      774.750      775.000      776.830      777.000
   115:      777.240      778.040      778.520      778.750      779.130
   120:      779.190      779.310      779.700      780.870      782.470
   125:      783.430      783.800      784.930      785.570      788.770
   130:      789.170      789.970      790.130      790.290      866.460
   135:      868.220      870.620      870.920      871.170      871.420
   140:      871.500      874.230      875.030      875.130      875.360
   145:      957.880      958.050      958.510      959.300      960.100
   150:      960.820      963.200      963.340      964.090      965.140
   155:      966.980     1044.390     1046.040     1046.220     1048.110
   160:     1048.310     1049.470     1049.870     1050.150     1050.540
   165:     1050.970     1051.020     1051.580     1051.720     1052.800
   170:     1054.250     1111.700     1134.460     1136.330     1137.200
   175:     1137.390     1137.530     1140.350     1140.910     1141.650
   180:     1225.400     1225.530     1227.840     1229.290     1230.380
   185:     1230.480     1230.640     1231.270     1231.480     1232.160
   190:     1232.360     1232.560     1232.570     1237.090     1237.370
   195:     1316.870     1318.150     1319.380     1320.350     1320.470
   200:     1320.630     1320.870     1322.110     1322.150     1322.430
   205:     1323.400     1325.710     1325.810     1326.260     1328.410
   210:     1328.440     1329.080     1329.710     1408.790     1409.990
   215:     1411.160     1411.400     1411.550     1411.650     1412.000
   220:     1412.530     1413.370     1414.550     1416.240     1417.130
   225:     1418.410     1418.740     1419.420     1421.830     1424.790
   230:     1500.510     1502.270     1502.720     1503.310     1504.470
   235:     1506.150     1506.670     1507.020     1507.890     1508.110
   240:     1508.430     1510.490     1598.930     1599.260     1599.430
   245:     1599.490     1601.000     1601.130     1601.290     1601.490
   250:     1601.730     1602.450     1603.660     1603.750     1604.900
   255:     1606.550     1606.660     1609.200     1612.980     1613.430
   260:     1613.750     1614.520     1659.540     1677.970     1678.150
   265:     1678.560     1679.090     1679.330     1679.790     1680.410
   270:     1682.900     1683.700     1683.850     1684.790     1685.290
   275:     1685.440     1685.710     1686.180     1689.430     1691.990
   280:     1693.080     1694.430     1698.380     1698.820     1701.330
   285:     1701.910     1702.360     1704.780     1766.380     1766.580
   290:     1768.940     1769.190     1769.520     1769.730     1769.930
   295:     1770.740     1770.780     1770.940     1771.990     1772.190
   300:     1773.010     1774.570     1775.510     1776.470     1777.130
   305:     1780.580     1784.550     1860.330     1860.620     1861.180
   310:     1861.310     1862.450     1862.930     1863.390     1863.530
   315:     1864.630     1865.080     1865.530     1866.570     1866.870
   320:     1866.910     1867.850     1868.060     1868.310     1870.430
   325:     1871.090     1871.320     1873.080     1945.720     1946.100
   330:     1946.950     1947.410     1948.740     1949.370     1950.170
   335:     1951.660     1952.580     1955.120     1955.820     1956.150
   340:     1956.480     1960.040     1960.370     2034.650     2035.560
   345:     2035.780     2035.900     2035.970     2037.880     2040.270
   350:     2041.000     2041.470     2042.430     2042.480     2043.660
   355:     2044.520     2045.420     2049.520     2109.480     2109.710
   360:     2109.950     2111.440     2114.530     2115.560     2116.000
   365:     2116.020     2116.140     2116.380     2117.430     2119.280
   370:     2120.050     2120.090     2128.280     2128.420     2130.540
   375:     2134.190     2134.660     2134.840     2136.070     2136.230
   380:     2136.840     2136.960     2137.140     2137.420     2137.510
   385:     2137.920     2137.970     2139.960     2140.680     2140.840
   390:     2141.370     2144.860     2145.250     2145.460     2146.380
   395:     2148.800     2210.490     2222.340     2222.640     2222.790
   400:     2223.760     2223.840     2225.310     2226.810     2228.290
   405:     2228.590     2228.910     2229.480     2230.290     2231.140
   410:     2310.410     2311.760     2313.120     2313.200     2313.760
   415:     2313.900     2314.130     2314.480     2315.180     2315.400
   420:     2317.910     2318.410     2319.530     2319.820     2397.350
   425:     2398.720     2398.920     2399.720     2400.510     2400.670
   430:     2400.990     2401.230     2401.590     2402.030     2402.770
   435:     2403.650     2406.310     2408.360     2408.680     2409.500
   440:     2474.530     2478.670     2487.210     2487.580     2488.590
   445:     2488.650     2489.490     2489.510     2491.950     2492.870
   450:     2493.060     2493.830     2495.130     2496.460     2499.450
   455:     2501.470     2503.580     2518.150     2568.420     2571.020
   460:     2571.250     2584.660     2585.510     2585.790     2586.390
   465:     2586.720     2588.020     2588.090     2589.740     2590.440
   470:     2591.270     2592.480     2592.870     2595.030     2596.240
   475:     2597.200     2670.800     2671.670     2672.470     2672.530
   480:     2675.030     2676.920     2677.000     2677.560     2678.200
   485:     2678.580     2679.370     2680.260     2683.920     2684.100
   490:     2684.870     2685.250     2776.190     2777.410     2777.540
   495:     2778.610     2779.490     2780.660     2780.710     2781.410
   500:     2781.720     2783.070     2783.290     2784.640     2784.990
   505:     2786.340     2786.760     2786.860     2786.960     2788.170
   510:     2789.970     2830.330     2847.100     2847.200     2848.610
   515:     2848.850     2849.370     2849.880     2851.790     2851.840
   520:     2852.800     2854.370     2856.810     2861.690     2864.160
   525:     2864.680     2865.130     2865.640     2867.240     2937.760
   530:     2939.100     2940.620     2941.130     2941.290     2942.160
   535:     2942.400     2942.830     2944.160     2945.160     2948.240
   540:     2949.330     2952.500     3014.030     3014.730     3024.430
   545:     3025.300     3025.450     3025.590     3025.720     3025.990
   550:     3027.360     3028.320     3029.110     3030.000     3030.790
   555:     3030.900     3031.350     3032.150     3032.970     3033.300
   560:     3034.350     3035.940     3037.740     3041.310     3118.850
   565:     3118.980     3121.180     3121.870     3122.060     3124.530
   570:     3124.590     3125.210     3125.220     3126.630     3128.020
   575:     3128.220     3128.860     3129.020     3129.570     3129.690
   580:     3130.290     3131.800     3210.510     3212.660     3214.100
   585:     3214.600     3215.480     3216.060     3217.120     3217.780
   590:     3218.960     3295.030     3296.250     3297.440     3298.840
   595:     3299.700     3301.130     3302.700     3303.270     3303.830
   600:     3304.170     3304.850     3305.980     3307.630     3308.630
   605:     3311.310     3311.530     3385.720     3387.480     3387.530
   610:     3389.300     3390.020     3390.700     3391.480     3392.270
   615:     3392.410     3393.640     3393.870     3395.670     3397.130
   620:     3397.190     3397.270     3471.970     3472.660     3472.890
   625:     3473.000     3473.760     3473.890     3475.370     3476.200
   630:     3478.000     3478.070     3478.340     3478.490     3478.790
   635:     3479.210     3479.990     3480.960     3484.700     3488.630
   640:     3488.770     3563.240     3564.400     3564.950     3565.450
   645:     3566.150     3566.960     3569.110     3570.020     3571.500
   650:     3571.620     3571.740     3572.660     3574.010     3574.180
   655:     3574.210     3575.270     3575.920     3576.610     3580.530
   660:     3654.500     3654.570     3656.360     3658.330     3658.520
   665:     3659.070     3659.900     3660.090     3660.130     3661.760
   670:     3662.260     3665.400     3666.510     3667.270     3747.120
   675:     3748.130     3748.230     3748.800     3750.050     3750.770
   680:     3751.180     3751.890     3752.320     3753.190     3753.640
   685:     3754.950     3755.050     3755.500     3756.540     3756.650
   690:     3757.640     3757.950     3758.180     3821.170     3821.500
   695:     3834.780     3837.820     3838.400     3838.590     3838.680
   700:     3839.760     3839.850     3840.120     3840.700     3841.180
   705:     3841.550     3841.840     3843.260     3843.590     3846.390
   710:     3848.300     3851.970     3853.410     3917.190     3926.990
   715:     3927.140     3928.960     3930.020     3930.520     3930.800
   720:     3931.240     3931.950     3932.630     3933.570     3934.420
   725:     3936.360     3936.800     3937.270     3937.520     3937.610
   730:     3938.540     3938.750     3939.750     3940.390     3941.040
   735:     3947.120     3947.180     4015.270     4015.860     4016.870
   740:     4016.980     4017.360     4017.810     4019.150     4019.500
   745:     4021.850     4022.100     4022.440     4022.540     4022.760
   750:     4022.820     4024.480     4024.800     4025.370     4027.070
   755:     4027.100     4027.640     4030.830     4031.060     4031.570
   760:     4108.240     4108.930     4109.200     4110.290     4111.440
   765:     4112.440     4113.000     4113.350     4115.110     4116.100
   770:     4116.520     4116.540     4117.400     4117.530     4117.660
   775:     4117.950     4118.140     4195.570     4196.100     4196.660
   780:     4199.650     4201.220     4201.620     4201.810     4201.840
   785:     4203.930     4204.500     4205.080     4205.590     4205.980
   790:     4207.360     4208.520     4210.940     4212.730     4287.110
   795:     4287.750     4288.660     4288.770     4288.930     4289.210
   800:     4289.270     4289.380     4289.600     4292.150     4293.710
   805:     4294.180     4294.540     4294.560     4294.630     4294.830
   810:     4296.620     4296.700     4297.490     4297.780     4298.110
   815:     4298.370     4298.960     4299.130     4299.430     4300.320
   820:     4300.790     4302.820     4303.230     4378.960     4379.510
   825:     4379.750     4380.520     4381.860     4382.030     4383.070
   830:     4384.540     4384.930     4385.240     4385.270     4385.630
   835:     4387.080     4388.680     4389.920     4390.400     4390.480
   840:     4391.440     4398.060     4469.610     4470.230     4470.740
   845:     4471.320     4471.420     4471.470     4472.320     4474.550
   850:     4475.200     4476.030     4476.130     4476.820     4477.120
   855:     4477.930     4478.140     4478.880     4479.180     4479.410
   860:     4479.650     4481.120     4482.600     4482.950     4483.720
   865:     4486.710     4551.760     4559.450     4559.960     4563.180
   870:     4563.360     4564.390     4565.620     4565.970     4566.160
   875:     4566.190     4567.370     4567.400     4567.470     4567.910
   880:     4568.870     4569.540     4569.770     4570.880     4572.020
   885:     4572.240     4572.940     4651.350     4651.740     4651.790
   890:     4652.450     4652.650     4653.290     4653.370     4653.990
   895:     4654.040     4655.340     4655.430     4656.590     4657.340
   900:     4657.430     4658.310     4659.980     4661.260     4661.720
   905:     4662.890     4666.720     4667.130     4744.060     4744.370
   910:     4745.480     4747.660     4748.900     4749.950     4750.760
   915:     4751.620     4752.530     4753.600     4754.120     4754.350
   920:     4755.390     4756.840     4758.080     4830.920     4832.810
   925:     4834.210     4836.730     4838.700     4841.210     4841.830
   930:     4844.660     4927.230     4933.330     4934.230     4935.270
   935:     4936.730     4936.840     4938.300     4939.320     4939.780
   940:     4939.970     4940.430     4941.530     5017.060     5018.790
   945:     5018.860     5021.110     5021.540     5022.100     5022.360
   950:     5022.480     5022.520     5025.950     5026.380     5029.090
   955:     5029.240     5035.640     5104.700     5106.950     5107.550
   960:     5107.700     5108.100     5108.300     5109.070     5109.960
   965:     5111.920     5114.090     5116.410     5120.290     5121.410
   970:     5121.560     5122.230     5122.400     5122.560     5189.030
   975:     5189.900     5197.840     5198.190     5199.210     5199.370
   980:     5199.700     5199.970     5200.460     5201.010     5201.180
   985:     5203.950     5204.070     5205.450     5205.820     5206.200
   990:     5206.500     5207.420     5209.140     5209.340     5209.780
   995:     5211.900     5214.380     5289.720     5290.190     5290.600
  1000:     5291.170     5292.930     5294.280     5295.300     5296.370
  1005:     5298.230     5298.320     5300.170     5301.150     5302.020
  1010:     5302.300     5303.840     5306.790     5306.860     5310.040
  1015:     5379.810     5380.720     5381.240     5382.220     5382.440
  1020:     5382.750     5383.710     5384.060     5384.650     5385.550
  1025:     5386.050     5387.520     5387.660     5388.220     5388.250
  1030:     5388.630     5389.280     5393.610     5393.790     5395.250
  1035:     5395.550     5398.140     5402.550     5403.470     5404.190
  1040:     5404.290     5467.260     5469.120     5470.630     5470.860
  1045:     5471.150     5471.540     5472.840     5473.710     5474.440
  1050:     5474.750     5474.800     5474.910     5476.190     5476.590
  1055:     5476.620     5476.990     5478.340     5479.760     5479.780
  1060:     5485.610     5485.650     5487.320     5487.450     5555.090
  1065:     5555.990     5557.220     5558.030     5558.970     5559.680
  1070:     5562.080     5562.680     5566.680     5572.440     5572.580
  1075:     5572.710     5646.960     5647.150     5647.920     5648.020
  1080:     5648.300     5648.690     5649.080     5651.400     5651.890
  1085:     5652.210     5652.520     5652.680     5654.530     5655.260
  1090:     5655.980     5656.880     5657.280     5658.300     5659.160
  1095:     5659.760     5660.060     5662.600     5738.480     5741.750
  1100:     5741.940     5742.370     5743.270     5743.870     5747.750
  1105:     5747.870     5748.070     5748.740     5756.920     5845.830
  1110:     5905.020     5905.530     5916.340     5916.640     5918.010
  1115:     5918.450     5918.700     5919.340     5919.360     5919.420
  1120:     5920.810     5924.860     5926.740     5927.990     5928.180
  1125:     5996.900     5997.070     6000.150     6000.890     6001.790
  1130:     6010.160     6011.900     6012.400     6012.670     6013.020
  1135:     6014.170     6014.440     6014.740     6015.110     6015.450
  1140:     6015.910     6019.000     6021.420     6021.760     6022.180
  1145:     6022.900     6025.300     6029.560     6098.130     6098.390
  1150:     6099.040     6099.490     6100.240     6100.520     6100.780
  1155:     6100.960     6101.530     6101.960     6103.050     6105.490
  1160:     6107.020     6107.190     6107.380     6107.470     6107.890
  1165:     6109.920     6109.950     6110.150     6111.630     6115.010
  1170:     6182.810     6183.570     6184.040     6184.320     6184.600
  1175:     6184.960     6186.370     6188.740     6189.140     6189.550
  1180:     6189.600     6189.680     6190.400     6191.580     6191.620
  1185:     6192.410     6193.220     6193.530     6193.660     6193.940
  1190:     6194.370     6194.790     6195.960     6199.810     6199.910
  1195:     6200.240     6200.440     6200.640     6200.870     6201.620
  1200:     6201.680     6201.730     6277.750     6277.930     6278.230
  1205:     6278.480     6278.560     6278.740     6279.770     6279.820
  1210:     6280.170     6280.200     6281.450     6281.510     6281.770
  1215:     6281.980     6283.300     6283.360     6286.330     6286.650
  1220:     6286.820     6286.830     6287.560     6288.800     6295.460
  1225:     6295.700     6298.750     6299.220     6300.000     6303.850
  1230:     6303.970     6306.510     6306.980     6307.290     6307.530
  1235:     6363.130     6363.440     6364.170     6365.720     6365.970
  1240:     6366.100     6366.330     6367.670     6367.760     6368.530
  1245:     6369.030     6369.740     6370.930     6371.460     6373.120
  1250:     6374.970     6375.130     6375.410     6439.400     6455.160
  1255:     6455.900     6455.980     6456.250     6456.410     6456.970
  1260:     6457.110     6458.060     6459.340     6459.450     6460.240
  1265:     6461.360     6462.640     6463.570     6463.650     6464.120
  1270:     6464.550     6466.330     6469.060     6469.160     6469.280
  1275:     6542.420     6543.090     6543.930     6545.140     6545.370
  1280:     6545.590     6545.650     6545.850     6545.950     6546.030
  1285:     6546.090     6547.570     6547.650     6549.220     6549.740
  1290:     6550.200     6550.410     6550.750     6552.060     6552.520
  1295:     6555.240     6555.620     6555.960     6559.260     6632.170
  1300:     6632.720     6632.940     6633.650     6633.800     6633.890
  1305:     6634.110     6634.150     6635.610     6635.820     6636.170
  1310:     6636.660     6636.740     6638.750     6639.280     6639.550
  1315:     6640.160     6640.570     6641.500     6641.690     6641.720
  1320:     6643.600     6643.810     6644.090     6645.070     6645.190
  1325:     6722.210     6722.300     6722.710     6723.630     6724.010
  1330:     6724.050     6725.040     6725.400     6726.000     6727.450
  1335:     6728.940     6730.110     6730.160     6730.910     6734.290
  1340:     6816.350     6816.770     6817.070     6817.330     6818.270
  1345:     6818.420     6818.560     6819.840     6820.210     6820.890
  1350:     6821.470     6822.110     6822.360     6822.540     6822.660
  1355:     6822.790     6823.270     6824.580     6825.690     6825.920
  1360:     6826.090     6826.310     6826.540     6826.800     6827.120
  1365:     6829.720     6829.780     6890.210     6896.290     6897.170
  1370:     6904.550     6905.290     6905.350     6905.500     6906.590
  1375:     6906.670     6907.040     6907.460     6907.500     6907.640
  1380:     6908.910     6909.240     6909.340     6910.380     6910.510
  1385:     6910.850     6911.140     6911.290     6911.610     6911.730
  1390:     6911.860     6912.050     6912.080     6912.140     6914.430
  1395:     6914.500     6915.610     6915.720     6917.320     6925.340
  1400:     6994.760     6995.050     6995.770     6996.130     6996.540
  1405:     6996.820     6996.910     6998.330     6999.170     6999.800
  1410:     7000.380     7000.720     7000.870     7001.020     7001.230
  1415:     7001.380     7003.760     7005.560     7005.650     7005.950
  1420:     7006.140     7006.500     7008.060     7014.160     7067.400
  1425:     7067.660     7067.710     7070.110     7070.330     7070.670
  1430:     7070.960     7071.400     7072.930     7073.170     7073.360
  1435:     7076.210     7076.430     7076.710     7076.870     7077.000
  1440:     7077.010     7077.450     7085.500     7085.770     7086.150
  1445:     7086.510     7087.700     7088.600     7089.380     7089.530
  1450:     7090.290     7091.390     7091.740     7092.190     7093.360
  1455:     7094.240     7094.370     7097.100     7098.280     7098.680
  1460:     7111.910     7173.380     7174.540     7176.650     7177.320
  1465:     7177.500     7177.680     7178.130     7178.670     7179.590
  1470:     7180.650     7181.240     7181.430     7182.190     7182.240
  1475:     7182.320     7182.950     7183.850     7184.120     7184.600
  1480:     7185.480     7186.700     7186.790     7186.980     7188.480
  1485:     7262.380     7262.740     7262.950     7263.570     7267.390
  1490:     7267.460     7268.020     7268.480     7269.370     7270.350
  1495:     7270.990     7271.360     7271.630     7271.900     7273.480
  1500:     7273.640     7273.790     7273.870     7274.650     7275.150
  1505:     7275.370     7276.320     7352.500     7352.980     7353.200
  1510:     7353.620     7354.310     7354.410     7355.170     7355.680
  1515:     7355.740     7357.020     7357.140     7357.990     7358.560
  1520:     7358.990     7359.030     7359.860     7359.880     7360.500
  1525:     7360.850     7361.160     7361.560     7362.670     7365.630
  1530:     7367.160     7369.830     7375.600     7442.680     7443.530
  1535:     7444.310     7444.720     7445.310     7446.030     7446.110
  1540:     7446.400     7446.630     7446.950     7448.320     7448.440
  1545:     7449.700     7450.100     7451.090     7451.300     7452.200
  1550:     7452.510     7453.070     7453.720     7454.720     7459.630
  1555:     7531.540     7532.090     7532.180     7532.230     7532.600
  1560:     7532.960     7533.090     7533.130     7534.930     7536.500
  1565:     7537.290     7537.780     7539.220     7540.030     7541.040
  1570:     7541.090     7541.550     7541.820     7543.360     7544.810
  1575:     7545.570     7546.220     7546.250     7548.570     7607.910
  1580:     7608.040     7608.100     7614.710     7622.780     7622.960
  1585:     7623.290     7623.690     7623.840     7624.080     7625.960
  1590:     7626.940     7627.920     7627.970     7628.120     7628.530
  1595:     7629.480     7630.170     7632.020     7632.680     7633.180
  1600:     7633.280     7633.490     7633.880     7634.350     7635.460
  1605:     7639.030     7713.800     7717.540     7718.550     7718.820
  1610:     7720.420     7721.750     7721.810     7723.150     7723.270
  1615:     7724.590     7724.900     7726.450     7801.320     7803.370
  1620:     7803.580     7804.340     7804.710     7805.650     7806.300
  1625:     7806.840     7807.160     7807.550     7808.310     7809.180
  1630:     7809.920     7810.130     7811.050     7811.240     7811.320
  1635:     7812.130     7812.250     7813.570     7814.760     7815.540
  1640:     7817.630     7893.140     7894.160     7894.380     7895.280
  1645:     7895.310     7895.460     7895.640     7896.660     7897.910
  1650:     7898.870     7900.550     7901.530     7901.760     7901.940
  1655:     7902.320     7903.730     7904.270     7905.040     7905.510
  1660:     7905.550     7907.710     7910.440     7911.580     7973.020
  1665:     7981.330     7981.580     7981.840     7982.730     7983.120
  1670:     7983.370     7983.420     7984.480     7985.340     7986.060
  1675:     7986.300     7986.450     7986.620     7987.160     7987.610
  1680:     7988.480     7989.310     7989.500     7989.970     7990.270
  1685:     7991.150     7991.180     7992.650     7993.480     7995.350
  1690:     7997.160     7997.660     7997.920     7998.190     8071.880
  1695:     8073.700     8074.120     8074.390     8074.770     8075.510
  1700:     8076.270     8077.290     8077.400     8077.870     8078.060
  1705:     8078.200     8078.240     8078.550     8079.740     8080.400
  1710:     8080.850     8080.890     8081.880     8082.000     8082.360
  1715:     8082.650     8083.070     8084.450     8084.850     8084.910
  1720:     8085.070     8085.230     8085.730     8087.790     8158.270
  1725:     8158.650     8158.870     8159.150     8159.550     8160.130
  1730:     8160.180     8160.270     8160.380     8161.370     8162.010
  1735:     8162.150     8164.380     8165.610     8166.650     8167.380
  1740:     8168.590     8171.130     8172.340     8177.200     8245.610
  1745:     8246.010     8246.250     8246.290     8246.560     8246.600
  1750:     8247.930     8248.570     8249.600     8250.590     8250.800
  1755:     8251.610     8252.040     8252.770     8252.830     8253.470
  1760:     8254.080     8254.990     8255.280     8255.290     8255.430
  1765:     8256.030     8256.620     8256.770     8257.540     8258.990
  1770:     8259.540     8263.780     8264.270     8264.580     8265.210
  1775:     8333.170     8333.310     8334.160     8334.990     8335.070
  1780:     8335.490     8336.580     8337.060     8337.590     8338.290
  1785:     8338.970     8339.300     8340.190     8340.310     8340.590
  1790:     8341.020     8341.790     8341.910     8343.280     8344.940
  1795:     8345.040     8345.980     8346.490     8349.710     8350.320
  1800:     8350.530     8350.720     8420.740     8421.280     8423.630
  1805:     8423.780     8424.050     8425.270     8425.530     8426.200
  1810:     8427.810     8427.990     8428.020     8428.980     8429.160
  1815:     8430.820     8432.190     8433.510     8433.800     8434.420
  1820:     8434.730     8439.170     8439.500     8442.160     8511.650
  1825:     8512.230     8512.390     8513.160     8513.960     8515.810
  1830:     8516.480     8517.900     8519.290     8521.170     8522.780
  1835:     8524.450     8525.230     8525.310     8528.430     8604.760
  1840:     8605.350     8605.530     8606.010     8606.040     8607.340
  1845:     8607.500     8607.610     8607.680     8608.870     8609.450
  1850:     8610.030     8610.090     8610.970     8611.450     8612.040
  1855:     8612.710     8612.950     8613.880     8614.250     8614.330
  1860:     8614.420     8614.460     8614.630     8614.880     8615.780
  1865:     8615.890     8616.080     8616.500     8618.430     8618.470
  1870:     8620.520     8693.980     8694.200     8694.870     8695.080
  1875:     8695.440     8696.370     8696.450     8696.590     8696.740
  1880:     8697.400     8697.490     8697.780     8697.810     8699.650
  1885:     8700.830     8701.060     8701.300     8702.280     8702.860
  1890:     8703.430     8704.880     8704.950     8705.050     8705.370
  1895:     8706.150     8707.030     8707.220     8707.770     8708.350
  1900:     8710.950     8711.670     8712.120     8780.000     8780.470
  1905:     8780.870     8781.100     8781.320     8782.470     8782.880
  1910:     8783.010     8784.540     8786.910     8788.440     8788.710
  1915:     8789.060     8789.100     8789.380     8790.030     8790.190
  1920:     8790.450     8792.370     8793.700     8794.020     8794.360
  1925:     8797.700     8797.930     8873.890     8875.300     8877.090
  1930:     8877.590     8877.700     8878.180     8878.600     8878.830
  1935:     8880.180     8882.580     8882.990     8883.460     8883.610
  1940:     8956.510     8956.830     8956.970     8957.010     8958.450
  1945:     8958.570     8959.530     8959.840     8961.180     8961.330
  1950:     8961.660     8963.270     8964.140     8965.150     8966.350
  1955:     8966.740     8967.490     8967.720     8968.460     8968.580
  1960:     8969.020     8969.890     8970.090     8970.320     8973.900
  1965:     8975.190
G:
     0:      281.940      383.090      922.560      922.850     1368.410
     5:     1368.950     1369.040     2195.920     2366.660     2367.050
    10:     2367.900     2371.750     2372.100     2372.240     2450.500
    15:     2451.430     2791.040     2791.610     2791.640     2791.930
    20:     2793.040     2793.110     2793.700     2795.810     2795.920
    25:     2796.480     2806.150     2806.210     3257.070     3271.380
    30:     6308.230     6308.300     6310.900     6313.550     6313.720
    35:     6316.830     6317.470     7502.230     7866.650     7870.610
    40:     7870.910     8134.890
H:
I:
K:
L:
     0:       42.450       47.220      128.400      218.270      309.140
     5:      401.220      489.020      579.310      671.160      765.400
    10:      855.220      944.320      949.110     1033.200     1122.190
    15:     1214.290     1306.110     1399.150     1490.280     1588.960
    20:     1669.190     1757.250     1851.190     1855.410     1936.510
    25:     2025.260     2121.150     2211.300     2300.180     2390.250
    30:     2479.710     2573.190     2661.160     2837.110     2837.390
    35:     2929.190     3017.400     3018.420     3110.300     3199.310
    40:     3288.150     3377.190     3465.150     3556.200     3646.140
    45:     3738.270     3828.120     3918.420     4008.140     4098.320
    50:     4189.120     4189.160     4193.180     4280.120     4372.250
    55:     4463.290     4552.680     4553.240     4643.250     4648.220
    60:     4737.340     4823.220     4921.300     5006.210     5098.200
    65:     5191.560     5282.260     5369.330     5460.220     5464.680
    70:     5548.230     5639.160     5729.210     5825.500     5908.570
    75:     6004.060     6004.940     6091.280     6176.470     6268.600
    80:     6355.150     6448.210     6535.660     6625.200     6714.190
    85:     6714.330     6807.170     6898.110     6898.390     6902.940
    90:     6988.220     7079.420     7083.880     7166.200     7256.120
    95:     7346.200     7436.390     7525.580     7616.850     7617.060
   100:     7704.380     7795.580     7887.230     7975.280     8065.230
   105:     8066.120     8152.090     8239.480     8326.180     8414.500
   110:     8505.110     8598.260     8688.020     8688.370     8774.200
   115:     8863.460     8867.680     8950.410
M:
     0:       10.000       12.000       12.000       13.000       14.000
     5:       17.000       12.000       15.000       16.000       14.000
    10:       12.000       15.000       14.000       14.000       12.000
    15:       14.000       15.000       14.000       16.000       10.000
    20:       15.000       14.000       16.000       17.000       15.000
    25:       14.000       18.000       12.000       14.000       16.000
    30:       11.000       13.000       13.000       14.000       15.000
    35:       18.000       13.000       16.000       17.000       15.000
    40:       13.000       16.000       15.000       15.000       13.000
    45:       15.000       16.000       15.000       17.000       11.000
    50:       16.000       15.000       17.000       18.000       16.000
    55:       15.000       19.000       13.000       15.000       17.000
    60:       12.000       14.000       14.000       15.000       16.000
    65:       19.000       14.000       17.000       18.000       16.000
    70:       14.000       17.000       16.000       16.000       14.000
    75:       16.000       17.000       16.000       18.000       12.000
    80:       17.000       16.000       18.000       19.000       17.000
    85:       16.000       20.000       14.000       16.000       19.000
    90:       13.000       14.000       13.000       19.000       13.000
    95:       15.000       14.000       13.000       14.000
P:
     0:       62.450       62.950       63.450      148.400      148.900
     5:      149.400      238.270      238.770      239.270      329.140
    10:      329.640      330.140      421.220      421.720      422.220
    15:      509.020      509.520      510.020      599.310      599.810
    20:      600.310      691.160      691.660      692.160      785.400
    25:      785.900      786.400      875.220      875.720      876.220
    30:      964.320      964.820      965.320     1053.200     1053.700
    35:     1054.200     1142.190     1142.690     1143.190     1234.290
    40:     1234.790     1235.290     1326.110     1326.610     1327.110
    45:     1419.150     1419.650     1420.150     1510.280     1510.780
    50:     1511.280     1608.960     1609.460     1609.960     1689.190
    55:     1689.690     1690.190     1777.250     1777.750     1778.250
    60:     1871.190     1871.690     1872.190     1956.510     1957.010
    65:     1957.510     2045.260     2045.760     2046.260     2141.150
    70:     2141.650     2142.150     2231.300     2231.800     2232.300
    75:     2320.180     2320.680     2321.180     2410.250     2410.750
    80:     2411.250     2499.710     2500.210     2500.710     2593.190
    85:     2593.690     2594.190     2681.160     2681.660     2682.160
    90:     2857.110     2857.610     2858.110     2949.190     2949.690
    95:     2950.190     3037.400     3037.900     3038.400     3130.300
   100:     3130.800     3131.300     3219.310     3219.810     3220.310
   105:     3308.150     3308.650     3309.150     3397.190     3397.690
   110:     3398.190     3485.150     3485.650     3486.150     3576.200
   115:     3576.700     3577.200     3666.140     3666.640     3667.140
   120:     3758.270     3758.770     3759.270     3848.120     3848.620
   125:     3849.120     3938.420     3938.920     3939.420     4028.140
   130:     4028.640     4029.140     4118.320     4118.820     4119.320
   135:     4209.120     4209.620     4210.120     4300.120     4300.620
   140:     4301.120     4392.250     4392.750     4393.250     4483.290
   145:     4483.790     4484.290     4572.680     4573.180     4573.680
   150:     4663.250     4663.750     4664.250     4757.340     4757.840
   155:     4758.340     4843.220     4843.720     4844.220     4941.300
   160:     4941.800     4942.300     5026.210     5026.710     5027.210
   165:     5118.200     5118.700     5119.200     5211.560     5212.060
   170:     5212.560     5302.260     5302.760     5303.260     5389.330
   175:     5389.830     5390.330     5480.220     5480.720     5481.220
   180:     5568.230     5568.730     5569.230     5659.160     5659.660
   185:     5660.160     5749.210     5749.710     5750.210     5845.500
   190:     5846.000     5846.500     5928.570     5929.070     5929.570
   195:     6024.060     6024.560     6025.060     6111.280     6111.780
   200:     6112.280     6196.470     6196.970     6197.470     6288.600
   205:     6289.100     6289.600     6375.150     6375.650     6376.150
   210:     6468.210     6468.710     6469.210     6555.660     6556.160
   215:     6556.660     6645.200     6645.700     6646.200     6734.190
   220:     6734.690     6735.190     6827.170     6827.670     6828.170
   225:     6918.110     6918.610     6919.110     7008.220     7008.720
   230:     7009.220     7099.420     7099.920     7100.420     7186.200
   235:     7186.700     7187.200     7276.120     7276.620     7277.120
   240:     7366.200     7366.700     7367.200     7456.390     7456.890
   245:     7457.390     7545.580     7546.080     7546.580     7636.850
   250:     7637.350     7637.850     7724.380     7724.880     7725.380
   255:     7815.580     7816.080     7816.580     7907.230     7907.730
   260:     7908.230     7995.280     7995.780     7996.280     8085.230
   265:     8085.730     8086.230     8172.090     8172.590     8173.090
   270:     8259.480     8259.980     8260.480     8346.180     8346.680
   275:     8347.180     8434.500     8435.000     8435.500     8525.110
   280:     8525.610     8526.110     8618.260     8618.760     8619.260
   285:     8708.020     8708.520     8709.020     8794.200     8794.700
   290:     8795.200     8883.460     8883.960     8884.460     8970.410
   295:     8970.910     8971.410
R:
     0:       42.450      128.400      218.270      309.140      401.220
     5:      489.020      579.310      671.160      765.400      855.220
    10:      944.320     1033.200     1122.190     1214.290     1306.110
    15:     1399.150     1490.280     1588.960     1669.190     1757.250
    20:     1851.190     1936.510     2025.260     2121.150     2211.300
    25:     2300.180     2390.250     2479.710     2573.190     2661.160
    30:     2837.110     2929.190     3017.400     3110.300     3199.310
    35:     3288.150     3377.190     3465.150     3556.200     3646.140
    40:     3738.270     3828.120     3918.420     4008.140     4098.320
    45:     4189.120     4280.120     4372.250     4463.290     4552.680
    50:     4643.250     4737.340     4823.220     4921.300     5006.210
    55:     5098.200     5191.560     5282.260     5369.330     5460.220
    60:     5548.230     5639.160     5729.210     5825.500     5908.570
    65:     6004.060     6091.280     6176.470     6268.600     6355.150
    70:     6448.210     6535.660     6625.200     6714.190     6807.170
    75:     6898.110     6988.220     7079.420     7166.200     7256.120
    80:     7346.200     7436.390     7525.580     7616.850     7704.380
    85:     7795.580     7887.230     7975.280     8065.230     8152.090
    90:     8239.480     8326.180     8414.500     8505.110     8598.260
    95:     8688.020     8774.200     8863.460     8950.410
V:
W:
     0:        1.000        1.000        1.000        1.000        1.000
     5:        1.000        1.000        1.000        1.000        1.000
    10:        1.000        1.000        1.000        1.000        1.000
    15:        1.000        1.000        1.000        1.000        1.000
    20:        1.000        1.000        1.000        1.000        1.000
    25:        1.000        1.000        1.000        1.000        1.000
    30:        1.000        1.000        1.000        1.000        1.000
    35:        1.000        1.000        1.000        1.000        1.000
    40:        1.000        1.000        1.000        1.000        1.000
    45:        1.000        1.000        1.000        1.000        1.000
    50:        1.000        1.000        1.000        1.000        1.000
    55:        1.000        1.000        1.000        1.000        1.000
    60:        1.000        1.000        1.000        1.000        1.000
    65:        1.000        1.000        1.000        1.000        1.000
    70:        1.000        1.000        1.000        1.000        1.000
    75:        1.000        1.000        1.000        1.000        1.000
    80:        1.000        1.000        1.000        1.000        1.000
    85:        1.000        1.000        1.000        1.000        1.000
    90:        1.000        1.000        1.000        1.000        1.000
    95:        1.000        1.000        1.000        1.000        1.000
   100:        1.000        1.000        1.000        1.000        1.000
   105:        1.000        1.000        1.000        1.000        1.000
X:
     0:       15.000       15.150      103.000      103.150      193.000
     5:      193.150      284.000      284.150      376.000      376.150
    10:      464.000      464.150      554.000      554.150      646.000
    15:      646.150      740.000      740.150      830.000      830.150
    20:      919.000      919.150     1008.000     1008.150     1097.000
    25:     1097.150     1189.000     1189.150     1281.000     1281.150
    30:     1374.000     1374.150     1465.000     1465.150     1554.000
    35:     1554.150     1644.000     1644.150     1732.000     1732.150
    40:     1826.000     1826.150     1911.000     1911.150     2000.000
    45:     2000.150     2095.000     2095.150     2186.000     2186.150
    50:     2275.000     2275.150     2365.000     2365.150     2454.000
    55:     2454.150     2548.000     2548.150     2636.000     2636.150
    60:     2725.000     2725.150     2812.000     2812.150     2904.000
    65:     2904.150     2992.000     2992.150     3085.000     3085.150
    70:     3174.000     3174.150     3263.000     3263.150     3352.000
    75:     3352.150     3440.000     3440.150     3531.000     3531.150
    80:     3621.000     3621.150     3713.000     3713.150     3803.000
    85:     3803.150     3893.000     3893.150     3983.000     3983.150
    90:     4073.000     4073.150     4164.000     4164.150     4255.000
    95:     4255.150     4347.000     4347.150     4438.000     4438.150
   100:     4527.000     4527.150     4618.000     4618.150     4712.000
   105:     4712.150     4798.000     4798.150     4890.000     4890.150
   110:     4981.000     4981.150     5073.000     5073.150     5166.000
   115:     5166.150     5257.000     5257.150     5344.000     5344.150
   120:     5435.000     5435.150     5523.000     5523.150     5614.000
   125:     5614.150     5703.000     5703.150     5792.000     5792.150
   130:     5883.000     5883.150     5977.000     5977.150     6066.000
   135:     6066.150     6151.000     6151.150     6243.000     6243.150
   140:     6330.000     6330.150     6423.000     6423.150     6510.000
   145:     6510.150     6600.000     6600.150     6689.000     6689.150
   150:     6782.000     6782.150     6872.000     6872.150     6963.000
   155:     6963.150     7053.000     7053.150     7140.000     7140.150
   160:     7231.000     7231.150     7321.000     7321.150     7411.000
   165:     7411.150     7500.000     7500.150     7591.000     7591.150
   170:     7679.000     7679.150     7770.000     7770.150     7862.000
   175:     7862.150     7950.000     7950.150     8039.000     8039.150
   180:     8127.000     8127.150     8214.000     8214.150     8301.000
   185:     8301.150     8389.000     8389.150     8480.000     8480.150
   190:     8573.000     8573.150     8663.000     8663.150     8749.000
   195:     8749.150     8838.000     8838.150     8925.000     8925.150
Y:
Z:
     0:        0.000       99.000      118.000        0.000        0.000
     5:        0.000      297.000      200.000        0.000        0.000
    10:        0.000     1966.000       42.000        0.000        0.000
    15:        0.000
