File: C:\MED-PC IV\Data\Tarun\RM-B12_RM036\postBaseplate\R08\S01_R08_FR1_20s_100trials


Start Date: 06/02/17
End Date: 06/02/17
Subject: 8
Experiment: 0
Group: 0
Box: 1
Start Time:  9:02:44
End Time: 11:35:08
MSN: MiniScope_FR1-3p_100trials_05222017
A:       0.000
E:       0.000
J:     101.000
N:       0.000
O:       0.000
Q:       0.000
S:       0.000
T:    9016.000
U:       0.000
B:
     0:        0.000       10.000       10.000       15.000       20.000
     5:       20.000       20.000       10.000       16.000      100.000
    10:        1.000        3.000       15.000        0.010        1.000
    15:        0.000        0.000        5.000       20.000        5.000
C:
     0:      100.000       99.000      160.000        1.000        1.695
     5:        0.000      297.000       99.000        3.000        1.695
    10:        0.000     2008.000       56.000        0.000       15.020
    15:        1.000        1.000        3.000        0.000        1.450
    20:        1.000        3.000        1.000        0.000        1.450
    25:        1.000        6.000        2.000        0.000       12.000
    30:        2.000        1.000        2.000        0.000        1.540
    35:        2.000        3.000        1.000        0.000        1.540
    40:        2.000       22.000        0.000        0.000       15.000
    45:        3.000        1.000        3.000        0.000        0.050
    50:        3.000        3.000        1.000        0.000        0.050
    55:        3.000       24.000        0.000        0.000       16.000
    60:        4.000        1.000        1.000        0.000        0.040
    65:        4.000        3.000        1.000        0.000        0.040
    70:        4.000       20.000        0.000        0.000       17.000
    75:        5.000        1.000        1.000        0.000        0.090
    80:        5.000        3.000        1.000        0.000        0.090
    85:        5.000       15.000        1.000        0.000       14.000
    90:        6.000        1.000        1.000        0.000        0.100
    95:        6.000        3.000        1.000        0.000        0.100
   100:        6.000       39.000        7.000        0.000       14.000
   105:        7.000        1.000        2.000        0.000        0.110
   110:        7.000        3.000        1.000        0.000        0.110
   115:        7.000       11.000        0.000        0.000       15.000
   120:        8.000        1.000        3.000        0.000        0.120
   125:        8.000        3.000        1.000        0.000        0.120
   130:        8.000       21.000        0.000        0.000       15.000
   135:        9.000        1.000        1.000        0.000        0.140
   140:        9.000        3.000        1.000        0.000        0.140
   145:        9.000       46.000        1.000        0.000       13.000
   150:       10.000        1.000        2.000        0.000        0.160
   155:       10.000        3.000        1.000        0.000        0.160
   160:       10.000       24.000        0.000        0.000       11.000
   165:       11.000        1.000        1.000        0.000        0.140
   170:       11.000        3.000        1.000        0.000        0.140
   175:       11.000        7.000        1.000        0.000       14.000
   180:       12.000        1.000        1.000        0.000        0.620
   185:       12.000        3.000        1.000        0.000        0.620
   190:       12.000       12.000        0.000        0.000       14.000
   195:       13.000        1.000        3.000        0.000        0.100
   200:       13.000        3.000        1.000        0.000        0.100
   205:       13.000       25.000        0.000        0.000       15.000
   210:       14.000        1.000        1.000        0.000        0.980
   215:       14.000        3.000        1.000        0.000        0.980
   220:       14.000       30.000        0.000        0.000       13.000
   225:       15.000        1.000        1.000        0.000        0.820
   230:       15.000        3.000        1.000        0.000        0.820
   235:       15.000       18.000        0.000        0.000       13.000
   240:       16.000        1.000        1.000        0.000        0.610
   245:       16.000        3.000        1.000        0.000        0.610
   250:       16.000       20.000        0.000        0.000       18.000
   255:       17.000        1.000        1.000        0.000        0.120
   260:       17.000        3.000        1.000        0.000        0.120
   265:       17.000       32.000        0.000        0.000       17.000
   270:       18.000        1.000        1.000        0.000        0.460
   275:       18.000        3.000        1.000        0.000        0.460
   280:       18.000       22.000        1.000        0.000       10.000
   285:       19.000        1.000        1.000        0.000        0.200
   290:       19.000        3.000        1.000        0.000        0.200
   295:       19.000       39.000        0.000        0.000       18.000
   300:       20.000        1.000        1.000        0.000        0.110
   305:       20.000        3.000        1.000        0.000        0.110
   310:       20.000       42.000        1.000        0.000       16.000
   315:       21.000        1.000        1.000        0.000        0.140
   320:       21.000        3.000        1.000        0.000        0.140
   325:       21.000        2.000        4.000        0.000       15.000
   330:       22.000        1.000        1.000        0.000        0.880
   335:       22.000        3.000        1.000        0.000        0.880
   340:       22.000       20.000        0.000        0.000       19.000
   345:       23.000        1.000        1.000        0.000        0.400
   350:       23.000        3.000        1.000        0.000        0.400
   355:       23.000       20.000        0.000        0.000       12.000
   360:       24.000        1.000        1.000        0.000        0.200
   365:       24.000        3.000        1.000        0.000        0.200
   370:       24.000       29.000        4.000        0.000       12.000
   375:       25.000        1.000        1.000        0.000        0.860
   380:       25.000        3.000        1.000        0.000        0.860
   385:       25.000       26.000        0.000        0.000       13.000
   390:       26.000        1.000        1.000        0.000        0.160
   395:       26.000        3.000        1.000        0.000        0.160
   400:       26.000       25.000        0.000        0.000       16.000
   405:       27.000        1.000        1.000        0.000        0.100
   410:       27.000        3.000        1.000        1.000        0.100
   415:       27.000       21.000        0.000        0.000       14.000
   420:       28.000        1.000        1.000        0.000        0.540
   425:       28.000        3.000        1.000        0.000        0.540
   430:       28.000       37.000        3.000        0.000       14.000
   435:       29.000        1.000        1.000        0.000        0.690
   440:       29.000        3.000        1.000        0.000        0.690
   445:       29.000       36.000        0.000        0.000       15.000
   450:       30.000        1.000        1.000        0.000        0.200
   455:       30.000        3.000        1.000        0.000        0.200
   460:       30.000       35.000        0.000        0.000       15.000
   465:       31.000        1.000        1.000        0.000        2.850
   470:       31.000        3.000        1.000        0.000        2.850
   475:       31.000       15.000        0.000        0.000       18.000
   480:       32.000        1.000        3.000        0.000        0.030
   485:       32.000        3.000        1.000        0.000        0.030
   490:       32.000        8.000        3.000        0.000       13.000
   495:       33.000        1.000        3.000        0.000        0.070
   500:       33.000        3.000        1.000        0.000        0.070
   505:       33.000       26.000        0.000        0.000       11.000
   510:       34.000        1.000        2.000        0.000        0.150
   515:       34.000        3.000        1.000        0.000        0.150
   520:       34.000       38.000        2.000        0.000       17.000
   525:       35.000        1.000        1.000        0.000        0.170
   530:       35.000        3.000        1.000        0.000        0.170
   535:       35.000       25.000        0.000        0.000       17.000
   540:       36.000        1.000        2.000        0.000        0.130
   545:       36.000        3.000        1.000        0.000        0.130
   550:       36.000       21.000        0.000        0.000       14.000
   555:       37.000        1.000        2.000        0.000        0.110
   560:       37.000        3.000        1.000        0.000        0.110
   565:       37.000       41.000        0.000        0.000       14.000
   570:       38.000        1.000        1.000        0.000        0.090
   575:       38.000        3.000        1.000        0.000        0.090
   580:       38.000       20.000        0.000        0.000       16.000
   585:       39.000        1.000        1.000        0.000        0.090
   590:       39.000        3.000        1.000        2.000        0.090
   595:       39.000       21.000        2.000        0.000       14.000
   600:       40.000        1.000        2.000        0.000        1.870
   605:       40.000        3.000        1.000        0.000        1.870
   610:       40.000       28.000        0.000        0.000       13.000
   615:       41.000        1.000        1.000        0.000        0.640
   620:       41.000        3.000        1.000        0.000        0.640
   625:       41.000       12.000        0.000        0.000       16.000
   630:       42.000        1.000        2.000        0.000        0.150
   635:       42.000        3.000        1.000        0.000        0.150
   640:       42.000       32.000        0.000        0.000       12.000
   645:       43.000        1.000        2.000        0.000        1.200
   650:       43.000        3.000        1.000        0.000        1.200
   655:       43.000        7.000        0.000        0.000       17.000
   660:       44.000        1.000        2.000        0.000        0.080
   665:       44.000        3.000        1.000        0.000        0.080
   670:       44.000       29.000        0.000        0.000       16.000
   675:       45.000        1.000        1.000        0.000        0.140
   680:       45.000        3.000        1.000        0.000        0.140
   685:       45.000       25.000        0.000        0.000       14.000
   690:       46.000        1.000        5.000        0.000        0.150
   695:       46.000        3.000        1.000        0.000        0.150
   700:       46.000       39.000        5.000        0.000       15.000
   705:       47.000        1.000        2.000        0.000        0.150
   710:       47.000        3.000        1.000        0.000        0.150
   715:       47.000       23.000        0.000        0.000       16.000
   720:       48.000        1.000        3.000        0.000        0.970
   725:       48.000        3.000        1.000        0.000        0.970
   730:       48.000       11.000        0.000        0.000       10.000
   735:       49.000        1.000        3.000        0.000        8.840
   740:       49.000        3.000        1.000        0.000        8.840
   745:       49.000        6.000        0.000        0.000       12.000
   750:       50.000        1.000        1.000        0.000        1.280
   755:       50.000        3.000        1.000        0.000        1.280
   760:       50.000       25.000        0.000        0.000       15.000
   765:       51.000        1.000        3.000        0.000        0.030
   770:       51.000        3.000        1.000        0.000        0.030
   775:       51.000       29.000        0.000        0.000       15.000
   780:       52.000        1.000        1.000        0.000        0.150
   785:       52.000        3.000        1.000        0.000        0.150
   790:       52.000       34.000        0.000        0.000       15.000
   795:       53.000        1.000        3.000        0.000        0.120
   800:       53.000        3.000        1.000        0.000        0.120
   805:       53.000       27.000        0.000        0.000       18.000
   810:       54.000        1.000        1.000        0.000        7.150
   815:       54.000        3.000        1.000        0.000        7.150
   820:       54.000       22.000        0.000        0.000       19.000
   825:       55.000        1.000        2.000        0.000        0.350
   830:       55.000        3.000        1.000        0.000        0.350
   835:       55.000       32.000        0.000        0.000       13.000
   840:       56.000        1.000        1.000        0.000        1.730
   845:       56.000        3.000        1.000        0.000        1.730
   850:       56.000       13.000        0.000        0.000       13.000
   855:       57.000        1.000        1.000        0.000        0.160
   860:       57.000        3.000        1.000        0.000        0.160
   865:       57.000       33.000        0.000        0.000       19.000
   870:       58.000        1.000        2.000        0.000        2.310
   875:       58.000        3.000        1.000        0.000        2.310
   880:       58.000       17.000        0.000        0.000       16.000
   885:       59.000        1.000        6.000        0.000        0.680
   890:       59.000        3.000        1.000        0.000        0.680
   895:       59.000       18.000        0.000        0.000       13.000
   900:       60.000        1.000        2.000        0.000        0.150
   905:       60.000        3.000        1.000        0.000        0.150
   910:       60.000        7.000        0.000        0.000       16.000
   915:       61.000        1.000        1.000        0.000        0.150
   920:       61.000        3.000        1.000        0.000        0.150
   925:       61.000        3.000        0.000        0.000       15.000
   930:       62.000        1.000        1.000        0.000        2.180
   935:       62.000        3.000        1.000        0.000        2.180
   940:       62.000       32.000        0.000        0.000       14.000
   945:       63.000        1.000        1.000        0.000        6.400
   950:       63.000        3.000        1.000        0.000        6.400
   955:       63.000       24.000        0.000        0.000       14.000
   960:       64.000        1.000        1.000        0.000        2.850
   965:       64.000        3.000        1.000        0.000        2.850
   970:       64.000       33.000        0.000        0.000       14.000
   975:       65.000        1.000        1.000        1.000        0.490
   980:       65.000        3.000        1.000        0.000        0.490
   985:       65.000       34.000       11.000        0.000       17.000
   990:       66.000        1.000        2.000        0.000        0.140
   995:       66.000        3.000        1.000        0.000        0.140
  1000:       66.000       37.000        0.000        0.000       15.000
  1005:       67.000        1.000        1.000        0.000        0.650
  1010:       67.000        3.000        1.000        0.000        0.650
  1015:       67.000       23.000        0.000        0.000       14.000
  1020:       68.000        1.000        1.000        0.000        1.740
  1025:       68.000        3.000        1.000        0.000        1.740
  1030:       68.000       11.000        0.000        0.000       15.000
  1035:       69.000        1.000        1.000        0.000        7.140
  1040:       69.000        3.000        1.000        0.000        7.140
  1045:       69.000        4.000        0.000        0.000       18.000
  1050:       70.000        1.000        2.000        0.000        8.820
  1055:       70.000        3.000        1.000        0.000        8.820
  1060:       70.000        6.000        0.000        0.000       16.000
  1065:       71.000        1.000        2.000        0.000        0.380
  1070:       71.000        3.000        1.000        0.000        0.380
  1075:       71.000       11.000        0.000        0.000       13.000
  1080:       72.000        1.000        1.000        0.000       11.160
  1085:       72.000        3.000        1.000        0.000       11.160
  1090:       72.000       19.000        0.000        0.000       15.000
  1095:       73.000        1.000        2.000        0.000        0.100
  1100:       73.000        3.000        1.000        0.000        0.100
  1105:       73.000        1.000        0.000        0.000       16.000
  1110:       74.000        1.000        1.000        0.000        0.180
  1115:       74.000        3.000        1.000        0.000        0.180
  1120:       74.000       35.000        1.000        0.000       16.000
  1125:       75.000        1.000        1.000        0.000        0.540
  1130:       75.000        3.000        1.000        0.000        0.540
  1135:       75.000       14.000        0.000        0.000       17.000
  1140:       76.000        1.000        2.000        0.000        0.110
  1145:       76.000        3.000        1.000        0.000        0.110
  1150:       76.000       35.000        0.000        0.000       16.000
  1155:       77.000        1.000        1.000        0.000        0.120
  1160:       77.000        3.000        1.000        0.000        0.120
  1165:       77.000       32.000        0.000        0.000       14.000
  1170:       78.000        1.000        2.000        0.000        5.040
  1175:       78.000        3.000        1.000        0.000        5.040
  1180:       78.000        4.000        0.000        0.000       19.000
  1185:       79.000        1.000        1.000        0.000        0.100
  1190:       79.000        3.000        1.000        0.000        0.100
  1195:       79.000        3.000        0.000        0.000       16.000
  1200:       80.000        1.000        2.000        0.000        1.530
  1205:       80.000        3.000        1.000        0.000        1.530
  1210:       80.000       21.000        0.000        0.000       12.000
  1215:       81.000        1.000        4.000        0.000        1.880
  1220:       81.000        3.000        1.000        0.000        1.880
  1225:       81.000       20.000        0.000        0.000       17.000
  1230:       82.000        1.000        1.000        0.000        0.140
  1235:       82.000        3.000        1.000        0.000        0.140
  1240:       82.000       20.000        0.000        0.000       14.000
  1245:       83.000        1.000        1.000        0.000        0.090
  1250:       83.000        3.000        1.000        0.000        0.090
  1255:       83.000       25.000        0.000        0.000       19.000
  1260:       84.000        1.000        1.000        0.000        4.410
  1265:       84.000        3.000        1.000        0.000        4.410
  1270:       84.000        3.000        0.000        0.000       16.000
  1275:       85.000        1.000        2.000        0.000        5.390
  1280:       85.000        3.000        1.000        0.000        5.390
  1285:       85.000        8.000        0.000        0.000       15.000
  1290:       86.000        1.000        1.000        0.000        1.250
  1295:       86.000        3.000        1.000        0.000        1.250
  1300:       86.000        1.000        0.000        0.000       14.000
  1305:       87.000        1.000        2.000        0.000        5.200
  1310:       87.000        3.000        1.000        0.000        5.200
  1315:       87.000        2.000        0.000        0.000       12.000
  1320:       88.000        1.000        1.000        0.000        1.710
  1325:       88.000        3.000        1.000        0.000        1.710
  1330:       88.000       13.000        0.000        0.000       14.000
  1335:       89.000        1.000        3.000        0.000        2.450
  1340:       89.000        3.000        1.000        0.000        2.450
  1345:       89.000        7.000        0.000        0.000       17.000
  1350:       90.000        1.000        1.000        0.000        0.090
  1355:       90.000        3.000        1.000        0.000        0.090
  1360:       90.000       19.000        0.000        0.000       20.000
  1365:       91.000        1.000        1.000        0.000        2.170
  1370:       91.000        3.000        1.000        0.000        2.170
  1375:       91.000       12.000        1.000        0.000       17.000
  1380:       92.000        1.000        2.000        0.000        0.100
  1385:       92.000        3.000        1.000        0.000        0.100
  1390:       92.000       14.000        0.000        0.000       16.000
  1395:       93.000        1.000        3.000        0.000        0.130
  1400:       93.000        3.000        1.000        0.000        0.130
  1405:       93.000       11.000        0.000        0.000       16.000
  1410:       94.000        1.000        1.000        0.000        8.410
  1415:       94.000        3.000        1.000        0.000        8.410
  1420:       94.000       10.000        0.000        0.000       18.000
  1425:       95.000        1.000        1.000        0.000       12.300
  1430:       95.000        3.000        1.000        0.000       12.300
  1435:       95.000        8.000        0.000        0.000       17.000
  1440:       96.000        1.000        1.000        0.000       19.780
  1445:       96.000        3.000        1.000        0.000       19.780
  1450:       96.000       23.000        2.000        0.000       14.000
  1455:       97.000        1.000        2.000        0.000        3.980
  1460:       97.000        3.000        1.000        0.000        3.980
  1465:       97.000        5.000        0.000        0.000       12.000
  1470:       98.000        1.000        1.000        0.000        4.260
  1475:       98.000        3.000        1.000        0.000        4.260
  1480:       98.000       10.000        0.000        0.000       16.000
  1485:       99.000        1.000        1.000        0.000        0.160
  1490:       99.000        3.000        1.000        0.000        0.160
  1495:       99.000        5.000        0.000        0.000       13.000
  1500:      100.000        0.000        0.000        0.000       20.000
  1505:      100.000        0.000        0.000        0.000       20.000
  1510:      100.000        0.000        4.000        0.000       16.000
D:
     0:        0.000        0.000        0.000        0.000        0.000
     5:        0.000        0.000        0.000        0.000        0.000
    10:        0.000        0.000        0.000        0.000        0.000
    15:        1.000       15.000       90.000       40.000       46.450
    20:        1.000       61.450       62.450       41.450       61.450
    25:        1.000       25.000       80.000       15.000       15.150
    30:        2.000      102.000      177.000      127.000      133.540
    35:        2.000      148.540      149.540      128.540      148.540
    40:        2.000      112.000      167.000      102.000      102.150
    45:        3.000      192.000      267.000      217.000      222.050
    50:        3.000      237.050      238.050      217.050      237.050
    55:        3.000      202.000      257.000      192.000      192.150
    60:        4.000      283.000      358.000      308.000      313.040
    65:        4.000      328.040      329.040      308.040      328.040
    70:        4.000      293.000      348.000      283.000      283.150
    75:        5.000      375.000      450.000      400.000      405.090
    80:        5.000      420.090      421.090      400.090      420.090
    85:        5.000      385.000      440.000      375.000      375.150
    90:        6.000      464.000      539.000      489.000      494.100
    95:        6.000      509.100      510.100      489.100      509.100
   100:        6.000      474.000      529.000      464.000      464.150
   105:        7.000      553.000      628.000      578.000      583.110
   110:        7.000      598.110      599.110      578.110      598.110
   115:        7.000      563.000      618.000      553.000      553.150
   120:        8.000      643.000      718.000      668.000      673.120
   125:        8.000      688.120      689.120      668.120      688.120
   130:        8.000      653.000      708.000      643.000      643.150
   135:        9.000      733.000      808.000      758.000      763.140
   140:        9.000      778.140      779.140      758.140      778.140
   145:        9.000      743.000      798.000      733.000      733.150
   150:       10.000      821.000      896.000      846.000      851.160
   155:       10.000      866.160      867.160      846.160      866.160
   160:       10.000      831.000      886.000      821.000      821.150
   165:       11.000      907.000      982.000      932.000      937.140
   170:       11.000      952.140      953.140      932.140      952.140
   175:       11.000      917.000      972.000      907.000      907.150
   180:       12.000      996.000     1071.000     1021.000     1026.620
   185:       12.000     1041.620     1042.620     1021.620     1041.620
   190:       12.000     1006.000     1061.000      996.000      996.150
   195:       13.000     1085.000     1160.000     1110.000     1115.100
   200:       13.000     1130.100     1131.100     1110.100     1130.100
   205:       13.000     1095.000     1150.000     1085.000     1085.150
   210:       14.000     1175.000     1250.000     1200.000     1205.980
   215:       14.000     1220.980     1221.980     1200.980     1220.980
   220:       14.000     1185.000     1240.000     1175.000     1175.150
   225:       15.000     1263.000     1338.000     1288.000     1293.820
   230:       15.000     1308.820     1309.820     1288.820     1308.820
   235:       15.000     1273.000     1328.000     1263.000     1263.150
   240:       16.000     1351.000     1426.000     1376.000     1381.610
   245:       16.000     1396.610     1397.610     1376.610     1396.610
   250:       16.000     1361.000     1416.000     1351.000     1351.150
   255:       17.000     1444.000     1519.000     1469.000     1474.120
   260:       17.000     1489.120     1490.120     1469.120     1489.120
   265:       17.000     1454.000     1509.000     1444.000     1444.150
   270:       18.000     1536.000     1611.000     1561.000     1566.460
   275:       18.000     1581.460     1582.460     1561.460     1581.460
   280:       18.000     1546.000     1601.000     1536.000     1536.150
   285:       19.000     1621.000     1696.000     1646.000     1651.200
   290:       19.000     1666.200     1667.200     1646.200     1666.200
   295:       19.000     1631.000     1686.000     1621.000     1621.150
   300:       20.000     1714.000     1789.000     1739.000     1744.110
   305:       20.000     1759.110     1760.110     1739.110     1759.110
   310:       20.000     1724.000     1779.000     1714.000     1714.150
   315:       21.000     1805.000     1880.000     1830.000     1835.140
   320:       21.000     1850.140     1851.140     1830.140     1850.140
   325:       21.000     1815.000     1870.000     1805.000     1805.150
   330:       22.000     1895.000     1970.000     1920.000     1925.880
   335:       22.000     1940.880     1941.880     1920.880     1940.880
   340:       22.000     1905.000     1960.000     1895.000     1895.150
   345:       23.000     1989.000     2064.000     2014.000     2019.400
   350:       23.000     2034.400     2035.400     2014.400     2034.400
   355:       23.000     1999.000     2054.000     1989.000     1989.150
   360:       24.000     2076.000     2151.000     2101.000     2106.200
   365:       24.000     2121.200     2122.200     2101.200     2121.200
   370:       24.000     2086.000     2141.000     2076.000     2076.150
   375:       25.000     2163.000     2238.000     2188.000     2193.860
   380:       25.000     2208.860     2209.860     2188.860     2208.860
   385:       25.000     2173.000     2228.000     2163.000     2163.150
   390:       26.000     2251.000     2326.000     2276.000     2281.160
   395:       26.000     2296.160     2297.160     2276.160     2296.160
   400:       26.000     2261.000     2316.000     2251.000     2251.150
   405:       27.000     2342.000     2417.000     2367.000     2372.100
   410:       27.000     2387.100     2388.100     2367.100     2387.100
   415:       27.000     2352.000     2407.000     2342.000     2342.150
   420:       28.000     2431.000     2506.000     2456.000     2461.540
   425:       28.000     2476.540     2477.540     2456.540     2476.540
   430:       28.000     2441.000     2496.000     2431.000     2431.150
   435:       29.000     2520.000     2595.000     2545.000     2550.690
   440:       29.000     2565.690     2566.690     2545.690     2565.690
   445:       29.000     2530.000     2585.000     2520.000     2520.150
   450:       30.000     2610.000     2685.000     2635.000     2640.200
   455:       30.000     2655.200     2656.200     2635.200     2655.200
   460:       30.000     2620.000     2675.000     2610.000     2610.150
   465:       31.000     2700.000     2775.000     2725.000     2732.850
   470:       31.000     2747.850     2748.850     2727.850     2747.850
   475:       31.000     2710.000     2765.000     2700.000     2700.150
   480:       32.000     2793.000     2868.000     2818.000     2823.030
   485:       32.000     2838.030     2839.030     2818.030     2838.030
   490:       32.000     2803.000     2858.000     2793.000     2793.150
   495:       33.000     2881.000     2956.000     2906.000     2911.070
   500:       33.000     2926.070     2927.070     2906.070     2926.070
   505:       33.000     2891.000     2946.000     2881.000     2881.150
   510:       34.000     2967.000     3042.000     2992.000     2997.150
   515:       34.000     3012.150     3013.150     2992.150     3012.150
   520:       34.000     2977.000     3032.000     2967.000     2967.150
   525:       35.000     3059.000     3134.000     3084.000     3089.170
   530:       35.000     3104.170     3105.170     3084.170     3104.170
   535:       35.000     3069.000     3124.000     3059.000     3059.150
   540:       36.000     3151.000     3226.000     3176.000     3181.130
   545:       36.000     3196.130     3197.130     3176.130     3196.130
   550:       36.000     3161.000     3216.000     3151.000     3151.150
   555:       37.000     3240.000     3315.000     3265.000     3270.110
   560:       37.000     3285.110     3286.110     3265.110     3285.110
   565:       37.000     3250.000     3305.000     3240.000     3240.150
   570:       38.000     3329.000     3404.000     3354.000     3359.090
   575:       38.000     3374.090     3375.090     3354.090     3374.090
   580:       38.000     3339.000     3394.000     3329.000     3329.150
   585:       39.000     3420.000     3495.000     3445.000     3450.090
   590:       39.000     3465.090     3466.090     3445.090     3465.090
   595:       39.000     3430.000     3485.000     3420.000     3420.150
   600:       40.000     3509.000     3584.000     3534.000     3540.870
   605:       40.000     3555.870     3556.870     3535.870     3555.870
   610:       40.000     3519.000     3574.000     3509.000     3509.150
   615:       41.000     3597.000     3672.000     3622.000     3627.640
   620:       41.000     3642.640     3643.640     3622.640     3642.640
   625:       41.000     3607.000     3662.000     3597.000     3597.150
   630:       42.000     3688.000     3763.000     3713.000     3718.150
   635:       42.000     3733.150     3734.150     3713.150     3733.150
   640:       42.000     3698.000     3753.000     3688.000     3688.150
   645:       43.000     3775.000     3850.000     3800.000     3806.200
   650:       43.000     3821.200     3822.200     3801.200     3821.200
   655:       43.000     3785.000     3840.000     3775.000     3775.150
   660:       44.000     3867.000     3942.000     3892.000     3897.080
   665:       44.000     3912.080     3913.080     3892.080     3912.080
   670:       44.000     3877.000     3932.000     3867.000     3867.150
   675:       45.000     3958.000     4033.000     3983.000     3988.140
   680:       45.000     4003.140     4004.140     3983.140     4003.140
   685:       45.000     3968.000     4023.000     3958.000     3958.150
   690:       46.000     4047.000     4122.000     4072.000     4077.150
   695:       46.000     4092.150     4093.150     4072.150     4092.150
   700:       46.000     4057.000     4112.000     4047.000     4047.150
   705:       47.000     4137.000     4212.000     4162.000     4167.150
   710:       47.000     4182.150     4183.150     4162.150     4182.150
   715:       47.000     4147.000     4202.000     4137.000     4137.150
   720:       48.000     4228.000     4303.000     4253.000     4258.970
   725:       48.000     4273.970     4274.970     4253.970     4273.970
   730:       48.000     4238.000     4293.000     4228.000     4228.150
   735:       49.000     4313.000     4388.000     4338.000     4351.840
   740:       49.000     4366.840     4367.840     4346.840     4366.840
   745:       49.000     4323.000     4378.000     4313.000     4313.150
   750:       50.000     4400.000     4475.000     4425.000     4431.280
   755:       50.000     4446.280     4447.280     4426.280     4446.280
   760:       50.000     4410.000     4465.000     4400.000     4400.150
   765:       51.000     4490.000     4565.000     4515.000     4520.030
   770:       51.000     4535.030     4536.030     4515.030     4535.030
   775:       51.000     4500.000     4555.000     4490.000     4490.150
   780:       52.000     4580.000     4655.000     4605.000     4610.150
   785:       52.000     4625.150     4626.150     4605.150     4625.150
   790:       52.000     4590.000     4645.000     4580.000     4580.150
   795:       53.000     4670.000     4745.000     4695.000     4700.120
   800:       53.000     4715.120     4716.120     4695.120     4715.120
   805:       53.000     4680.000     4735.000     4670.000     4670.150
   810:       54.000     4763.000     4838.000     4788.000     4800.150
   815:       54.000     4815.150     4816.150     4795.150     4815.150
   820:       54.000     4773.000     4828.000     4763.000     4763.150
   825:       55.000     4857.000     4932.000     4882.000     4887.350
   830:       55.000     4902.350     4903.350     4882.350     4902.350
   835:       55.000     4867.000     4922.000     4857.000     4857.150
   840:       56.000     4945.000     5020.000     4970.000     4976.730
   845:       56.000     4991.730     4992.730     4971.730     4991.730
   850:       56.000     4955.000     5010.000     4945.000     4945.150
   855:       57.000     5033.000     5108.000     5058.000     5063.160
   860:       57.000     5078.160     5079.160     5058.160     5078.160
   865:       57.000     5043.000     5098.000     5033.000     5033.150
   870:       58.000     5127.000     5202.000     5152.000     5159.310
   875:       58.000     5174.310     5175.310     5154.310     5174.310
   880:       58.000     5137.000     5192.000     5127.000     5127.150
   885:       59.000     5218.000     5293.000     5243.000     5248.680
   890:       59.000     5263.680     5264.680     5243.680     5263.680
   895:       59.000     5228.000     5283.000     5218.000     5218.150
   900:       60.000     5306.000     5381.000     5331.000     5336.150
   905:       60.000     5351.150     5352.150     5331.150     5351.150
   910:       60.000     5316.000     5371.000     5306.000     5306.150
   915:       61.000     5397.000     5472.000     5422.000     5427.150
   920:       61.000     5442.150     5443.150     5422.150     5442.150
   925:       61.000     5407.000     5462.000     5397.000     5397.150
   930:       62.000     5487.000     5562.000     5512.000     5519.180
   935:       62.000     5534.180     5535.180     5514.180     5534.180
   940:       62.000     5497.000     5552.000     5487.000     5487.150
   945:       63.000     5576.000     5651.000     5601.000     5612.400
   950:       63.000     5627.400     5628.400     5607.400     5627.400
   955:       63.000     5586.000     5641.000     5576.000     5576.150
   960:       64.000     5665.000     5740.000     5690.000     5697.850
   965:       64.000     5712.850     5713.850     5692.850     5712.850
   970:       64.000     5675.000     5730.000     5665.000     5665.150
   975:       65.000     5754.000     5829.000     5779.000     5784.490
   980:       65.000     5799.490     5800.490     5779.490     5799.490
   985:       65.000     5764.000     5819.000     5754.000     5754.150
   990:       66.000     5846.000     5921.000     5871.000     5876.140
   995:       66.000     5891.140     5892.140     5871.140     5891.140
  1000:       66.000     5856.000     5911.000     5846.000     5846.150
  1005:       67.000     5936.000     6011.000     5961.000     5966.650
  1010:       67.000     5981.650     5982.650     5961.650     5981.650
  1015:       67.000     5946.000     6001.000     5936.000     5936.150
  1020:       68.000     6025.000     6100.000     6050.000     6056.740
  1025:       68.000     6071.740     6072.740     6051.740     6071.740
  1030:       68.000     6035.000     6090.000     6025.000     6025.150
  1035:       69.000     6115.000     6190.000     6140.000     6152.140
  1040:       69.000     6167.140     6168.140     6147.140     6167.140
  1045:       69.000     6125.000     6180.000     6115.000     6115.150
  1050:       70.000     6208.000     6283.000     6233.000     6246.820
  1055:       70.000     6261.820     6262.820     6241.820     6261.820
  1060:       70.000     6218.000     6273.000     6208.000     6208.150
  1065:       71.000     6299.000     6374.000     6324.000     6329.380
  1070:       71.000     6344.380     6345.380     6324.380     6344.380
  1075:       71.000     6309.000     6364.000     6299.000     6299.150
  1080:       72.000     6387.000     6462.000     6412.000     6428.160
  1085:       72.000     6443.160     6444.160     6423.160     6443.160
  1090:       72.000     6397.000     6452.000     6387.000     6387.150
  1095:       73.000     6477.000     6552.000     6502.000     6507.100
  1100:       73.000     6522.100     6523.100     6502.100     6522.100
  1105:       73.000     6487.000     6542.000     6477.000     6477.150
  1110:       74.000     6568.000     6643.000     6593.000     6598.180
  1115:       74.000     6613.180     6614.180     6593.180     6613.180
  1120:       74.000     6578.000     6633.000     6568.000     6568.150
  1125:       75.000     6659.000     6734.000     6684.000     6689.540
  1130:       75.000     6704.540     6705.540     6684.540     6704.540
  1135:       75.000     6669.000     6724.000     6659.000     6659.150
  1140:       76.000     6751.000     6826.000     6776.000     6781.110
  1145:       76.000     6796.110     6797.110     6776.110     6796.110
  1150:       76.000     6761.000     6816.000     6751.000     6751.150
  1155:       77.000     6842.000     6917.000     6867.000     6872.120
  1160:       77.000     6887.120     6888.120     6867.120     6887.120
  1165:       77.000     6852.000     6907.000     6842.000     6842.150
  1170:       78.000     6931.000     7006.000     6956.000     6966.040
  1175:       78.000     6981.040     6982.040     6961.040     6981.040
  1180:       78.000     6941.000     6996.000     6931.000     6931.150
  1185:       79.000     7025.000     7100.000     7050.000     7055.100
  1190:       79.000     7070.100     7071.100     7050.100     7070.100
  1195:       79.000     7035.000     7090.000     7025.000     7025.150
  1200:       80.000     7116.000     7191.000     7141.000     7147.530
  1205:       80.000     7162.530     7163.530     7142.530     7162.530
  1210:       80.000     7126.000     7181.000     7116.000     7116.150
  1215:       81.000     7203.000     7278.000     7228.000     7234.880
  1220:       81.000     7249.880     7250.880     7229.880     7249.880
  1225:       81.000     7213.000     7268.000     7203.000     7203.150
  1230:       82.000     7295.000     7370.000     7320.000     7325.140
  1235:       82.000     7340.140     7341.140     7320.140     7340.140
  1240:       82.000     7305.000     7360.000     7295.000     7295.150
  1245:       83.000     7384.000     7459.000     7409.000     7414.090
  1250:       83.000     7429.090     7430.090     7409.090     7429.090
  1255:       83.000     7394.000     7449.000     7384.000     7384.150
  1260:       84.000     7478.000     7553.000     7503.000     7512.410
  1265:       84.000     7527.410     7528.410     7507.410     7527.410
  1270:       84.000     7488.000     7543.000     7478.000     7478.150
  1275:       85.000     7569.000     7644.000     7594.000     7604.390
  1280:       85.000     7619.390     7620.390     7599.390     7619.390
  1285:       85.000     7579.000     7634.000     7569.000     7569.150
  1290:       86.000     7659.000     7734.000     7684.000     7690.250
  1295:       86.000     7705.250     7706.250     7685.250     7705.250
  1300:       86.000     7669.000     7724.000     7659.000     7659.150
  1305:       87.000     7748.000     7823.000     7773.000     7783.200
  1310:       87.000     7798.200     7799.200     7778.200     7798.200
  1315:       87.000     7758.000     7813.000     7748.000     7748.150
  1320:       88.000     7835.000     7910.000     7860.000     7866.710
  1325:       88.000     7881.710     7882.710     7861.710     7881.710
  1330:       88.000     7845.000     7900.000     7835.000     7835.150
  1335:       89.000     7924.000     7999.000     7949.000     7956.450
  1340:       89.000     7971.450     7972.450     7951.450     7971.450
  1345:       89.000     7934.000     7989.000     7924.000     7924.150
  1350:       90.000     8016.000     8091.000     8041.000     8046.090
  1355:       90.000     8061.090     8062.090     8041.090     8061.090
  1360:       90.000     8026.000     8081.000     8016.000     8016.150
  1365:       91.000     8111.000     8186.000     8136.000     8143.170
  1370:       91.000     8158.170     8159.170     8138.170     8158.170
  1375:       91.000     8121.000     8176.000     8111.000     8111.150
  1380:       92.000     8203.000     8278.000     8228.000     8233.100
  1385:       92.000     8248.100     8249.100     8228.100     8248.100
  1390:       92.000     8213.000     8268.000     8203.000     8203.150
  1395:       93.000     8294.000     8369.000     8319.000     8324.130
  1400:       93.000     8339.130     8340.130     8319.130     8339.130
  1405:       93.000     8304.000     8359.000     8294.000     8294.150
  1410:       94.000     8385.000     8460.000     8410.000     8423.410
  1415:       94.000     8438.410     8439.410     8418.410     8438.410
  1420:       94.000     8395.000     8450.000     8385.000     8385.150
  1425:       95.000     8478.000     8553.000     8503.000     8520.300
  1430:       95.000     8535.300     8536.300     8515.300     8535.300
  1435:       95.000     8488.000     8543.000     8478.000     8478.150
  1440:       96.000     8570.000     8645.000     8595.000     8619.780
  1445:       96.000     8634.780     8635.780     8614.780     8634.780
  1450:       96.000     8580.000     8635.000     8570.000     8570.150
  1455:       97.000     8659.000     8734.000     8684.000     8692.980
  1460:       97.000     8707.980     8708.980     8687.980     8707.980
  1465:       97.000     8669.000     8724.000     8659.000     8659.150
  1470:       98.000     8746.000     8821.000     8771.000     8780.260
  1475:       98.000     8795.260     8796.260     8775.260     8795.260
  1480:       98.000     8756.000     8811.000     8746.000     8746.150
  1485:       99.000     8837.000     8912.000     8862.000     8867.160
  1490:       99.000     8882.160     8883.160     8862.160     8882.160
  1495:       99.000     8847.000     8902.000     8837.000     8837.150
  1500:      100.000     8925.000     9000.000     8950.000     8970.000
  1505:      100.000        0.000        0.000        0.000        0.000
  1510:      100.000     8935.000     8990.000     8925.000     8925.150
F:
     0:       47.280       49.220       49.390       51.890       62.000
     5:       62.040      135.220      135.370      135.860      138.660
    10:      138.680      140.410      140.850      140.910      141.240
    15:      141.400      143.060      143.440      143.470      143.600
    20:      146.070      146.150      146.390      148.510      149.000
    25:      152.080      152.590      153.210      207.420      207.800
    30:      207.960      223.360      223.540      223.680      224.050
    35:      224.150      224.170      224.300      225.150      225.200
    40:      227.420      227.460      228.460      228.560      231.320
    45:      231.560      232.770      233.520      233.600      236.450
    50:      237.470      250.870      294.840      299.580      300.030
    55:      314.420      314.480      314.700      314.870      315.270
    60:      320.500      321.670      324.350      324.380      324.490
    65:      324.850      326.030      326.250      326.390      327.740
    70:      328.430      328.510      410.340      410.500      411.380
    75:      412.000      412.050      413.940      415.120      415.240
    80:      415.630      415.730      415.820      416.820      416.920
    85:      418.270      420.690      496.630      496.660      496.790
    90:      497.070      497.830      497.890      498.240      498.340
    95:      498.460      498.640      499.560      501.980      502.370
   100:      502.880      502.900      503.390      503.700      503.810
   105:      504.160      504.400      505.760      505.860      506.200
   110:      506.230      506.300      506.370      506.380      506.520
   115:      508.190      508.310      509.050      509.140      509.360
   120:      509.450      512.440      512.710      512.850      514.210
   125:      514.410      585.190      585.230      585.460      585.910
   130:      586.210      586.520      599.310      602.370      602.440
   135:      603.630      603.840      657.030      659.660      659.770
   140:      661.860      675.330      676.000      676.130      677.340
   145:      677.450      677.950      678.010      678.130      678.660
   150:      682.790      686.830      686.870      688.810      688.860
   155:      689.060      691.630      693.090      744.380      744.550
   160:      744.640      744.660      745.390      745.760      745.830
   165:      746.180      746.370      746.500      746.690      765.570
   170:      765.720      765.780      765.930      766.260      766.580
   175:      767.150      767.750      768.250      768.320      768.710
   180:      768.950      769.760      769.860      769.960      770.080
   185:      770.340      770.870      771.360      771.680      771.770
   190:      771.830      771.950      772.050      774.290      774.680
   195:      774.820      774.900      774.960      775.060      776.930
   200:      777.700      777.760      778.460      780.820      839.730
   205:      840.060      853.930      854.090      854.180      854.280
   210:      854.410      854.530      854.640      854.700      855.160
   215:      858.980      859.150      861.750      861.830      862.630
   220:      862.750      865.480      866.630      869.350      881.860
   225:      882.720      884.610      884.770      918.400      918.730
   230:      918.950      923.880      923.900      952.920      955.660
   235:     1016.950     1017.220     1028.370     1028.510     1028.610
   240:     1029.300     1030.500     1034.400     1034.520     1039.490
   245:     1039.800     1042.120     1117.110     1117.310     1117.420
   250:     1117.550     1117.570     1123.300     1123.340     1123.360
   255:     1124.310     1125.060     1125.080     1125.150     1126.070
   260:     1126.130     1126.290     1127.370     1128.360     1128.460
   265:     1128.610     1128.700     1128.780     1128.810     1128.840
   270:     1129.000     1130.890     1189.120     1190.950     1191.200
   275:     1192.120     1192.220     1192.590     1208.000     1208.030
   280:     1208.470     1208.520     1209.010     1209.480     1209.580
   285:     1214.730     1215.200     1216.490     1217.710     1217.850
   290:     1218.020     1218.190     1218.220     1218.280     1218.290
   295:     1218.340     1218.470     1218.540     1218.750     1221.420
   300:     1223.280     1223.370     1297.060     1297.670     1297.740
   305:     1297.920     1298.410     1298.620     1298.760     1303.730
   310:     1303.910     1305.890     1305.950     1306.310     1306.390
   315:     1308.160     1308.690     1309.250     1311.610     1312.580
   320:     1384.470     1387.450     1387.750     1390.570     1390.620
   325:     1391.870     1391.980     1392.070     1393.680     1393.700
   330:     1393.790     1394.200     1394.260     1394.390     1394.490
   335:     1394.560     1397.240     1397.330     1399.550     1399.760
   340:     1476.260     1476.520     1476.630     1477.010     1477.020
   345:     1477.430     1477.450     1477.550     1477.620     1481.060
   350:     1481.140     1482.490     1482.650     1482.930     1483.010
   355:     1483.150     1483.190     1485.220     1485.310     1485.390
   360:     1485.410     1485.490     1485.640     1485.730     1485.820
   365:     1488.120     1488.150     1488.500     1488.540     1489.680
   370:     1492.230     1492.520     1568.190     1568.690     1569.210
   375:     1569.600     1569.890     1573.420     1574.550     1574.700
   380:     1575.180     1575.210     1576.430     1576.500     1576.950
   385:     1578.230     1578.360     1578.400     1579.600     1580.380
   390:     1580.960     1582.000     1585.490     1587.070     1632.710
   395:     1634.800     1634.900     1635.430     1654.040     1654.300
   400:     1654.490     1656.190     1656.270     1656.650     1657.040
   405:     1657.150     1657.310     1657.530     1657.650     1657.810
   410:     1657.830     1658.600     1658.730     1658.750     1658.910
   415:     1658.940     1659.010     1659.220     1659.230     1659.310
   420:     1659.700     1659.720     1659.920     1660.130     1663.230
   425:     1663.290     1664.730     1664.770     1666.140     1666.160
   430:     1666.210     1666.610     1669.300     1727.630     1727.730
   435:     1727.970     1728.130     1728.550     1728.740     1729.050
   440:     1729.140     1747.650     1748.460     1750.700     1751.220
   445:     1752.240     1752.280     1752.400     1752.510     1752.600
   450:     1752.630     1752.880     1752.990     1753.070     1753.160
   455:     1753.310     1753.410     1753.630     1753.710     1753.810
   460:     1754.200     1754.220     1754.870     1756.180     1756.500
   465:     1756.590     1756.760     1756.910     1757.060     1760.190
   470:     1760.240     1760.300     1760.360     1763.350     1763.630
   475:     1836.870     1850.700     1929.060     1929.660     1930.000
   480:     1930.120     1930.260     1933.770     1933.950     1934.260
   485:     1934.550     1934.600     1935.020     1935.100     1936.830
   490:     1938.170     1938.510     1938.540     1938.580     1939.970
   495:     1940.660     1941.430     2021.140     2021.210     2022.160
   500:     2022.520     2022.780     2023.440     2023.610     2023.630
   505:     2023.770     2023.920     2028.910     2028.930     2029.410
   510:     2029.470     2029.550     2031.790     2033.420     2034.510
   515:     2037.200     2038.100     2108.570     2108.770     2110.170
   520:     2111.630     2114.890     2115.550     2115.730     2117.440
   525:     2118.160     2118.250     2118.280     2118.360     2118.480
   530:     2118.660     2118.730     2118.890     2119.030     2119.090
   535:     2119.180     2121.260     2121.430     2121.610     2125.150
   540:     2125.180     2131.680     2131.740     2131.870     2131.910
   545:     2132.520     2196.210     2196.350     2196.660     2198.710
   550:     2199.060     2199.210     2200.380     2200.460     2200.870
   555:     2200.900     2201.210     2201.330     2201.410     2201.530
   560:     2202.410     2203.590     2203.610     2205.460     2205.600
   565:     2205.610     2207.220     2207.380     2207.450     2209.350
   570:     2217.710     2217.750     2282.310     2282.700     2283.530
   575:     2283.560     2283.800     2286.720     2286.780     2288.300
   580:     2288.350     2288.600     2288.820     2288.990     2289.190
   585:     2289.280     2289.370     2289.430     2289.550     2289.800
   590:     2291.630     2291.660     2291.780     2294.640     2294.770
   595:     2294.870     2296.790     2373.280     2373.470     2373.550
   600:     2377.190     2377.240     2377.300     2378.650     2378.690
   605:     2378.760     2378.870     2379.200     2379.270     2380.290
   610:     2380.360     2380.710     2381.490     2383.270     2383.480
   615:     2384.510     2384.530     2387.520     2443.480     2443.760
   620:     2465.950     2466.160     2466.360     2466.390     2466.490
   625:     2466.750     2466.850     2470.910     2471.720     2471.730
   630:     2471.840     2472.200     2472.730     2472.800     2472.820
   635:     2473.030     2473.290     2473.590     2473.630     2473.760
   640:     2473.940     2474.040     2474.120     2474.210     2474.300
   645:     2474.360     2474.430     2474.920     2476.100     2477.060
   650:     2480.010     2480.280     2480.510     2480.780     2482.530
   655:     2531.690     2532.080     2541.320     2541.360     2541.900
   660:     2542.210     2542.410     2544.200     2544.790     2554.940
   665:     2555.050     2555.170     2555.710     2556.160     2556.400
   670:     2556.740     2556.760     2556.850     2556.910     2558.290
   675:     2558.500     2558.640     2558.700     2558.740     2558.900
   680:     2560.580     2560.640     2563.110     2563.120     2564.630
   685:     2565.320     2565.520     2565.570     2565.660     2565.900
   690:     2568.790     2641.980     2642.190     2642.420     2642.550
   695:     2643.260     2643.420     2643.470     2643.620     2644.680
   700:     2645.250     2647.370     2648.160     2648.270     2648.830
   705:     2649.260     2650.070     2650.170     2650.380     2650.560
   710:     2650.650     2650.840     2650.860     2651.230     2651.280
   715:     2651.360     2651.390     2651.650     2652.460     2653.340
   720:     2653.380     2653.410     2653.450     2655.500     2655.600
   725:     2661.160     2733.710     2733.920     2736.090     2736.250
   730:     2736.340     2738.090     2740.640     2740.820     2742.900
   735:     2744.070     2744.180     2744.390     2744.730     2746.970
   740:     2748.190     2830.510     2830.590     2830.750     2835.510
   745:     2835.900     2836.450     2838.550     2841.410     2912.240
   750:     2912.590     2912.900     2915.780     2915.820     2916.620
   755:     2916.690     2916.790     2917.470     2917.580     2917.710
   760:     2917.780     2917.940     2919.600     2920.160     2920.330
   765:     2920.450     2920.580     2922.450     2922.530     2922.700
   770:     2922.760     2922.850     2925.090     2926.500     2929.960
   775:     3001.870     3002.560     3002.580     3002.710     3003.000
   780:     3004.860     3005.650     3005.820     3005.890     3006.080
   785:     3006.430     3007.320     3007.410     3007.490     3007.540
   790:     3007.580     3007.620     3007.860     3007.880     3007.970
   795:     3008.110     3010.810     3010.890     3011.340     3012.720
   800:     3012.740     3012.900     3012.970     3021.910     3022.020
   805:     3022.050     3023.440     3023.900     3023.980     3024.220
   810:     3024.310     3025.210     3025.250     3079.520     3079.610
   815:     3079.900     3091.160     3092.050     3092.330     3092.450
   820:     3094.250     3096.480     3096.980     3098.110     3098.240
   825:     3098.630     3100.310     3100.640     3103.050     3104.090
   830:     3104.250     3104.400     3106.990     3107.140     3107.190
   835:     3109.150     3114.450     3114.580     3183.470     3185.360
   840:     3186.340     3186.360     3186.920     3188.130     3188.160
   845:     3190.130     3190.200     3190.550     3190.710     3191.420
   850:     3191.530     3191.820     3191.850     3192.390     3194.870
   855:     3195.430     3195.500     3196.610     3199.270     3271.840
   860:     3272.210     3272.930     3273.200     3273.370     3273.550
   865:     3273.700     3274.430     3274.550     3274.670     3274.720
   870:     3275.350     3275.490     3275.580     3275.880     3276.730
   875:     3276.960     3276.990     3277.170     3277.250     3277.450
   880:     3277.490     3278.080     3278.180     3278.300     3278.900
   885:     3279.120     3279.250     3279.500     3279.590     3281.580
   890:     3281.620     3282.160     3282.670     3282.760     3282.840
   895:     3283.110     3285.890     3286.040     3288.420     3288.480
   900:     3363.470     3363.570     3365.990     3366.420     3367.380
   905:     3367.420     3367.540     3367.630     3367.700     3367.810
   910:     3368.110     3369.170     3369.200     3371.300     3371.400
   915:     3374.130     3374.330     3377.530     3378.090     3378.530
   920:     3457.280     3458.380     3458.630     3458.680     3460.360
   925:     3460.720     3461.350     3461.790     3461.870     3461.940
   930:     3462.180     3463.220     3463.300     3463.390     3464.240
   935:     3465.580     3465.630     3465.690     3465.770     3468.000
   940:     3470.520     3542.620     3545.230     3545.350     3545.610
   945:     3545.620     3545.830     3545.970     3546.450     3546.570
   950:     3546.650     3546.810     3547.430     3548.150     3549.580
   955:     3549.880     3549.910     3549.970     3550.070     3550.170
   960:     3550.610     3550.710     3552.890     3554.720     3555.070
   965:     3555.160     3555.430     3556.160     3559.270     3616.690
   970:     3617.270     3617.440     3617.570     3618.290     3618.630
   975:     3620.330     3620.950     3621.200     3621.780     3634.140
   980:     3643.070     3719.540     3719.840     3719.940     3720.110
   985:     3720.310     3720.410     3721.210     3722.110     3722.410
   990:     3724.180     3724.220     3724.830     3725.490     3725.590
   995:     3725.880     3725.890     3725.940     3726.000     3726.700
  1000:     3727.760     3727.780     3728.390     3728.890     3728.990
  1005:     3729.070     3729.910     3730.960     3731.120     3731.130
  1010:     3731.220     3733.090     3733.360     3808.380     3819.560
  1015:     3820.160     3821.650     3821.710     3823.250     3823.780
  1020:     3898.880     3899.350     3899.480     3899.490     3899.680
  1025:     3900.410     3900.510     3900.620     3901.470     3902.910
  1030:     3903.650     3903.770     3904.100     3904.500     3904.660
  1035:     3904.730     3904.770     3904.880     3904.900     3904.980
  1040:     3905.050     3905.220     3908.620     3908.670     3910.610
  1045:     3911.400     3911.820     3912.310     3915.390     3992.970
  1050:     3993.830     3994.540     3994.690     3995.430     3995.490
  1055:     3995.800     3995.900     3995.960     3996.170     3996.270
  1060:     3996.780     3998.250     3998.590     3998.660     3998.780
  1065:     3998.850     3998.950     3999.450     3999.590     3999.640
  1070:     4000.810     4000.910     4001.030     4003.920     4057.280
  1075:     4058.320     4058.750     4058.830     4078.630     4078.730
  1080:     4079.200     4079.350     4080.100     4081.150     4081.240
  1085:     4081.310     4081.670     4081.760     4081.860     4081.900
  1090:     4082.040     4082.320     4082.890     4084.080     4084.120
  1095:     4084.540     4085.310     4086.480     4086.530     4086.670
  1100:     4088.610     4088.670     4088.750     4088.860     4089.580
  1105:     4089.690     4091.800     4091.820     4091.900     4091.990
  1110:     4092.470     4095.580     4096.320     4168.710     4169.720
  1115:     4170.630     4174.090     4174.230     4174.720     4174.880
  1120:     4175.040     4175.060     4175.280     4175.680     4175.910
  1125:     4176.130     4176.450     4177.260     4177.380     4177.690
  1130:     4180.620     4180.680     4180.810     4180.910     4181.110
  1135:     4182.690     4267.760     4267.900     4268.230     4268.280
  1140:     4270.160     4270.390     4272.710     4273.950     4274.390
  1145:     4276.520     4276.710     4354.400     4368.010     4368.080
  1150:     4370.500     4370.660     4372.070     4437.700     4437.840
  1155:     4438.090     4439.770     4439.830     4439.930     4440.230
  1160:     4440.700     4440.770     4440.870     4440.920     4441.220
  1165:     4443.560     4443.600     4444.030     4444.100     4444.180
  1170:     4444.330     4445.470     4445.570     4445.880     4446.690
  1175:     4449.640     4450.050     4451.100     4521.290     4521.620
  1180:     4521.980     4522.410     4522.890     4524.250     4524.300
  1185:     4524.350     4524.900     4525.540     4525.700     4525.720
  1190:     4525.860     4527.340     4527.630     4528.660     4528.820
  1195:     4528.900     4529.090     4529.590     4531.360     4532.610
  1200:     4532.730     4532.840     4535.060     4535.280     4537.930
  1205:     4543.740     4543.930     4611.810     4611.950     4612.150
  1210:     4612.270     4612.400     4612.460     4612.560     4612.700
  1215:     4613.510     4613.660     4613.860     4614.340     4616.160
  1220:     4616.290     4616.450     4618.250     4618.570     4618.600
  1225:     4618.690     4618.770     4619.110     4619.220     4619.320
  1230:     4619.410     4619.510     4621.950     4622.080     4622.450
  1235:     4622.600     4623.790     4624.000     4624.110     4625.770
  1240:     4628.290     4684.160     4684.360     4701.940     4702.130
  1245:     4702.590     4702.750     4703.570     4703.580     4703.760
  1250:     4703.800     4703.850     4704.620     4704.760     4705.540
  1255:     4706.540     4708.470     4708.510     4709.010     4709.440
  1260:     4710.360     4710.510     4711.000     4711.680     4712.880
  1265:     4713.420     4713.480     4715.820     4802.060     4803.770
  1270:     4803.930     4804.620     4804.830     4805.240     4805.760
  1275:     4805.890     4808.850     4808.980     4809.420     4809.810
  1280:     4810.710     4810.790     4812.540     4812.550     4812.610
  1285:     4812.770     4812.830     4813.540     4815.920     4818.770
  1290:     4867.200     4867.350     4867.790     4867.810     4869.170
  1295:     4870.890     4871.530     4872.080     4872.360     4873.730
  1300:     4874.840     4875.130     4875.610     4875.720     4875.850
  1305:     4875.880     4876.250     4876.560     4876.750     4878.840
  1310:     4889.870     4895.760     4896.270     4897.410     4897.600
  1315:     4897.730     4898.680     4901.320     4902.000     4902.080
  1320:     4902.160     4902.740     4980.110     4988.640     4989.140
  1325:     4991.020     4992.230     4994.760     4995.160     4997.380
  1330:     5003.720     5004.020     5004.510     5004.690     5007.790
  1335:     5066.630     5066.680     5067.610     5068.050     5068.110
  1340:     5068.940     5069.450     5069.680     5069.830     5069.920
  1345:     5070.110     5070.280     5070.380     5072.840     5074.030
  1350:     5074.040     5074.190     5074.300     5074.410     5075.050
  1355:     5076.030     5076.220     5076.620     5076.790     5076.860
  1360:     5078.730     5080.700     5081.210     5081.490     5081.770
  1365:     5082.200     5082.410     5084.100     5165.160     5167.740
  1370:     5167.940     5169.090     5169.210     5169.400     5169.820
  1375:     5170.790     5171.830     5172.310     5172.430     5172.540
  1380:     5174.100     5174.260     5174.370     5174.540     5174.740
  1385:     5254.630     5254.820     5255.310     5255.320     5255.500
  1390:     5256.050     5261.070     5261.750     5263.000     5263.160
  1395:     5263.310     5263.370     5263.490     5263.590     5263.600
  1400:     5263.640     5264.020     5267.070     5348.980     5350.030
  1405:     5351.130     5351.420     5358.480     5358.610     5358.710
  1410:     5442.440     5442.510     5443.800     5520.660     5520.860
  1415:     5520.960     5524.000     5524.060     5525.030     5525.320
  1420:     5525.380     5525.820     5526.010     5526.540     5526.610
  1425:     5526.720     5526.810     5526.860     5526.940     5526.950
  1430:     5527.450     5527.560     5529.370     5530.050     5530.490
  1435:     5530.590     5530.740     5531.290     5532.710     5533.080
  1440:     5533.150     5533.240     5534.670     5534.740     5537.390
  1445:     5615.030     5615.710     5616.970     5617.270     5617.590
  1450:     5617.720     5620.090     5620.360     5620.490     5620.610
  1455:     5620.720     5620.840     5621.060     5622.780     5623.500
  1460:     5624.110     5624.290     5624.350     5624.480     5624.520
  1465:     5626.620     5626.810     5628.160     5628.230     5691.870
  1470:     5701.030     5701.690     5701.710     5701.900     5702.060
  1475:     5702.110     5702.650     5702.720     5702.790     5704.230
  1480:     5704.270     5704.730     5704.900     5705.320     5706.070
  1485:     5706.240     5706.990     5707.490     5709.280     5709.860
  1490:     5712.060     5712.250     5712.340     5712.430     5712.510
  1495:     5712.620     5712.720     5713.210     5716.250     5720.010
  1500:     5720.200     5720.470     5786.760     5787.000     5787.080
  1505:     5787.200     5787.340     5787.620     5787.780     5787.830
  1510:     5788.440     5788.570     5788.800     5788.920     5790.400
  1515:     5790.570     5790.590     5790.770     5790.870     5792.990
  1520:     5793.200     5793.340     5793.480     5793.530     5795.200
  1525:     5795.340     5796.450     5796.460     5797.630     5797.790
  1530:     5797.970     5798.020     5798.100     5799.720     5799.820
  1535:     5799.890     5862.680     5862.750     5862.890     5877.050
  1540:     5877.060     5877.120     5877.260     5877.290     5877.670
  1545:     5877.730     5880.680     5880.760     5880.880     5881.170
  1550:     5881.720     5882.640     5882.760     5882.920     5883.940
  1555:     5884.900     5885.580     5885.740     5885.830     5887.010
  1560:     5887.570     5887.670     5889.400     5890.030     5890.060
  1565:     5890.170     5890.260     5891.720     5891.820     5891.900
  1570:     5894.140     5894.790     5894.900     5952.220     5968.780
  1575:     5971.300     5971.340     5972.070     5972.450     5973.610
  1580:     5974.160     5974.730     5974.840     5977.070     5977.210
  1585:     5977.310     5978.910     5978.990     5979.050     5979.330
  1590:     5979.350     5979.470     5980.620     5980.840     5980.950
  1595:     5982.130     6060.370     6060.610     6066.710     6067.280
  1600:     6068.190     6068.660     6071.240     6071.290     6071.490
  1605:     6072.190     6076.510     6153.810     6154.060     6167.920
  1610:     6169.160     6248.040     6248.390     6248.540     6248.760
  1615:     6248.880     6262.230     6336.780     6339.010     6339.170
  1620:     6339.210     6339.630     6339.860     6343.350     6344.590
  1625:     6344.610     6344.720     6347.160     6431.030     6431.230
  1630:     6431.250     6431.410     6431.500     6435.810     6435.840
  1635:     6436.570     6437.280     6437.430     6437.510     6437.840
  1640:     6438.850     6439.910     6439.920     6441.320     6441.600
  1645:     6441.700     6443.820     6522.850     6584.750     6599.700
  1650:     6600.710     6600.830     6601.110     6601.350     6601.930
  1655:     6602.050     6602.940     6602.970     6603.100     6604.660
  1660:     6605.460     6605.570     6605.950     6606.070     6606.180
  1665:     6607.120     6608.670     6608.720     6608.810     6608.900
  1670:     6608.990     6609.090     6611.900     6611.940     6613.070
  1675:     6613.100     6613.290     6615.710     6616.150     6616.280
  1680:     6616.440     6616.920     6617.230     6691.070     6691.460
  1685:     6691.490     6694.050     6696.070     6696.160     6696.710
  1690:     6696.830     6696.970     6697.780     6705.170     6709.360
  1695:     6709.470     6712.220     6782.910     6783.240     6783.410
  1700:     6783.510     6783.960     6784.140     6784.450     6785.610
  1705:     6785.750     6785.880     6786.000     6788.010     6788.250
  1710:     6788.380     6788.480     6788.610     6789.030     6789.060
  1715:     6789.430     6791.040     6791.470     6791.490     6791.670
  1720:     6791.820     6792.210     6795.050     6795.290     6795.330
  1725:     6795.440     6795.820     6795.850     6796.600     6799.760
  1730:     6800.160     6800.390     6874.090     6874.660     6874.720
  1735:     6874.910     6875.230     6876.530     6877.450     6877.590
  1740:     6877.730     6877.860     6877.890     6878.160     6879.080
  1745:     6879.170     6879.330     6880.250     6880.690     6881.070
  1750:     6881.630     6883.660     6883.700     6883.750     6884.460
  1755:     6884.630     6885.020     6885.250     6885.370     6887.390
  1760:     6887.520     6890.150     6890.330     6890.590     6981.030
  1765:     6981.190     6983.520     6984.810     7056.640     7057.120
  1770:     7070.760     7148.920     7149.310     7149.440     7149.650
  1775:     7151.010     7151.080     7151.450     7151.910     7152.030
  1780:     7152.130     7152.810     7153.680     7153.700     7153.760
  1785:     7153.900     7154.070     7160.030     7160.210     7162.900
  1790:     7166.320     7167.150     7240.060     7240.140     7240.380
  1795:     7240.570     7241.260     7245.800     7245.930     7246.340
  1800:     7246.420     7246.590     7246.690     7246.800     7248.850
  1805:     7248.970     7249.070     7249.250     7249.340     7250.370
  1810:     7253.460     7258.310     7327.290     7327.740     7328.090
  1815:     7328.100     7328.180     7330.260     7330.300     7331.010
  1820:     7331.280     7331.500     7331.740     7331.940     7332.090
  1825:     7332.170     7332.250     7333.010     7333.260     7340.060
  1830:     7340.510     7341.640     7416.360     7416.920     7417.040
  1835:     7418.220     7418.320     7418.580     7418.720     7418.870
  1840:     7418.980     7419.910     7422.920     7423.300     7423.360
  1845:     7423.510     7423.690     7423.760     7426.530     7426.600
  1850:     7427.110     7427.240     7427.320     7429.620     7431.560
  1855:     7431.690     7432.050     7514.320     7514.490     7528.170
  1860:     7607.030     7607.210     7607.390     7620.320     7622.740
  1865:     7623.200     7623.420     7623.880     7705.980     7785.080
  1870:     7798.690     7871.230     7873.610     7873.760     7874.690
  1875:     7874.710     7875.240     7875.360     7875.460     7877.100
  1880:     7881.510     7881.590     7881.980     7884.810     7965.830
  1885:     7966.020     7966.580     7968.880     7969.620     7972.070
  1890:     7972.120     8050.670     8050.830     8051.590     8052.540
  1895:     8053.210     8053.440     8057.720     8057.790     8058.000
  1900:     8058.150     8058.360     8058.910     8060.220     8060.320
  1905:     8060.340     8060.450     8062.010     8064.850     8065.360
  1910:     8145.240     8151.420     8152.050     8152.340     8155.100
  1915:     8155.120     8155.300     8155.750     8156.890     8157.040
  1920:     8157.140     8158.750     8221.150     8226.960     8227.240
  1925:     8243.010     8243.350     8244.360     8245.170     8245.270
  1930:     8245.760     8246.030     8248.670     8248.700     8251.960
  1935:     8252.840     8325.600     8325.830     8325.950     8326.720
  1940:     8327.370     8327.390     8330.660     8332.200     8332.250
  1945:     8332.300     8341.540     8430.440     8430.910     8433.650
  1950:     8434.740     8437.750     8437.830     8437.900     8438.340
  1955:     8438.570     8440.690     8526.990     8527.530     8528.170
  1960:     8536.110     8538.170     8538.380     8540.740     8540.850
  1965:     8621.610     8621.820     8621.970     8622.280     8622.750
  1970:     8622.760     8622.870     8626.270     8626.990     8627.200
  1975:     8629.370     8629.610     8629.770     8629.840     8630.130
  1980:     8630.320     8632.670     8632.720     8632.740     8632.920
  1985:     8633.380     8633.500     8633.610     8700.190     8702.730
  1990:     8708.360     8710.920     8711.190     8782.140     8783.380
  1995:     8785.100     8785.200     8785.340     8786.140     8788.350
  2000:     8794.130     8795.810     8797.630     8882.650     8885.980
  2005:     8886.130     8886.160     8886.330
G:
     0:       80.500       83.530      372.790      468.670      468.820
     5:      469.010      469.360      471.190      471.420      471.550
    10:      740.120      913.370     1543.810     1784.350     1808.970
    15:     1809.840     1810.710     1810.770     2079.410     2079.480
    20:     2079.630     2080.190     2433.060     2437.780     2437.910
    25:     2783.690     2801.520     2801.790     3032.230     3032.300
    30:     3427.240     3427.590     4056.800     4114.520     4114.550
    35:     4116.890     4117.140     5747.900     5751.900     5751.950
    40:     5753.270     5753.320     5753.460     5753.950     5754.620
    45:     5827.260     5827.380     5827.460     6569.700     8095.470
    50:     8635.370     8635.400     8995.180     8995.280     8996.100
    55:     8997.470
H:
     0:     2415.110     3426.320     3426.400
I:
     0:     5818.010
K:
L:
     0:       41.450       44.390       46.350      128.540      128.760
     5:      217.050      217.980      219.780      308.040      400.090
    10:      489.100      578.110      578.710      668.120      668.700
    15:      672.970      758.140      846.160      846.640      932.140
    20:     1021.620     1110.100     1110.540     1113.060     1200.980
    25:     1288.820     1376.610     1469.120     1561.460     1646.200
    30:     1739.110     1830.140     1920.880     2014.400     2101.200
    35:     2188.860     2276.160     2367.100     2456.540     2545.690
    40:     2635.200     2727.850     2818.030     2818.110     2818.500
    45:     2906.070     2906.510     2906.740     2992.150     2992.700
    50:     3084.170     3176.130     3176.510     3265.110     3265.600
    55:     3354.090     3445.090     3535.870     3536.690     3622.640
    60:     3713.150     3713.570     3801.200     3802.280     3892.080
    65:     3894.750     3983.140     4072.150     4072.580     4073.170
    70:     4074.260     4076.070     4162.150     4162.500     4253.970
    75:     4254.350     4255.690     4346.840     4349.280     4349.840
    80:     4426.280     4515.030     4515.180     4515.810     4605.150
    85:     4695.120     4695.600     4697.740     4795.150     4882.350
    90:     4882.910     4971.730     5058.160     5154.310     5156.760
    95:     5243.680     5243.780     5244.280     5244.820     5245.450
   100:     5247.140     5331.150     5331.620     5422.150     5514.180
   105:     5607.400     5692.850     5779.490     5871.140     5871.710
   110:     5961.650     6051.740     6147.140     6241.820     6242.320
   115:     6324.380     6328.400     6423.160     6502.100     6502.550
   120:     6593.180     6684.540     6776.110     6776.430     6867.120
   125:     6961.040     6961.520     7050.100     7142.530     7142.850
   130:     7229.880     7230.660     7230.920     7231.280     7320.140
   135:     7409.090     7507.410     7599.390     7600.140     7685.250
   140:     7778.200     7778.370     7861.710     7951.450     7951.930
   145:     7952.470     8041.090     8138.170     8228.100     8228.470
   150:     8319.130     8319.580     8320.030     8418.410     8515.300
   155:     8614.780     8687.980     8689.370     8775.260     8862.160
M:
     0:       10.000       12.000       12.000       13.000       14.000
     5:       17.000       12.000       15.000       16.000       14.000
    10:       12.000       15.000       14.000       14.000       12.000
    15:       14.000       15.000       14.000       16.000       10.000
    20:       15.000       14.000       16.000       17.000       15.000
    25:       14.000       18.000       12.000       14.000       16.000
    30:       11.000       13.000       13.000       14.000       15.000
    35:       18.000       13.000       16.000       17.000       15.000
    40:       13.000       16.000       15.000       15.000       13.000
    45:       15.000       16.000       15.000       17.000       11.000
    50:       16.000       15.000       17.000       18.000       16.000
    55:       15.000       19.000       13.000       15.000       17.000
    60:       12.000       14.000       14.000       15.000       16.000
    65:       19.000       14.000       17.000       18.000       16.000
    70:       14.000       17.000       16.000       16.000       14.000
    75:       16.000       17.000       16.000       18.000       12.000
    80:       17.000       16.000       18.000       19.000       17.000
    85:       16.000       20.000       14.000       16.000       19.000
    90:       13.000       14.000       13.000       19.000       13.000
    95:       15.000       14.000       13.000       14.000
P:
     0:       61.450       61.950       62.450      148.540      149.040
     5:      149.540      237.050      237.550      238.050      328.040
    10:      328.540      329.040      420.090      420.590      421.090
    15:      509.100      509.600      510.100      598.110      598.610
    20:      599.110      688.120      688.620      689.120      778.140
    25:      778.640      779.140      866.160      866.660      867.160
    30:      952.140      952.640      953.140     1041.620     1042.120
    35:     1042.620     1130.100     1130.600     1131.100     1220.980
    40:     1221.480     1221.980     1308.820     1309.320     1309.820
    45:     1396.610     1397.110     1397.610     1489.120     1489.620
    50:     1490.120     1581.460     1581.960     1582.460     1666.200
    55:     1666.700     1667.200     1759.110     1759.610     1760.110
    60:     1850.140     1850.640     1851.140     1940.880     1941.380
    65:     1941.880     2034.400     2034.900     2035.400     2121.200
    70:     2121.700     2122.200     2208.860     2209.360     2209.860
    75:     2296.160     2296.660     2297.160     2387.100     2387.600
    80:     2388.100     2476.540     2477.040     2477.540     2565.690
    85:     2566.190     2566.690     2655.200     2655.700     2656.200
    90:     2747.850     2748.350     2748.850     2838.030     2838.530
    95:     2839.030     2926.070     2926.570     2927.070     3012.150
   100:     3012.650     3013.150     3104.170     3104.670     3105.170
   105:     3196.130     3196.630     3197.130     3285.110     3285.610
   110:     3286.110     3374.090     3374.590     3375.090     3465.090
   115:     3465.590     3466.090     3555.870     3556.370     3556.870
   120:     3642.640     3643.140     3643.640     3733.150     3733.650
   125:     3734.150     3821.200     3821.700     3822.200     3912.080
   130:     3912.580     3913.080     4003.140     4003.640     4004.140
   135:     4092.150     4092.650     4093.150     4182.150     4182.650
   140:     4183.150     4273.970     4274.470     4274.970     4366.840
   145:     4367.340     4367.840     4446.280     4446.780     4447.280
   150:     4535.030     4535.530     4536.030     4625.150     4625.650
   155:     4626.150     4715.120     4715.620     4716.120     4815.150
   160:     4815.650     4816.150     4902.350     4902.850     4903.350
   165:     4991.730     4992.230     4992.730     5078.160     5078.660
   170:     5079.160     5174.310     5174.810     5175.310     5263.680
   175:     5264.180     5264.680     5351.150     5351.650     5352.150
   180:     5442.150     5442.650     5443.150     5534.180     5534.680
   185:     5535.180     5627.400     5627.900     5628.400     5712.850
   190:     5713.350     5713.850     5799.490     5799.990     5800.490
   195:     5891.140     5891.640     5892.140     5981.650     5982.150
   200:     5982.650     6071.740     6072.240     6072.740     6167.140
   205:     6167.640     6168.140     6261.820     6262.320     6262.820
   210:     6344.380     6344.880     6345.380     6443.160     6443.660
   215:     6444.160     6522.100     6522.600     6523.100     6613.180
   220:     6613.680     6614.180     6704.540     6705.040     6705.540
   225:     6796.110     6796.610     6797.110     6887.120     6887.620
   230:     6888.120     6981.040     6981.540     6982.040     7070.100
   235:     7070.600     7071.100     7162.530     7163.030     7163.530
   240:     7249.880     7250.380     7250.880     7340.140     7340.640
   245:     7341.140     7429.090     7429.590     7430.090     7527.410
   250:     7527.910     7528.410     7619.390     7619.890     7620.390
   255:     7705.250     7705.750     7706.250     7798.200     7798.700
   260:     7799.200     7881.710     7882.210     7882.710     7971.450
   265:     7971.950     7972.450     8061.090     8061.590     8062.090
   270:     8158.170     8158.670     8159.170     8248.100     8248.600
   275:     8249.100     8339.130     8339.630     8340.130     8438.410
   280:     8438.910     8439.410     8535.300     8535.800     8536.300
   285:     8634.780     8635.280     8635.780     8707.980     8708.480
   290:     8708.980     8795.260     8795.760     8796.260     8882.160
   295:     8882.660     8883.160
R:
     0:       41.450      128.540      217.050      308.040      400.090
     5:      489.100      578.110      668.120      758.140      846.160
    10:      932.140     1021.620     1110.100     1200.980     1288.820
    15:     1376.610     1469.120     1561.460     1646.200     1739.110
    20:     1830.140     1920.880     2014.400     2101.200     2188.860
    25:     2276.160     2367.100     2456.540     2545.690     2635.200
    30:     2727.850     2818.030     2906.070     2992.150     3084.170
    35:     3176.130     3265.110     3354.090     3445.090     3535.870
    40:     3622.640     3713.150     3801.200     3892.080     3983.140
    45:     4072.150     4162.150     4253.970     4346.840     4426.280
    50:     4515.030     4605.150     4695.120     4795.150     4882.350
    55:     4971.730     5058.160     5154.310     5243.680     5331.150
    60:     5422.150     5514.180     5607.400     5692.850     5779.490
    65:     5871.140     5961.650     6051.740     6147.140     6241.820
    70:     6324.380     6423.160     6502.100     6593.180     6684.540
    75:     6776.110     6867.120     6961.040     7050.100     7142.530
    80:     7229.880     7320.140     7409.090     7507.410     7599.390
    85:     7685.250     7778.200     7861.710     7951.450     8041.090
    90:     8138.170     8228.100     8319.130     8418.410     8515.300
    95:     8614.780     8687.980     8775.260     8862.160
V:
W:
     0:        1.000        1.000        1.000        1.000        1.000
     5:        1.000        1.000        1.000        1.000        1.000
    10:        1.000        1.000        1.000        1.000        1.000
    15:        1.000        1.000        1.000        1.000        1.000
    20:        1.000        1.000        1.000        1.000        1.000
    25:        1.000        1.000        1.000        1.000        1.000
    30:        1.000        1.000        1.000        1.000        1.000
    35:        1.000
X:
     0:       15.000       15.150      102.000      102.150      192.000
     5:      192.150      283.000      283.150      375.000      375.150
    10:      464.000      464.150      553.000      553.150      643.000
    15:      643.150      733.000      733.150      821.000      821.150
    20:      907.000      907.150      996.000      996.150     1085.000
    25:     1085.150     1175.000     1175.150     1263.000     1263.150
    30:     1351.000     1351.150     1444.000     1444.150     1536.000
    35:     1536.150     1621.000     1621.150     1714.000     1714.150
    40:     1805.000     1805.150     1895.000     1895.150     1989.000
    45:     1989.150     2076.000     2076.150     2163.000     2163.150
    50:     2251.000     2251.150     2342.000     2342.150     2431.000
    55:     2431.150     2520.000     2520.150     2610.000     2610.150
    60:     2700.000     2700.150     2793.000     2793.150     2881.000
    65:     2881.150     2967.000     2967.150     3059.000     3059.150
    70:     3151.000     3151.150     3240.000     3240.150     3329.000
    75:     3329.150     3420.000     3420.150     3509.000     3509.150
    80:     3597.000     3597.150     3688.000     3688.150     3775.000
    85:     3775.150     3867.000     3867.150     3958.000     3958.150
    90:     4047.000     4047.150     4137.000     4137.150     4228.000
    95:     4228.150     4313.000     4313.150     4400.000     4400.150
   100:     4490.000     4490.150     4580.000     4580.150     4670.000
   105:     4670.150     4763.000     4763.150     4857.000     4857.150
   110:     4945.000     4945.150     5033.000     5033.150     5127.000
   115:     5127.150     5218.000     5218.150     5306.000     5306.150
   120:     5397.000     5397.150     5487.000     5487.150     5576.000
   125:     5576.150     5665.000     5665.150     5754.000     5754.150
   130:     5846.000     5846.150     5936.000     5936.150     6025.000
   135:     6025.150     6115.000     6115.150     6208.000     6208.150
   140:     6299.000     6299.150     6387.000     6387.150     6477.000
   145:     6477.150     6568.000     6568.150     6659.000     6659.150
   150:     6751.000     6751.150     6842.000     6842.150     6931.000
   155:     6931.150     7025.000     7025.150     7116.000     7116.150
   160:     7203.000     7203.150     7295.000     7295.150     7384.000
   165:     7384.150     7478.000     7478.150     7569.000     7569.150
   170:     7659.000     7659.150     7748.000     7748.150     7835.000
   175:     7835.150     7924.000     7924.150     8016.000     8016.150
   180:     8111.000     8111.150     8203.000     8203.150     8294.000
   185:     8294.150     8385.000     8385.150     8478.000     8478.150
   190:     8570.000     8570.150     8659.000     8659.150     8746.000
   195:     8746.150     8837.000     8837.150     8925.000     8925.150
Y:
Z:
     0:        0.000       99.000      160.000        1.000        3.000
     5:        0.000      297.000      200.000        0.000        0.000
    10:        0.000     2008.000       56.000        0.000        0.000
    15:        0.000
