File: C:\MED-PC IV\Data\Tarun\RM-B12_RM036\postBaseplate\R08\S03_R08_SA2_4extraTrials


Start Date: 06/07/17
End Date: 06/07/17
Subject: 8
Experiment: 0
Group: 0
Box: 1
Start Time: 16:19:54
End Time: 16:26:19
MSN: TEST-MiniScope_FR1-3p_4trials_06072017
A:       0.000
E:       0.000
J:       5.000
N:       0.000
O:       0.000
Q:       0.000
S:       0.000
T:     370.000
U:       0.000
B:
     0:        0.000       10.000       10.000       15.000       20.000
     5:       20.000       20.000       10.000       17.000        4.000
    10:        1.000        3.000       15.000        0.010        1.000
    15:        0.000        0.000        5.000       20.000        5.000
C:
     0:        4.000        4.000       12.000        0.000        0.203
     5:        0.000       12.000        4.000        0.000        0.203
    10:        0.000      155.000       41.000     2308.000      907.020
    15:        1.000        1.000        1.000        0.000        0.390
    20:        1.000        3.000        1.000        0.000        0.390
    25:        1.000       36.000        0.000      577.000       15.000
    30:        2.000        1.000        4.000        0.000        0.140
    35:        2.000        3.000        1.000        0.000        0.140
    40:        2.000       33.000        0.000      577.000       11.000
    45:        3.000        1.000        4.000        0.000        0.110
    50:        3.000        3.000        1.000        0.000        0.110
    55:        3.000       31.000        0.000      577.000       12.000
    60:        4.000        1.000        3.000        0.000        0.170
    65:        4.000        3.000        1.000        0.000        0.170
    70:        4.000       55.000       41.000      577.000       17.000
D:
     0:        0.000        0.000        0.000        0.000        0.000
     5:        0.000        0.000        0.000        0.000        0.000
    10:        0.000        0.000        0.000        0.000        0.000
    15:        1.000       15.000       90.000       40.000       45.390
    20:        1.000       60.390       61.390       40.390       60.390
    25:        1.000       25.000       80.000       15.000       15.150
    30:        2.000      105.000      180.000      130.000      135.140
    35:        2.000      150.140      151.140      130.140      150.140
    40:        2.000      115.000      170.000      105.000      105.150
    45:        3.000      191.000      266.000      216.000      221.110
    50:        3.000      236.110      237.110      216.110      236.110
    55:        3.000      201.000      256.000      191.000      191.150
    60:        4.000      278.000      353.000      303.000      308.170
    65:        4.000      323.170      324.170      303.170      323.170
    70:        4.000      288.000      343.000      278.000      278.150
F:
     0:       46.660       46.980       47.250       47.550       47.890
     5:       50.370       50.960       51.300       51.360       51.640
    10:       51.800       51.810       52.010       52.290       52.470
    15:       52.920       53.060       53.180       53.820       53.940
    20:       54.130       54.270       54.700       55.530       55.660
    25:       55.690       56.090       57.230       57.910       57.920
    30:       58.010       58.050       58.140       60.850       62.450
    35:       64.490      118.560      136.760      136.880      137.180
    40:      137.260      137.470      137.640      137.800      138.570
    45:      138.650      138.740      138.790      138.840      139.450
    50:      139.610      140.310      140.440      140.660      140.760
    55:      140.940      141.590      141.910      142.000      142.200
    60:      142.730      142.800      143.480      143.520      145.450
    65:      146.830      148.460      150.580      154.780      224.970
    70:      225.090      225.300      225.610      225.820      226.010
    75:      226.620      226.760      227.770      227.870      227.990
    80:      228.090      228.400      228.930      229.020      229.600
    85:      229.680      229.950      230.160      230.470      231.070
    90:      232.240      232.310      232.420      233.270      233.630
    95:      234.150      234.820      235.240      235.480      236.670
   100:      315.700      315.840      316.160      316.640      317.020
   105:      317.160      317.180      317.240      317.280      317.430
   110:      317.570      317.640      320.260      320.530      320.740
   115:      320.790      320.910      321.060      322.830      322.950
   120:      323.000      323.180      323.440      328.290      328.410
   125:      328.620      329.000      329.180      329.370      329.740
   130:      329.810      330.080      332.360      332.610      334.200
   135:      335.240      335.500      335.550      335.690      338.500
   140:      339.080      339.250      339.360      339.650      339.740
   145:      339.910      340.650      340.840      341.520      341.770
   150:      341.910      341.980      342.520      342.760      342.980
G:
     0:      279.170      279.590      280.030      280.140      282.150
     5:      282.520      282.930      283.400      283.690      284.000
    10:      284.170      284.200      284.370      285.240      285.420
    15:      285.780      285.990      286.200      286.280      286.490
    20:      286.930      286.960      287.070      287.350      287.440
    25:      287.820      343.620      343.830      344.130      345.600
    30:      346.210      346.320      347.630      347.830      347.960
    35:      348.320      349.140      349.200      350.320      350.520
    40:      351.350
H:
I:
K:
     0:       15.270       15.360       15.460       15.560       15.650
     5:       15.750       15.840       15.940       16.030       16.130
    10:       16.220       16.320       16.410       16.510       16.600
    15:       16.700       16.790       16.890       16.980       17.080
    20:       17.180       17.270       17.370       17.460       17.560
    25:       17.650       17.750       17.840       17.940       18.030
    30:       18.130       18.220       18.320       18.410       18.510
    35:       18.610       18.700       18.800       18.890       18.990
    40:       19.080       19.180       19.270       19.370       19.460
    45:       19.560       19.650       19.750       19.840       19.940
    50:       20.030       20.130       20.230       20.320       20.420
    55:       20.510       20.610       20.700       20.800       20.890
    60:       20.990       21.080       21.180       21.270       21.370
    65:       21.460       21.560       21.650       21.750       21.850
    70:       21.940       22.040       22.130       22.230       22.320
    75:       22.420       22.510       22.610       22.700       22.800
    80:       22.890       22.990       23.080       23.180       23.270
    85:       23.370       23.470       23.560       23.660       23.750
    90:       23.850       23.940       24.040       24.130       24.230
    95:       24.320       24.420       24.510       24.610       24.700
   100:       24.800       24.890       24.990       80.070       80.170
   105:       80.260       80.360       80.450       80.550       80.640
   110:       80.740       80.830       80.930       81.020       81.120
   115:       81.220       81.310       81.410       81.500       81.600
   120:       81.690       81.790       81.880       81.980       82.070
   125:       82.170       82.260       82.360       82.450       82.550
   130:       82.640       82.740       82.840       82.930       83.030
   135:       83.120       83.220       83.310       83.410       83.500
   140:       83.600       83.690       83.790       83.880       83.980
   145:       84.070       84.170       84.260       84.360       84.460
   150:       84.550       84.650       84.740       84.840       84.930
   155:       85.030       85.120       85.220       85.310       85.410
   160:       85.500       85.600       85.690       85.790       85.880
   165:       85.980       86.080       86.170       86.270       86.360
   170:       86.460       86.550       86.650       86.740       86.840
   175:       86.930       87.030       87.120       87.220       87.310
   180:       87.410       87.500       87.600       87.700       87.790
   185:       87.890       87.980       88.080       88.170       88.270
   190:       88.360       88.460       88.550       88.650       88.740
   195:       88.840       88.930       89.030       89.120       89.220
   200:       89.320       89.410       89.510       89.600       89.700
   205:       89.790       89.890       89.980       90.080       90.170
   210:       90.270       90.360       90.460       90.550       90.650
   215:       90.740       90.840       90.940       91.030       91.130
   220:       91.220       91.320       91.410      105.220      105.310
   225:      105.410      105.500      105.600      105.700      105.790
   230:      105.890      105.980      106.080      106.170      106.270
   235:      106.360      106.460      106.550      106.650      106.740
   240:      106.840      106.930      107.030      107.120      107.220
   245:      107.320      107.410      107.510      107.600      107.700
   250:      107.790      107.890      107.980      108.080      108.170
   255:      108.270      108.360      108.460      108.550      108.650
   260:      108.740      108.840      108.940      109.030      109.130
   265:      109.220      109.320      109.410      109.510      109.600
   270:      109.700      109.790      109.890      109.980      110.080
   275:      110.170      110.270      110.360      110.460      110.560
   280:      110.650      110.750      110.840      110.940      111.030
   285:      111.130      111.220      111.320      111.410      111.510
   290:      111.600      111.700      111.790      111.890      111.980
   295:      112.080      112.180      112.270      112.370      112.460
   300:      112.560      112.650      112.750      112.840      112.940
   305:      113.030      113.130      113.220      113.320      113.410
   310:      113.510      113.600      113.700      113.800      113.890
   315:      113.990      114.080      114.180      114.270      114.370
   320:      114.460      114.560      114.650      114.750      114.840
   325:      114.940      170.020      170.120      170.210      170.310
   330:      170.400      170.500      170.590      170.690      170.780
   335:      170.880      170.970      171.070      171.160      171.260
   340:      171.350      171.450      171.550      171.640      171.740
   345:      171.830      171.930      172.020      172.120      172.210
   350:      172.310      172.400      172.500      172.590      172.690
   355:      172.780      172.880      172.970      173.070      173.170
   360:      173.260      173.360      173.450      173.550      173.640
   365:      173.740      173.830      173.930      174.020      174.120
   370:      174.210      174.310      174.400      174.500      174.590
   375:      174.690      174.790      174.880      174.980      175.070
   380:      175.170      175.260      175.360      175.450      175.550
   385:      175.640      175.740      175.830      175.930      176.020
   390:      176.120      176.210      176.310      176.410      176.500
   395:      176.600      176.690      176.790      176.880      176.980
   400:      177.070      177.170      177.260      177.360      177.450
   405:      177.550      177.640      177.740      177.830      177.930
   410:      178.030      178.120      178.220      178.310      178.410
   415:      178.500      178.600      178.690      178.790      178.880
   420:      178.980      179.070      179.170      179.260      179.360
   425:      179.450      179.550      179.650      179.740      179.840
   430:      179.930      180.030      180.120      180.220      180.310
   435:      180.410      180.500      180.600      180.690      180.790
   440:      180.880      180.980      181.080      181.170      181.270
   445:      181.360      191.270      191.360      191.460      191.550
   450:      191.650      191.740      191.840      191.930      192.030
   455:      192.120      192.220      192.310      192.410      192.500
   460:      192.600      192.690      192.790      192.890      192.980
   465:      193.080      193.170      193.270      193.360      193.460
   470:      193.550      193.650      193.740      193.840      193.930
   475:      194.030      194.120      194.220      194.310      194.410
   480:      194.510      194.600      194.700      194.790      194.890
   485:      194.980      195.080      195.170      195.270      195.360
   490:      195.460      195.550      195.650      195.740      195.840
   495:      195.930      196.030      196.130      196.220      196.320
   500:      196.410      196.510      196.600      196.700      196.790
   505:      196.890      196.980      197.080      197.170      197.270
   510:      197.360      197.460      197.550      197.650      197.750
   515:      197.840      197.940      198.030      198.130      198.220
   520:      198.320      198.410      198.510      198.600      198.700
   525:      198.790      198.890      198.980      199.080      199.170
   530:      199.270      199.370      199.460      199.560      199.650
   535:      199.750      199.840      199.940      200.030      200.130
   540:      200.220      200.320      200.410      200.510      200.600
   545:      200.700      200.790      200.890      200.990      256.070
   550:      256.160      256.260      256.350      256.450      256.540
   555:      256.640      256.730      256.830      256.920      257.020
   560:      257.120      257.210      257.310      257.400      257.500
   565:      257.590      257.690      257.780      257.880      257.970
   570:      258.070      258.160      258.260      258.350      258.450
   575:      258.540      258.640      258.740      258.830      258.930
   580:      259.020      259.120      259.210      259.310      259.400
   585:      259.500      259.590      259.690      259.780      259.880
   590:      259.970      260.070      260.160      260.260      260.360
   595:      260.450      260.550      260.640      260.740      260.830
   600:      260.930      261.020      261.120      261.210      261.310
   605:      261.400      261.500      261.590      261.690      261.780
   610:      261.880      261.980      262.070      262.170      262.260
   615:      262.360      262.450      262.550      262.640      262.740
   620:      262.830      262.930      263.020      263.120      263.210
   625:      263.310      263.400      263.500      263.600      263.690
   630:      263.790      263.880      263.980      264.070      264.170
   635:      264.260      264.360      264.450      264.550      264.640
   640:      264.740      264.830      264.930      265.020      265.120
   645:      265.220      265.310      265.410      265.500      265.600
   650:      265.690      265.790      265.880      265.980      266.070
   655:      266.170      266.260      266.360      266.450      266.550
   660:      266.640      266.740      266.840      266.930      267.030
   665:      267.120      267.220      267.310      267.410      278.280
   670:      278.380      278.470      278.570      278.660      278.760
   675:      278.850      278.950      279.040      279.140      279.230
   680:      279.330      279.430      279.520      279.620      279.710
   685:      279.810      279.900      280.000      280.090      280.190
   690:      280.280      280.380      280.470      280.570      280.660
   695:      280.760      280.860      280.950      281.050      281.140
   700:      281.240      281.330      281.430      281.520      281.620
   705:      281.710      281.810      281.900      282.000      282.090
   710:      282.190      282.280      282.380      282.480      282.570
   715:      282.670      282.760      282.860      282.950      283.050
   720:      283.140      283.240      283.330      283.430      283.520
   725:      283.620      283.710      283.810      283.900      284.000
   730:      284.100      284.190      284.290      284.380      284.480
   735:      284.570      284.670      284.760      284.860      284.950
   740:      285.050      285.140      285.240      285.330      285.430
   745:      285.520      285.620      285.720      285.810      285.910
   750:      286.000      286.100      286.190      286.290      286.380
   755:      286.480      286.570      286.670      286.760      286.860
   760:      286.950      287.050      287.140      287.240      287.340
   765:      287.430      287.530      287.620      287.720      287.810
   770:      287.910      288.000      343.080      343.180      343.270
   775:      343.370      343.470      343.560      343.660      343.750
   780:      343.850      343.940      344.040      344.130      344.230
   785:      344.320      344.420      344.510      344.610      344.700
   790:      344.800      344.890      344.990      345.090      345.180
   795:      345.280      345.370      345.470      345.560      345.660
   800:      345.750      345.850      345.940      346.040      346.130
   805:      346.230      346.320      346.420      346.510      346.610
   810:      346.710      346.800      346.900      346.990      347.090
   815:      347.180      347.280      347.370      347.470      347.560
   820:      347.660      347.750      347.850      347.940      348.040
   825:      348.130      348.230      348.330      348.420      348.520
   830:      348.610      348.710      348.800      348.900      348.990
   835:      349.090      349.180      349.280      349.370      349.470
   840:      349.560      349.660      349.750      349.850      349.950
   845:      350.040      350.140      350.230      350.330      350.420
   850:      350.520      350.610      350.710      350.800      350.900
   855:      350.990      351.090      351.180      351.280      351.370
   860:      351.470      351.570      351.660      351.760      351.850
   865:      351.950      352.040      352.140      352.230      352.330
   870:      352.420      352.520      352.610      352.710      352.800
   875:      352.900      352.990      353.090      353.190      353.280
   880:      353.380      353.470      353.570      353.660      353.760
   885:      353.850      353.950      354.040      354.140      354.230
   890:      354.330      354.420
L:
     0:       40.390      130.140      130.560      131.040      131.330
     5:      216.110      216.460      216.660      217.250      303.170
    10:      303.850      304.230
M:
     0:       10.000       12.000       12.000       13.000       14.000
     5:       17.000       12.000       15.000       16.000       14.000
    10:       12.000       15.000       14.000       14.000       12.000
    15:       14.000       15.000       14.000       16.000       10.000
    20:       15.000       14.000       16.000       17.000       15.000
    25:       14.000       18.000       12.000       14.000       16.000
    30:       11.000       13.000       13.000       14.000       15.000
    35:       18.000       13.000       16.000       17.000       15.000
    40:       13.000       16.000       15.000       15.000       13.000
    45:       15.000       16.000       15.000       17.000       11.000
    50:       16.000       15.000       17.000       18.000       16.000
    55:       15.000       19.000       13.000       15.000       17.000
    60:       12.000       14.000       14.000       15.000       16.000
    65:       19.000       14.000       17.000       18.000       16.000
    70:       14.000       17.000       16.000       16.000       14.000
    75:       16.000       17.000       16.000       18.000       12.000
    80:       17.000       16.000       18.000       19.000       17.000
    85:       16.000       20.000       14.000       16.000       19.000
    90:       13.000       14.000       13.000       19.000       13.000
    95:       15.000       14.000       13.000       14.000
P:
     0:       60.390       60.890       61.390      150.140      150.640
     5:      151.140      236.110      236.610      237.110      323.170
    10:      323.670      324.170
R:
     0:       40.390      130.140      216.110      303.170
V:
W:
     0:        1.000        1.000        1.000        1.000        1.000
     5:        1.000        1.000        1.000        1.000        1.000
    10:        1.000        1.000        1.000        1.000        1.000
    15:        1.000        1.000        1.000        1.000        1.000
    20:        1.000        1.000        1.000        1.000        1.000
    25:        1.000        1.000        1.000        1.000        1.000
    30:        1.000        1.000        1.000        1.000        1.000
    35:        1.000
X:
     0:       15.000       15.150      105.000      105.150      191.000
     5:      191.150      278.000      278.150
Y:
     0:       25.090       25.180       25.280       25.370       25.470
     5:       25.560       25.660       25.750       25.850       25.940
    10:       26.040       26.130       26.230       26.320       26.420
    15:       26.510       26.610       26.710       26.800       26.900
    20:       26.990       27.090       27.180       27.280       27.370
    25:       27.470       27.560       27.660       27.750       27.850
    30:       27.940       28.040       28.130       28.230       28.330
    35:       28.420       28.520       28.610       28.710       28.800
    40:       28.900       28.990       29.090       29.180       29.280
    45:       29.370       29.470       29.560       29.660       29.750
    50:       29.850       29.950       30.040       30.140       30.230
    55:       30.330       30.420       30.520       30.610       30.710
    60:       30.800       30.900       30.990       31.090       31.180
    65:       31.280       31.370       31.470       31.570       31.660
    70:       31.760       31.850       31.950       32.040       32.140
    75:       32.230       32.330       32.420       32.520       32.610
    80:       32.710       32.800       32.900       32.990       33.090
    85:       33.190       33.280       33.380       33.470       33.570
    90:       33.660       33.760       33.850       33.950       34.040
    95:       34.140       34.230       34.330       34.420       34.520
   100:       34.610       34.710       34.810       34.900       35.000
   105:       35.090       35.190       35.280       35.380       35.470
   110:       35.570       35.660       35.760       35.850       35.950
   115:       36.040       36.140       36.230       36.330       36.430
   120:       36.520       36.620       36.710       36.810       36.900
   125:       37.000       37.090       37.190       37.280       37.380
   130:       37.470       37.570       37.660       37.760       37.850
   135:       37.950       38.050       38.140       38.240       38.330
   140:       38.430       38.520       38.620       38.710       38.810
   145:       38.900       39.000       39.090       39.190       39.280
   150:       39.380       39.480       39.570       39.670       39.760
   155:       39.860       39.950       40.050       40.140       40.240
   160:       40.330       40.430       40.520       40.620       40.710
   165:       40.810       40.900       41.000       41.100       41.190
   170:       41.290       41.380       41.480       41.570       41.670
   175:       41.760       41.860       41.950       42.050       42.140
   180:       42.240       42.330       42.430       42.520       42.620
   185:       42.720       42.810       42.910       43.000       43.100
   190:       43.190       43.290       43.380       43.480       43.570
   195:       43.670       43.760       43.860       43.950       44.050
   200:       44.140       44.240       44.340       44.430       44.530
   205:       44.620       44.720       44.810       44.910       45.000
   210:       45.100       45.190       45.290       45.380       45.480
   215:       45.570       45.670       45.760       45.860       45.960
   220:       46.050       46.150       46.240       46.340       46.430
   225:       46.530       46.620       46.720       46.810       46.910
   230:       47.000       47.100       47.190       47.290       47.380
   235:       47.480       47.580       47.670       47.770       47.860
   240:       47.960       48.050       48.150       48.240       48.340
   245:       48.430       48.530       48.620       48.720       48.810
   250:       48.910       49.000       49.100       49.200       49.290
   255:       49.390       49.480       49.580       49.670       49.770
   260:       49.860       49.960       50.050       50.150       50.240
   265:       50.340       50.430       50.530       50.620       50.720
   270:       50.820       50.910       51.010       51.100       51.200
   275:       51.290       51.390       51.480       51.580       51.670
   280:       51.770       51.860       51.960       52.050       52.150
   285:       52.240       52.340       52.440       52.530       52.630
   290:       52.720       52.820       52.910       53.010       53.100
   295:       53.200       53.290       53.390       53.480       53.580
   300:       53.670       53.770       53.860       53.960       54.060
   305:       54.150       54.250       54.340       54.440       54.530
   310:       54.630       54.720       54.820       54.910       55.010
   315:       55.100       55.200       55.290       55.390       55.480
   320:       55.580       55.680       55.770       55.870       55.960
   325:       56.060       56.150       56.250       56.340       56.440
   330:       56.530       56.630       56.720       56.820       56.910
   335:       57.010       57.100       57.200       57.300       57.390
   340:       57.490       57.580       57.680       57.770       57.870
   345:       57.960       58.060       58.150       58.250       58.340
   350:       58.440       58.530       58.630       58.720       58.820
   355:       58.920       59.010       59.110       59.200       59.300
   360:       59.390       59.490       59.580       59.680       59.770
   365:       59.870       59.960       60.060       60.150       60.250
   370:       60.350       60.440       60.540       60.630       60.730
   375:       60.820       60.920       61.010       61.110       61.200
   380:       61.300       61.390       61.490       61.580       61.680
   385:       61.770       61.870       61.970       62.060       62.160
   390:       62.250       62.350       62.440       62.540       62.630
   395:       62.730       62.820       62.920       63.010       63.110
   400:       63.200       63.300       63.390       63.490       63.590
   405:       63.680       63.780       63.870       63.970       64.060
   410:       64.160       64.250       64.350       64.440       64.540
   415:       64.630       64.730       64.820       64.920       65.010
   420:       65.110       65.210       65.300       65.400       65.490
   425:       65.590       65.680       65.780       65.870       65.970
   430:       66.060       66.160       66.250       66.350       66.440
   435:       66.540       66.630       66.730       66.830       66.920
   440:       67.020       67.110       67.210       67.300       67.400
   445:       67.490       67.590       67.680       67.780       67.870
   450:       67.970       68.060       68.160       68.250       68.350
   455:       68.450       68.540       68.640       68.730       68.830
   460:       68.920       69.020       69.110       69.210       69.300
   465:       69.400       69.490       69.590       69.680       69.780
   470:       69.870       69.970       70.070       70.160       70.260
   475:       70.350       70.450       70.540       70.640       70.730
   480:       70.830       70.920       71.020       71.110       71.210
   485:       71.300       71.400       71.490       71.590       71.690
   490:       71.780       71.880       71.970       72.070       72.160
   495:       72.260       72.350       72.450       72.540       72.640
   500:       72.730       72.830       72.920       73.020       73.110
   505:       73.210       73.310       73.400       73.500       73.590
   510:       73.690       73.780       73.880       73.970       74.070
   515:       74.160       74.260       74.350       74.450       74.540
   520:       74.640       74.730       74.830       74.930       75.020
   525:       75.120       75.210       75.310       75.400       75.500
   530:       75.590       75.690       75.780       75.880       75.970
   535:       76.070       76.160       76.260       76.350       76.450
   540:       76.550       76.640       76.740       76.830       76.930
   545:       77.020       77.120       77.210       77.310       77.400
   550:       77.500       77.590       77.690       77.780       77.880
   555:       77.970       78.070       78.170       78.260       78.360
   560:       78.450       78.550       78.640       78.740       78.830
   565:       78.930       79.020       79.120       79.210       79.310
   570:       79.400       79.500       79.590       79.690       79.790
   575:       79.880       79.980      115.030      115.130      115.220
   580:      115.320      115.420      115.510      115.610      115.700
   585:      115.800      115.890      115.990      116.080      116.180
   590:      116.270      116.370      116.460      116.560      116.650
   595:      116.750      116.840      116.940      117.040      117.130
   600:      117.230      117.320      117.420      117.510      117.610
   605:      117.700      117.800      117.890      117.990      118.080
   610:      118.180      118.270      118.370      118.470      118.560
   615:      118.660      118.750      118.850      118.940      119.040
   620:      119.130      119.230      119.320      119.420      119.510
   625:      119.610      119.700      119.800      119.890      119.990
   630:      120.090      120.180      120.280      120.370      120.470
   635:      120.560      120.660      120.750      120.850      120.940
   640:      121.040      121.130      121.230      121.320      121.420
   645:      121.510      121.610      121.710      121.800      121.900
   650:      121.990      122.090      122.180      122.280      122.370
   655:      122.470      122.560      122.660      122.750      122.850
   660:      122.940      123.040      123.130      123.230      123.330
   665:      123.420      123.520      123.610      123.710      123.800
   670:      123.900      123.990      124.090      124.180      124.280
   675:      124.370      124.470      124.560      124.660      124.750
   680:      124.850      124.950      125.040      125.140      125.230
   685:      125.330      125.420      125.520      125.610      125.710
   690:      125.800      125.900      125.990      126.090      126.180
   695:      126.280      126.370      126.470      126.570      126.660
   700:      126.760      126.850      126.950      127.040      127.140
   705:      127.230      127.330      127.420      127.520      127.610
   710:      127.710      127.800      127.900      127.990      128.090
   715:      128.190      128.280      128.380      128.470      128.570
   720:      128.660      128.760      128.850      128.950      129.040
   725:      129.140      129.230      129.330      129.420      129.520
   730:      129.610      129.710      129.810      129.900      130.000
   735:      130.090      130.190      130.280      130.380      130.470
   740:      130.570      130.660      130.760      130.850      130.950
   745:      131.040      131.140      131.230      131.330      131.430
   750:      131.520      131.620      131.710      131.810      131.900
   755:      132.000      132.090      132.190      132.280      132.380
   760:      132.470      132.570      132.660      132.760      132.850
   765:      132.950      133.050      133.140      133.240      133.330
   770:      133.430      133.520      133.620      133.710      133.810
   775:      133.900      134.000      134.090      134.190      134.280
   780:      134.380      134.470      134.570      134.670      134.760
   785:      134.860      134.950      135.050      135.140      135.240
   790:      135.330      135.430      135.520      135.620      135.710
   795:      135.810      135.900      136.000      136.090      136.190
   800:      136.290      136.380      136.480      136.570      136.670
   805:      136.760      136.860      136.950      137.050      137.140
   810:      137.240      137.330      137.430      137.520      137.620
   815:      137.710      137.810      137.910      138.000      138.100
   820:      138.190      138.290      138.380      138.480      138.570
   825:      138.670      138.760      138.860      138.950      139.050
   830:      139.140      139.240      139.340      139.430      139.530
   835:      139.620      139.720      139.810      139.910      140.000
   840:      140.100      140.190      140.290      140.380      140.480
   845:      140.570      140.670      140.760      140.860      140.960
   850:      141.050      141.150      141.240      141.340      141.430
   855:      141.530      141.620      141.720      141.810      141.910
   860:      142.000      142.100      142.190      142.290      142.380
   865:      142.480      142.580      142.670      142.770      142.860
   870:      142.960      143.050      143.150      143.240      143.340
   875:      143.430      143.530      143.620      143.720      143.810
   880:      143.910      144.000      144.100      144.200      144.290
   885:      144.390      144.480      144.580      144.670      144.770
   890:      144.860      144.960      145.050      145.150      145.240
   895:      145.340      145.430      145.530      145.620      145.720
   900:      145.820      145.910      146.010      146.100      146.200
   905:      146.290      146.390      146.480      146.580      146.670
   910:      146.770      146.860      146.960      147.050      147.150
   915:      147.240      147.340      147.440      147.530      147.630
   920:      147.720      147.820      147.910      148.010      148.100
   925:      148.200      148.290      148.390      148.480      148.580
   930:      148.670      148.770      148.860      148.960      149.060
   935:      149.150      149.250      149.340      149.440      149.530
   940:      149.630      149.720      149.820      149.910      150.010
   945:      150.100      150.200      150.290      150.390      150.480
   950:      150.580      150.680      150.770      150.870      150.960
   955:      151.060      151.150      151.250      151.340      151.440
   960:      151.530      151.630      151.720      151.820      151.910
   965:      152.010      152.100      152.200      152.300      152.390
   970:      152.490      152.580      152.680      152.770      152.870
   975:      152.960      153.060      153.150      153.250      153.340
   980:      153.440      153.530      153.630      153.720      153.820
   985:      153.920      154.010      154.110      154.200      154.300
   990:      154.390      154.490      154.580      154.680      154.770
   995:      154.870      154.960      155.060      155.150      155.250
  1000:      155.340      155.440      155.540      155.630      155.730
  1005:      155.820      155.920      156.010      156.110      156.200
  1010:      156.300      156.390      156.490      156.580      156.680
  1015:      156.770      156.870      156.960      157.060      157.160
  1020:      157.250      157.350      157.440      157.540      157.630
  1025:      157.730      157.820      157.920      158.010      158.110
  1030:      158.200      158.300      158.390      158.490      158.580
  1035:      158.680      158.780      158.870      158.970      159.060
  1040:      159.160      159.250      159.350      159.440      159.540
  1045:      159.630      159.730      159.820      159.920      160.010
  1050:      160.110      160.210      160.300      160.400      160.490
  1055:      160.590      160.680      160.780      160.870      160.970
  1060:      161.060      161.160      161.250      161.350      161.440
  1065:      161.540      161.630      161.730      161.830      161.920
  1070:      162.020      162.110      162.210      162.300      162.400
  1075:      162.490      162.590      162.680      162.780      162.870
  1080:      162.970      163.060      163.160      163.250      163.350
  1085:      163.450      163.540      163.640      163.730      163.830
  1090:      163.920      164.020      164.110      164.210      164.300
  1095:      164.400      164.490      164.590      164.680      164.780
  1100:      164.870      164.970      165.070      165.160      165.260
  1105:      165.350      165.450      165.540      165.640      165.730
  1110:      165.830      165.920      166.020      166.110      166.210
  1115:      166.300      166.400      166.490      166.590      166.690
  1120:      166.780      166.880      166.970      167.070      167.160
  1125:      167.260      167.350      167.450      167.540      167.640
  1130:      167.730      167.830      167.920      168.020      168.110
  1135:      168.210      168.310      168.400      168.500      168.590
  1140:      168.690      168.780      168.880      168.970      169.070
  1145:      169.160      169.260      169.350      169.450      169.540
  1150:      169.640      169.730      169.830      169.930      201.080
  1155:      201.180      201.270      201.370      201.460      201.560
  1160:      201.650      201.750      201.840      201.940      202.030
  1165:      202.130      202.220      202.320      202.410      202.510
  1170:      202.610      202.700      202.800      202.890      202.990
  1175:      203.080      203.180      203.270      203.370      203.460
  1180:      203.560      203.650      203.750      203.840      203.940
  1185:      204.030      204.130      204.230      204.320      204.420
  1190:      204.510      204.610      204.700      204.800      204.890
  1195:      204.990      205.080      205.180      205.270      205.370
  1200:      205.460      205.560      205.650      205.750      205.850
  1205:      205.940      206.040      206.130      206.230      206.320
  1210:      206.420      206.510      206.610      206.700      206.800
  1215:      206.890      206.990      207.080      207.180      207.270
  1220:      207.370      207.470      207.560      207.660      207.750
  1225:      207.850      207.940      208.040      208.130      208.230
  1230:      208.320      208.420      208.510      208.610      208.700
  1235:      208.800      208.890      208.990      209.090      209.180
  1240:      209.280      209.370      209.470      209.560      209.660
  1245:      209.750      209.850      209.940      210.040      210.130
  1250:      210.230      210.320      210.420      210.520      210.610
  1255:      210.710      210.800      210.900      210.990      211.090
  1260:      211.180      211.280      211.370      211.470      211.560
  1265:      211.660      211.750      211.850      211.940      212.040
  1270:      212.140      212.230      212.330      212.420      212.520
  1275:      212.610      212.710      212.800      212.900      212.990
  1280:      213.090      213.180      213.280      213.370      213.470
  1285:      213.560      213.660      213.760      213.850      213.950
  1290:      214.040      214.140      214.230      214.330      214.420
  1295:      214.520      214.610      214.710      214.800      214.900
  1300:      214.990      215.090      215.180      215.280      215.380
  1305:      215.470      215.570      215.660      215.760      215.850
  1310:      215.950      216.040      216.140      216.230      216.330
  1315:      216.420      216.520      216.610      216.710      216.800
  1320:      216.900      217.000      217.090      217.190      217.280
  1325:      217.380      217.470      217.570      217.660      217.760
  1330:      217.850      217.950      218.040      218.140      218.230
  1335:      218.330      218.420      218.520      218.620      218.710
  1340:      218.810      218.900      219.000      219.090      219.190
  1345:      219.280      219.380      219.470      219.570      219.660
  1350:      219.760      219.850      219.950      220.040      220.140
  1355:      220.240      220.330      220.430      220.520      220.620
  1360:      220.710      220.810      220.900      221.000      221.090
  1365:      221.190      221.280      221.380      221.470      221.570
  1370:      221.660      221.760      221.860      221.950      222.050
  1375:      222.140      222.240      222.330      222.430      222.520
  1380:      222.620      222.710      222.810      222.900      223.000
  1385:      223.090      223.190      223.280      223.380      223.480
  1390:      223.570      223.670      223.760      223.860      223.950
  1395:      224.050      224.140      224.240      224.330      224.430
  1400:      224.520      224.620      224.710      224.810      224.900
  1405:      225.000      225.100      225.190      225.290      225.380
  1410:      225.480      225.570      225.670      225.760      225.860
  1415:      225.950      226.050      226.140      226.240      226.330
  1420:      226.430      226.520      226.620      226.720      226.810
  1425:      226.910      227.000      227.100      227.190      227.290
  1430:      227.380      227.480      227.570      227.670      227.760
  1435:      227.860      227.950      228.050      228.140      228.240
  1440:      228.340      228.430      228.530      228.620      228.720
  1445:      228.810      228.910      229.000      229.100      229.190
  1450:      229.290      229.380      229.480      229.570      229.670
  1455:      229.770      229.860      229.960      230.050      230.150
  1460:      230.240      230.340      230.430      230.530      230.620
  1465:      230.720      230.810      230.910      231.000      231.100
  1470:      231.190      231.290      231.390      231.480      231.580
  1475:      231.670      231.770      231.860      231.960      232.050
  1480:      232.150      232.240      232.340      232.430      232.530
  1485:      232.620      232.720      232.810      232.910      233.010
  1490:      233.100      233.200      233.290      233.390      233.480
  1495:      233.580      233.670      233.770      233.860      233.960
  1500:      234.050      234.150      234.240      234.340      234.430
  1505:      234.530      234.630      234.720      234.820      234.910
  1510:      235.010      235.100      235.200      235.290      235.390
  1515:      235.480      235.580      235.670      235.770      235.860
  1520:      235.960      236.050      236.150      236.250      236.340
  1525:      236.440      236.530      236.630      236.720      236.820
  1530:      236.910      237.010      237.100      237.200      237.290
  1535:      237.390      237.480      237.580      237.670      237.770
  1540:      237.870      237.960      238.060      238.150      238.250
  1545:      238.340      238.440      238.530      238.630      238.720
  1550:      238.820      238.910      239.010      239.100      239.200
  1555:      239.290      239.390      239.490      239.580      239.680
  1560:      239.770      239.870      239.960      240.060      240.150
  1565:      240.250      240.340      240.440      240.530      240.630
  1570:      240.720      240.820      240.910      241.010      241.110
  1575:      241.200      241.300      241.390      241.490      241.580
  1580:      241.680      241.770      241.870      241.960      242.060
  1585:      242.150      242.250      242.340      242.440      242.530
  1590:      242.630      242.730      242.820      242.920      243.010
  1595:      243.110      243.200      243.300      243.390      243.490
  1600:      243.580      243.680      243.770      243.870      243.960
  1605:      244.060      244.150      244.250      244.350      244.440
  1610:      244.540      244.630      244.730      244.820      244.920
  1615:      245.010      245.110      245.200      245.300      245.390
  1620:      245.490      245.580      245.680      245.770      245.870
  1625:      245.970      246.060      246.160      246.250      246.350
  1630:      246.440      246.540      246.630      246.730      246.820
  1635:      246.920      247.010      247.110      247.200      247.300
  1640:      247.390      247.490      247.590      247.680      247.780
  1645:      247.870      247.970      248.060      248.160      248.250
  1650:      248.350      248.440      248.540      248.630      248.730
  1655:      248.820      248.920      249.010      249.110      249.210
  1660:      249.300      249.400      249.490      249.590      249.680
  1665:      249.780      249.870      249.970      250.060      250.160
  1670:      250.250      250.350      250.440      250.540      250.640
  1675:      250.730      250.830      250.920      251.020      251.110
  1680:      251.210      251.300      251.400      251.490      251.590
  1685:      251.680      251.780      251.870      251.970      252.060
  1690:      252.160      252.260      252.350      252.450      252.540
  1695:      252.640      252.730      252.830      252.920      253.020
  1700:      253.110      253.210      253.300      253.400      253.490
  1705:      253.590      253.680      253.780      253.880      253.970
  1710:      254.070      254.160      254.260      254.350      254.450
  1715:      254.540      254.640      254.730      254.830      254.920
  1720:      255.020      255.110      255.210      255.300      255.400
  1725:      255.500      255.590      255.690      255.780      255.880
  1730:      255.970      288.100      288.190      288.290      288.380
  1735:      288.480      288.570      288.670      288.760      288.860
  1740:      288.960      289.050      289.150      289.240      289.340
  1745:      289.430      289.530      289.620      289.720      289.810
  1750:      289.910      290.000      290.100      290.190      290.290
  1755:      290.380      290.480      290.580      290.670      290.770
  1760:      290.860      290.960      291.050      291.150      291.240
  1765:      291.340      291.430      291.530      291.620      291.720
  1770:      291.810      291.910      292.000      292.100      292.200
  1775:      292.290      292.390      292.480      292.580      292.670
  1780:      292.770      292.860      292.960      293.050      293.150
  1785:      293.240      293.340      293.430      293.530      293.620
  1790:      293.720      293.820      293.910      294.010      294.100
  1795:      294.200      294.290      294.390      294.480      294.580
  1800:      294.670      294.770      294.860      294.960      295.050
  1805:      295.150      295.240      295.340      295.440      295.530
  1810:      295.630      295.720      295.820      295.910      296.010
  1815:      296.100      296.200      296.290      296.390      296.480
  1820:      296.580      296.670      296.770      296.860      296.960
  1825:      297.060      297.150      297.250      297.340      297.440
  1830:      297.530      297.630      297.720      297.820      297.910
  1835:      298.010      298.100      298.200      298.290      298.390
  1840:      298.480      298.580      298.680      298.770      298.870
  1845:      298.960      299.060      299.150      299.250      299.340
  1850:      299.440      299.530      299.630      299.720      299.820
  1855:      299.910      300.010      300.100      300.200      300.300
  1860:      300.390      300.490      300.580      300.680      300.770
  1865:      300.870      300.960      301.060      301.150      301.250
  1870:      301.340      301.440      301.530      301.630      301.730
  1875:      301.820      301.920      302.010      302.110      302.200
  1880:      302.300      302.390      302.490      302.580      302.680
  1885:      302.770      302.870      302.960      303.060      303.150
  1890:      303.250      303.350      303.440      303.540      303.630
  1895:      303.730      303.820      303.920      304.010      304.110
  1900:      304.200      304.300      304.390      304.490      304.580
  1905:      304.680      304.770      304.870      304.970      305.060
  1910:      305.160      305.250      305.350      305.440      305.540
  1915:      305.630      305.730      305.820      305.920      306.010
  1920:      306.110      306.200      306.300      306.390      306.490
  1925:      306.590      306.680      306.780      306.870      306.970
  1930:      307.060      307.160      307.250      307.350      307.440
  1935:      307.540      307.630      307.730      307.820      307.920
  1940:      308.010      308.110      308.210      308.300      308.400
  1945:      308.490      308.590      308.680      308.780      308.870
  1950:      308.970      309.060      309.160      309.250      309.350
  1955:      309.440      309.540      309.630      309.730      309.830
  1960:      309.920      310.020      310.110      310.210      310.300
  1965:      310.400      310.490      310.590      310.680      310.780
  1970:      310.870      310.970      311.060      311.160      311.250
  1975:      311.350      311.450      311.540      311.640      311.730
  1980:      311.830      311.920      312.020      312.110      312.210
  1985:      312.300      312.400      312.490      312.590      312.680
  1990:      312.780      312.870      312.970      313.070      313.160
  1995:      313.260      313.350      313.450      313.540      313.640
  2000:      313.730      313.830      313.920      314.020      314.110
  2005:      314.210      314.300      314.400      314.490      314.590
  2010:      314.690      314.780      314.880      314.970      315.070
  2015:      315.160      315.260      315.350      315.450      315.540
  2020:      315.640      315.730      315.830      315.920      316.020
  2025:      316.110      316.210      316.310      316.400      316.500
  2030:      316.590      316.690      316.780      316.880      316.970
  2035:      317.070      317.160      317.260      317.350      317.450
  2040:      317.540      317.640      317.730      317.830      317.930
  2045:      318.020      318.120      318.210      318.310      318.400
  2050:      318.500      318.590      318.690      318.780      318.880
  2055:      318.970      319.070      319.160      319.260      319.350
  2060:      319.450      319.550      319.640      319.740      319.830
  2065:      319.930      320.020      320.120      320.210      320.310
  2070:      320.400      320.500      320.590      320.690      320.780
  2075:      320.880      320.980      321.070      321.170      321.260
  2080:      321.360      321.450      321.550      321.640      321.740
  2085:      321.830      321.930      322.020      322.120      322.210
  2090:      322.310      322.400      322.500      322.600      322.690
  2095:      322.790      322.880      322.980      323.070      323.170
  2100:      323.260      323.360      323.450      323.550      323.640
  2105:      323.740      323.830      323.930      324.020      324.120
  2110:      324.220      324.310      324.410      324.500      324.600
  2115:      324.690      324.790      324.880      324.980      325.070
  2120:      325.170      325.260      325.360      325.450      325.550
  2125:      325.640      325.740      325.840      325.930      326.030
  2130:      326.120      326.220      326.310      326.410      326.500
  2135:      326.600      326.690      326.790      326.880      326.980
  2140:      327.070      327.170      327.260      327.360      327.460
  2145:      327.550      327.650      327.740      327.840      327.930
  2150:      328.030      328.120      328.220      328.310      328.410
  2155:      328.500      328.600      328.690      328.790      328.880
  2160:      328.980      329.080      329.170      329.270      329.360
  2165:      329.460      329.550      329.650      329.740      329.840
  2170:      329.930      330.030      330.120      330.220      330.310
  2175:      330.410      330.500      330.600      330.700      330.790
  2180:      330.890      330.980      331.080      331.170      331.270
  2185:      331.360      331.460      331.550      331.650      331.740
  2190:      331.840      331.930      332.030      332.120      332.220
  2195:      332.320      332.410      332.510      332.600      332.700
  2200:      332.790      332.890      332.980      333.080      333.170
  2205:      333.270      333.360      333.460      333.550      333.650
  2210:      333.740      333.840      333.940      334.030      334.130
  2215:      334.220      334.320      334.410      334.510      334.600
  2220:      334.700      334.790      334.890      334.980      335.080
  2225:      335.170      335.270      335.360      335.460      335.560
  2230:      335.650      335.750      335.840      335.940      336.030
  2235:      336.130      336.220      336.320      336.410      336.510
  2240:      336.600      336.700      336.790      336.890      336.980
  2245:      337.080      337.180      337.270      337.370      337.460
  2250:      337.560      337.650      337.750      337.840      337.940
  2255:      338.030      338.130      338.220      338.320      338.410
  2260:      338.510      338.600      338.700      338.800      338.890
  2265:      338.990      339.080      339.180      339.270      339.370
  2270:      339.460      339.560      339.650      339.750      339.840
  2275:      339.940      340.030      340.130      340.220      340.320
  2280:      340.420      340.510      340.610      340.700      340.800
  2285:      340.890      340.990      341.080      341.180      341.270
  2290:      341.370      341.460      341.560      341.650      341.750
  2295:      341.850      341.940      342.040      342.130      342.230
  2300:      342.320      342.420      342.510      342.610      342.700
  2305:      342.800      342.890      342.990
Z:
     0:        0.000        4.000       12.000        0.000        0.000
     5:        0.000       12.000        8.000     2308.000      892.000
    10:        0.000      155.000       41.000        0.000        0.000
    15:        0.000
