File: C:\MED-PC IV\Data\Tarun\RM-B12_RM036\postBaseplate\R15\S01_R15_FR1_20s_100trials


Start Date: 07/01/17
End Date: 07/01/17
Subject: 15
Experiment: 0
Group: 0
Box: 6
Start Time:  9:02:15
End Time: 13:03:57
MSN: MiniScope_FR1-3p_100trials_05222017
A:       0.000
E:       0.000
J:     101.000
N:       0.000
O:       0.000
Q:       0.000
S:       0.000
T:    9015.000
U:       0.000
B:
     0:        0.000       10.000       10.000       15.000       20.000
     5:       20.000       20.000       10.000       15.000      100.000
    10:        1.000        3.000       15.000        0.010        1.000
    15:        0.000        0.000        5.000       20.000        5.000
C:
     0:      100.000       78.000      249.000        0.000        3.591
     5:        0.000      234.000       78.000        0.000        3.591
    10:        0.000     1354.000      208.000        0.000       15.020
    15:        1.000        0.000        0.000        0.000       20.000
    20:        1.000        0.000        0.000        0.000       20.000
    25:        1.000        0.000        0.000        0.000       16.000
    30:        2.000        0.000        0.000        0.000       20.000
    35:        2.000        0.000        0.000        0.000       20.000
    40:        2.000        0.000        2.000        0.000       15.000
    45:        3.000        1.000        1.000        0.000       12.890
    50:        3.000        3.000        1.000        0.000       12.890
    55:        3.000        2.000       11.000        0.000       16.000
    60:        4.000        1.000        6.000        0.000        1.550
    65:        4.000        3.000        1.000        0.000        1.550
    70:        4.000        8.000        3.000        0.000       17.000
    75:        5.000        1.000        4.000        0.000        0.920
    80:        5.000        3.000        1.000        0.000        0.920
    85:        5.000       11.000        0.000        0.000       14.000
    90:        6.000        1.000        7.000        0.000        2.130
    95:        6.000        3.000        1.000        0.000        2.130
   100:        6.000       33.000        0.000        0.000       15.000
   105:        7.000        1.000        8.000        0.000        3.570
   110:        7.000        3.000        1.000        0.000        3.570
   115:        7.000       10.000        0.000        0.000       13.000
   120:        8.000        0.000        0.000        0.000       20.000
   125:        8.000        0.000        0.000        0.000       20.000
   130:        8.000       49.000        7.000        0.000       16.000
   135:        9.000        1.000        6.000        0.000        1.430
   140:        9.000        3.000        1.000        0.000        1.430
   145:        9.000       22.000       34.000        0.000       16.000
   150:       10.000        1.000        8.000        0.000        1.240
   155:       10.000        3.000        1.000        0.000        1.240
   160:       10.000        6.000       10.000        0.000       13.000
   165:       11.000        1.000        7.000        0.000        1.410
   170:       11.000        3.000        1.000        0.000        1.410
   175:       11.000        8.000        2.000        0.000       14.000
   180:       12.000        1.000        5.000        0.000        2.960
   185:       12.000        3.000        1.000        0.000        2.960
   190:       12.000       16.000        4.000        0.000       14.000
   195:       13.000        1.000        4.000        0.000        1.340
   200:       13.000        3.000        1.000        0.000        1.340
   205:       13.000       32.000        0.000        0.000       16.000
   210:       14.000        0.000        0.000        0.000       20.000
   215:       14.000        0.000        0.000        0.000       20.000
   220:       14.000        7.000        5.000        0.000       13.000
   225:       15.000        0.000        0.000        0.000       20.000
   230:       15.000        0.000        0.000        0.000       20.000
   235:       15.000        0.000        0.000        0.000       17.000
   240:       16.000        1.000        1.000        0.000        1.460
   245:       16.000        3.000        1.000        0.000        1.460
   250:       16.000        9.000        0.000        0.000       18.000
   255:       17.000        1.000       11.000        0.000        1.260
   260:       17.000        3.000        1.000        0.000        1.260
   265:       17.000       34.000        5.000        0.000       15.000
   270:       18.000        1.000        2.000        0.000        1.900
   275:       18.000        3.000        1.000        0.000        1.900
   280:       18.000       15.000        0.000        0.000       17.000
   285:       19.000        1.000        6.000        0.000        1.730
   290:       19.000        3.000        1.000        0.000        1.730
   295:       19.000       27.000        8.000        0.000       15.000
   300:       20.000        1.000        5.000        0.000        1.730
   305:       20.000        3.000        1.000        0.000        1.730
   310:       20.000       19.000        2.000        0.000       14.000
   315:       21.000        1.000        7.000        0.000        3.040
   320:       21.000        3.000        1.000        0.000        3.040
   325:       21.000        7.000        0.000        0.000       10.000
   330:       22.000        1.000        4.000        0.000        0.960
   335:       22.000        3.000        1.000        0.000        0.960
   340:       22.000       19.000        4.000        0.000       14.000
   345:       23.000        1.000        3.000        0.000        0.760
   350:       23.000        3.000        1.000        0.000        0.760
   355:       23.000       11.000       23.000        0.000       13.000
   360:       24.000        1.000        4.000        0.000        0.940
   365:       24.000        3.000        1.000        0.000        0.940
   370:       24.000       20.000        3.000        0.000       10.000
   375:       25.000        1.000        2.000        0.000        1.660
   380:       25.000        3.000        1.000        0.000        1.660
   385:       25.000       20.000        0.000        0.000       14.000
   390:       26.000        1.000        1.000        0.000        9.840
   395:       26.000        3.000        1.000        0.000        9.840
   400:       26.000       14.000        0.000        0.000       12.000
   405:       27.000        1.000        6.000        0.000        1.900
   410:       27.000        3.000        1.000        0.000        1.900
   415:       27.000       28.000        6.000        0.000       17.000
   420:       28.000        1.000        4.000        0.000        0.800
   425:       28.000        3.000        1.000        0.000        0.800
   430:       28.000       16.000        0.000        0.000       11.000
   435:       29.000        1.000        1.000        0.000        1.400
   440:       29.000        3.000        1.000        0.000        1.400
   445:       29.000       23.000        0.000        0.000       17.000
   450:       30.000        1.000        2.000        0.000       18.230
   455:       30.000        3.000        1.000        0.000       18.230
   460:       30.000       45.000        8.000        0.000       15.000
   465:       31.000        1.000        3.000        0.000        2.090
   470:       31.000        3.000        1.000        0.000        2.090
   475:       31.000        2.000        2.000        0.000       19.000
   480:       32.000        0.000        0.000        0.000       20.000
   485:       32.000        0.000        0.000        0.000       20.000
   490:       32.000        0.000        0.000        0.000       12.000
   495:       33.000        0.000        0.000        0.000       20.000
   500:       33.000        0.000        0.000        0.000       20.000
   505:       33.000        0.000        0.000        0.000       14.000
   510:       34.000        0.000        0.000        0.000       20.000
   515:       34.000        0.000        0.000        0.000       20.000
   520:       34.000        0.000        0.000        0.000       16.000
   525:       35.000        0.000        0.000        0.000       20.000
   530:       35.000        0.000        0.000        0.000       20.000
   535:       35.000        5.000        0.000        0.000       19.000
   540:       36.000        1.000        1.000        0.000        3.610
   545:       36.000        3.000        1.000        0.000        3.610
   550:       36.000       13.000        3.000        0.000       16.000
   555:       37.000        0.000        0.000        0.000       20.000
   560:       37.000        0.000        0.000        0.000       20.000
   565:       37.000        0.000        0.000        0.000       18.000
   570:       38.000        0.000        0.000        0.000       20.000
   575:       38.000        0.000        0.000        0.000       20.000
   580:       38.000        0.000        0.000        0.000       14.000
   585:       39.000        1.000        1.000        0.000       15.530
   590:       39.000        3.000        1.000        0.000       15.530
   595:       39.000       10.000        4.000        0.000       17.000
   600:       40.000        1.000        3.000        0.000        2.170
   605:       40.000        3.000        1.000        0.000        2.170
   610:       40.000       22.000        1.000        0.000       18.000
   615:       41.000        0.000        0.000        0.000       20.000
   620:       41.000        0.000        0.000        0.000       20.000
   625:       41.000        2.000        0.000        0.000       16.000
   630:       42.000        1.000        2.000        0.000        2.600
   635:       42.000        3.000        1.000        0.000        2.600
   640:       42.000       12.000        0.000        0.000       14.000
   645:       43.000        0.000        0.000        0.000       20.000
   650:       43.000        0.000        0.000        0.000       20.000
   655:       43.000        0.000        0.000        0.000       14.000
   660:       44.000        1.000        2.000        0.000       19.800
   665:       44.000        3.000        1.000        0.000       19.800
   670:       44.000       13.000        2.000        0.000       15.000
   675:       45.000        1.000        2.000        0.000        1.960
   680:       45.000        3.000        1.000        0.000        1.960
   685:       45.000       22.000        0.000        0.000       14.000
   690:       46.000        1.000        2.000        0.000        5.040
   695:       46.000        3.000        1.000        0.000        5.040
   700:       46.000       26.000        1.000        0.000       14.000
   705:       47.000        1.000        2.000        0.000        7.930
   710:       47.000        3.000        1.000        0.000        7.930
   715:       47.000        7.000        0.000        0.000       17.000
   720:       48.000        0.000        0.000        0.000       20.000
   725:       48.000        0.000        0.000        0.000       20.000
   730:       48.000        0.000        0.000        0.000       12.000
   735:       49.000        0.000        0.000        0.000       20.000
   740:       49.000        0.000        0.000        0.000       20.000
   745:       49.000        0.000        1.000        0.000       16.000
   750:       50.000        0.000        0.000        0.000       20.000
   755:       50.000        0.000        0.000        0.000       20.000
   760:       50.000        0.000        1.000        0.000       16.000
   765:       51.000        1.000        2.000        0.000        1.240
   770:       51.000        3.000        1.000        0.000        1.240
   775:       51.000       27.000        1.000        0.000       12.000
   780:       52.000        0.000        0.000        0.000       20.000
   785:       52.000        0.000        0.000        0.000       20.000
   790:       52.000        0.000        0.000        0.000       16.000
   795:       53.000        1.000        3.000        0.000        1.020
   800:       53.000        3.000        1.000        0.000        1.020
   805:       53.000       10.000        0.000        0.000       14.000
   810:       54.000        0.000        0.000        0.000       20.000
   815:       54.000        0.000        0.000        0.000       20.000
   820:       54.000        0.000        0.000        0.000       12.000
   825:       55.000        1.000        3.000        0.000        4.450
   830:       55.000        3.000        1.000        0.000        4.450
   835:       55.000       11.000        2.000        0.000       13.000
   840:       56.000        1.000        2.000        0.000       10.790
   845:       56.000        3.000        1.000        0.000       10.790
   850:       56.000       21.000        1.000        0.000       13.000
   855:       57.000        0.000        0.000        0.000       20.000
   860:       57.000        0.000        0.000        0.000       20.000
   865:       57.000        0.000        0.000        0.000       14.000
   870:       58.000        1.000        3.000        0.000        0.680
   875:       58.000        3.000        1.000        0.000        0.680
   880:       58.000       17.000        0.000        0.000       15.000
   885:       59.000        1.000        2.000        0.000        7.370
   890:       59.000        3.000        1.000        0.000        7.370
   895:       59.000       17.000        0.000        0.000       19.000
   900:       60.000        1.000        3.000        0.000        1.010
   905:       60.000        3.000        1.000        0.000        1.010
   910:       60.000       25.000        1.000        0.000       15.000
   915:       61.000        0.000        0.000        0.000       20.000
   920:       61.000        0.000        0.000        0.000       20.000
   925:       61.000        0.000        4.000        0.000       11.000
   930:       62.000        1.000        3.000        0.000        2.820
   935:       62.000        3.000        1.000        0.000        2.820
   940:       62.000       15.000       25.000        0.000       13.000
   945:       63.000        1.000        4.000        0.000        6.570
   950:       63.000        3.000        1.000        0.000        6.570
   955:       63.000       16.000        0.000        0.000       20.000
   960:       64.000        1.000        3.000        0.000        5.870
   965:       64.000        3.000        1.000        0.000        5.870
   970:       64.000       14.000        0.000        0.000       12.000
   975:       65.000        0.000        0.000        0.000       20.000
   980:       65.000        0.000        0.000        0.000       20.000
   985:       65.000        0.000        0.000        0.000       19.000
   990:       66.000        1.000        3.000        0.000        1.170
   995:       66.000        3.000        1.000        0.000        1.170
  1000:       66.000       14.000        0.000        0.000       15.000
  1005:       67.000        0.000        0.000        0.000       20.000
  1010:       67.000        0.000        0.000        0.000       20.000
  1015:       67.000       10.000        7.000        0.000       17.000
  1020:       68.000        1.000        3.000        0.000        0.790
  1025:       68.000        3.000        1.000        0.000        0.790
  1030:       68.000       14.000        1.000        0.000       16.000
  1035:       69.000        1.000        3.000        0.000        2.910
  1040:       69.000        3.000        1.000        0.000        2.910
  1045:       69.000       10.000        0.000        0.000       14.000
  1050:       70.000        1.000        2.000        0.000        3.980
  1055:       70.000        3.000        1.000        0.000        3.980
  1060:       70.000       13.000        0.000        0.000       14.000
  1065:       71.000        1.000        3.000        0.000        1.970
  1070:       71.000        3.000        1.000        0.000        1.970
  1075:       71.000       28.000        0.000        0.000       15.000
  1080:       72.000        1.000        3.000        0.000        0.810
  1085:       72.000        3.000        1.000        0.000        0.810
  1090:       72.000       23.000        0.000        0.000       14.000
  1095:       73.000        1.000        4.000        0.000        1.170
  1100:       73.000        3.000        1.000        0.000        1.170
  1105:       73.000       19.000        0.000        0.000       15.000
  1110:       74.000        1.000        3.000        0.000        4.310
  1115:       74.000        3.000        1.000        0.000        4.310
  1120:       74.000       24.000        0.000        0.000       16.000
  1125:       75.000        1.000        3.000        0.000        1.970
  1130:       75.000        3.000        1.000        0.000        1.970
  1135:       75.000       26.000       12.000        0.000       17.000
  1140:       76.000        1.000        3.000        0.000        1.020
  1145:       76.000        3.000        1.000        0.000        1.020
  1150:       76.000       18.000        0.000        0.000       13.000
  1155:       77.000        1.000        2.000        0.000        0.490
  1160:       77.000        3.000        1.000        0.000        0.490
  1165:       77.000       23.000        0.000        0.000       18.000
  1170:       78.000        1.000        3.000        0.000        1.010
  1175:       78.000        3.000        1.000        0.000        1.010
  1180:       78.000       13.000        0.000        0.000       16.000
  1185:       79.000        1.000        1.000        0.000        3.640
  1190:       79.000        3.000        1.000        0.000        3.640
  1195:       79.000        3.000        0.000        0.000       16.000
  1200:       80.000        1.000        2.000        0.000        5.230
  1205:       80.000        3.000        1.000        0.000        5.230
  1210:       80.000       12.000        0.000        0.000       18.000
  1215:       81.000        1.000        1.000        0.000        1.250
  1220:       81.000        3.000        1.000        0.000        1.250
  1225:       81.000       19.000        0.000        0.000       15.000
  1230:       82.000        1.000        2.000        0.000        9.690
  1235:       82.000        3.000        1.000        0.000        9.690
  1240:       82.000       21.000        0.000        0.000       14.000
  1245:       83.000        1.000        2.000        0.000        2.210
  1250:       83.000        3.000        1.000        0.000        2.210
  1255:       83.000       24.000        1.000        0.000       17.000
  1260:       84.000        1.000        3.000        0.000        1.860
  1265:       84.000        3.000        1.000        0.000        1.860
  1270:       84.000       12.000        0.000        0.000       16.000
  1275:       85.000        1.000        1.000        0.000        2.330
  1280:       85.000        3.000        1.000        0.000        2.330
  1285:       85.000        5.000        0.000        0.000       12.000
  1290:       86.000        1.000        6.000        0.000       15.300
  1295:       86.000        3.000        1.000        0.000       15.300
  1300:       86.000        8.000        1.000        0.000       12.000
  1305:       87.000        1.000        1.000        0.000        1.090
  1310:       87.000        3.000        1.000        0.000        1.090
  1315:       87.000       27.000        0.000        0.000       16.000
  1320:       88.000        1.000        5.000        0.000        1.410
  1325:       88.000        3.000        1.000        0.000        1.410
  1330:       88.000       12.000        0.000        0.000       15.000
  1335:       89.000        1.000        3.000        0.000        0.940
  1340:       89.000        3.000        1.000        0.000        0.940
  1345:       89.000        9.000        0.000        0.000       17.000
  1350:       90.000        1.000        2.000        0.000        1.580
  1355:       90.000        3.000        1.000        0.000        1.580
  1360:       90.000       13.000        0.000        0.000       18.000
  1365:       91.000        1.000        1.000        0.000        0.980
  1370:       91.000        3.000        1.000        0.000        0.980
  1375:       91.000       18.000        0.000        0.000       15.000
  1380:       92.000        1.000        3.000        0.000        2.460
  1385:       92.000        3.000        1.000        0.000        2.460
  1390:       92.000       12.000        0.000        0.000       13.000
  1395:       93.000        1.000        2.000        0.000       18.870
  1400:       93.000        3.000        1.000        0.000       18.870
  1405:       93.000        8.000        0.000        0.000       15.000
  1410:       94.000        1.000        2.000        0.000        1.160
  1415:       94.000        3.000        1.000        0.000        1.160
  1420:       94.000        8.000        0.000        0.000       15.000
  1425:       95.000        1.000        5.000        0.000        1.620
  1430:       95.000        3.000        1.000        0.000        1.620
  1435:       95.000       12.000        0.000        0.000       14.000
  1440:       96.000        1.000        2.000        0.000        0.660
  1445:       96.000        3.000        1.000        0.000        0.660
  1450:       96.000       20.000        0.000        0.000       16.000
  1455:       97.000        1.000        2.000        0.000        0.950
  1460:       97.000        3.000        1.000        0.000        0.950
  1465:       97.000       20.000        0.000        0.000       19.000
  1470:       98.000        1.000        3.000        0.000        3.870
  1475:       98.000        3.000        1.000        0.000        3.870
  1480:       98.000        6.000        0.000        0.000       13.000
  1485:       99.000        1.000        2.000        0.000        0.870
  1490:       99.000        3.000        1.000        0.000        0.870
  1495:       99.000       16.000        0.000        0.000       13.000
  1500:      100.000        1.000        2.000        0.000        0.930
  1505:      100.000        3.000        1.000        0.000        0.930
  1510:      100.000       16.000        0.000        0.000       15.000
D:
     0:        0.000        0.000        0.000        0.000        0.000
     5:        0.000        0.000        0.000        0.000        0.000
    10:        0.000        0.000        0.000        0.000        0.000
    15:        1.000       15.000       90.000       40.000       60.000
    20:        1.000        0.000        0.000        0.000        0.000
    25:        1.000       25.000       80.000       15.000       15.150
    30:        2.000      106.000      181.000      131.000      151.000
    35:        2.000        0.000        0.000        0.000        0.000
    40:        2.000      116.000      171.000      106.000      106.150
    45:        3.000      196.000      271.000      221.000      238.890
    50:        3.000      253.890      254.890      233.890      253.890
    55:        3.000      206.000      261.000      196.000      196.150
    60:        4.000      287.000      362.000      312.000      318.550
    65:        4.000      333.550      334.550      313.550      333.550
    70:        4.000      297.000      352.000      287.000      287.150
    75:        5.000      379.000      454.000      404.000      409.920
    80:        5.000      424.920      425.920      404.920      424.920
    85:        5.000      389.000      444.000      379.000      379.150
    90:        6.000      468.000      543.000      493.000      500.130
    95:        6.000      515.130      516.130      495.130      515.130
   100:        6.000      478.000      533.000      468.000      468.150
   105:        7.000      558.000      633.000      583.000      591.570
   110:        7.000      606.570      607.570      586.570      606.570
   115:        7.000      568.000      623.000      558.000      558.150
   120:        8.000      646.000      721.000      671.000      691.000
   125:        8.000        0.000        0.000        0.000        0.000
   130:        8.000      656.000      711.000      646.000      646.150
   135:        9.000      737.000      812.000      762.000      768.430
   140:        9.000      783.430      784.430      763.430      783.430
   145:        9.000      747.000      802.000      737.000      737.150
   150:       10.000      828.000      903.000      853.000      859.240
   155:       10.000      874.240      875.240      854.240      874.240
   160:       10.000      838.000      893.000      828.000      828.150
   165:       11.000      916.000      991.000      941.000      947.410
   170:       11.000      962.410      963.410      942.410      962.410
   175:       11.000      926.000      981.000      916.000      916.150
   180:       12.000     1005.000     1080.000     1030.000     1037.960
   185:       12.000     1052.960     1053.960     1032.960     1052.960
   190:       12.000     1015.000     1070.000     1005.000     1005.150
   195:       13.000     1094.000     1169.000     1119.000     1125.340
   200:       13.000     1140.340     1141.340     1120.340     1140.340
   205:       13.000     1104.000     1159.000     1094.000     1094.150
   210:       14.000     1185.000     1260.000     1210.000     1230.000
   215:       14.000        0.000        0.000        0.000        0.000
   220:       14.000     1195.000     1250.000     1185.000     1185.150
   225:       15.000     1273.000     1348.000     1298.000     1318.000
   230:       15.000        0.000        0.000        0.000        0.000
   235:       15.000     1283.000     1338.000     1273.000     1273.150
   240:       16.000     1365.000     1440.000     1390.000     1396.460
   245:       16.000     1411.460     1412.460     1391.460     1411.460
   250:       16.000     1375.000     1430.000     1365.000     1365.150
   255:       17.000     1458.000     1533.000     1483.000     1489.260
   260:       17.000     1504.260     1505.260     1484.260     1504.260
   265:       17.000     1468.000     1523.000     1458.000     1458.150
   270:       18.000     1548.000     1623.000     1573.000     1579.900
   275:       18.000     1594.900     1595.900     1574.900     1594.900
   280:       18.000     1558.000     1613.000     1548.000     1548.150
   285:       19.000     1640.000     1715.000     1665.000     1671.730
   290:       19.000     1686.730     1687.730     1666.730     1686.730
   295:       19.000     1650.000     1705.000     1640.000     1640.150
   300:       20.000     1730.000     1805.000     1755.000     1761.730
   305:       20.000     1776.730     1777.730     1756.730     1776.730
   310:       20.000     1740.000     1795.000     1730.000     1730.150
   315:       21.000     1819.000     1894.000     1844.000     1852.040
   320:       21.000     1867.040     1868.040     1847.040     1867.040
   325:       21.000     1829.000     1884.000     1819.000     1819.150
   330:       22.000     1904.000     1979.000     1929.000     1934.960
   335:       22.000     1949.960     1950.960     1929.960     1949.960
   340:       22.000     1914.000     1969.000     1904.000     1904.150
   345:       23.000     1993.000     2068.000     2018.000     2023.760
   350:       23.000     2038.760     2039.760     2018.760     2038.760
   355:       23.000     2003.000     2058.000     1993.000     1993.150
   360:       24.000     2081.000     2156.000     2106.000     2111.940
   365:       24.000     2126.940     2127.940     2106.940     2126.940
   370:       24.000     2091.000     2146.000     2081.000     2081.150
   375:       25.000     2166.000     2241.000     2191.000     2197.660
   380:       25.000     2212.660     2213.660     2192.660     2212.660
   385:       25.000     2176.000     2231.000     2166.000     2166.150
   390:       26.000     2255.000     2330.000     2280.000     2294.840
   395:       26.000     2309.840     2310.840     2289.840     2309.840
   400:       26.000     2265.000     2320.000     2255.000     2255.150
   405:       27.000     2342.000     2417.000     2367.000     2373.900
   410:       27.000     2388.900     2389.900     2368.900     2388.900
   415:       27.000     2352.000     2407.000     2342.000     2342.150
   420:       28.000     2434.000     2509.000     2459.000     2464.800
   425:       28.000     2479.800     2480.800     2459.800     2479.800
   430:       28.000     2444.000     2499.000     2434.000     2434.150
   435:       29.000     2520.000     2595.000     2545.000     2551.400
   440:       29.000     2566.400     2567.400     2546.400     2566.400
   445:       29.000     2530.000     2585.000     2520.000     2520.150
   450:       30.000     2612.000     2687.000     2637.000     2660.230
   455:       30.000     2675.230     2676.230     2655.230     2675.230
   460:       30.000     2622.000     2677.000     2612.000     2612.150
   465:       31.000     2702.000     2777.000     2727.000     2734.090
   470:       31.000     2749.090     2750.090     2729.090     2749.090
   475:       31.000     2712.000     2767.000     2702.000     2702.150
   480:       32.000     2796.000     2871.000     2821.000     2841.000
   485:       32.000        0.000        0.000        0.000        0.000
   490:       32.000     2806.000     2861.000     2796.000     2796.150
   495:       33.000     2883.000     2958.000     2908.000     2928.000
   500:       33.000        0.000        0.000        0.000        0.000
   505:       33.000     2893.000     2948.000     2883.000     2883.150
   510:       34.000     2972.000     3047.000     2997.000     3017.000
   515:       34.000        0.000        0.000        0.000        0.000
   520:       34.000     2982.000     3037.000     2972.000     2972.150
   525:       35.000     3063.000     3138.000     3088.000     3108.000
   530:       35.000        0.000        0.000        0.000        0.000
   535:       35.000     3073.000     3128.000     3063.000     3063.150
   540:       36.000     3157.000     3232.000     3182.000     3190.610
   545:       36.000     3205.610     3206.610     3185.610     3205.610
   550:       36.000     3167.000     3222.000     3157.000     3157.150
   555:       37.000     3248.000     3323.000     3273.000     3293.000
   560:       37.000        0.000        0.000        0.000        0.000
   565:       37.000     3258.000     3313.000     3248.000     3248.150
   570:       38.000     3341.000     3416.000     3366.000     3386.000
   575:       38.000        0.000        0.000        0.000        0.000
   580:       38.000     3351.000     3406.000     3341.000     3341.150
   585:       39.000     3430.000     3505.000     3455.000     3475.530
   590:       39.000     3490.530     3491.530     3470.530     3490.530
   595:       39.000     3440.000     3495.000     3430.000     3430.150
   600:       40.000     3522.000     3597.000     3547.000     3554.170
   605:       40.000     3569.170     3570.170     3549.170     3569.170
   610:       40.000     3532.000     3587.000     3522.000     3522.150
   615:       41.000     3615.000     3690.000     3640.000     3660.000
   620:       41.000        0.000        0.000        0.000        0.000
   625:       41.000     3625.000     3680.000     3615.000     3615.150
   630:       42.000     3706.000     3781.000     3731.000     3738.600
   635:       42.000     3753.600     3754.600     3733.600     3753.600
   640:       42.000     3716.000     3771.000     3706.000     3706.150
   645:       43.000     3795.000     3870.000     3820.000     3840.000
   650:       43.000        0.000        0.000        0.000        0.000
   655:       43.000     3805.000     3860.000     3795.000     3795.150
   660:       44.000     3884.000     3959.000     3909.000     3933.800
   665:       44.000     3948.800     3949.800     3928.800     3948.800
   670:       44.000     3894.000     3949.000     3884.000     3884.150
   675:       45.000     3974.000     4049.000     3999.000     4005.960
   680:       45.000     4020.960     4021.960     4000.960     4020.960
   685:       45.000     3984.000     4039.000     3974.000     3974.150
   690:       46.000     4063.000     4138.000     4088.000     4098.040
   695:       46.000     4113.040     4114.040     4093.040     4113.040
   700:       46.000     4073.000     4128.000     4063.000     4063.150
   705:       47.000     4152.000     4227.000     4177.000     4189.930
   710:       47.000     4204.930     4205.930     4184.930     4204.930
   715:       47.000     4162.000     4217.000     4152.000     4152.150
   720:       48.000     4244.000     4319.000     4269.000     4289.000
   725:       48.000        0.000        0.000        0.000        0.000
   730:       48.000     4254.000     4309.000     4244.000     4244.150
   735:       49.000     4331.000     4406.000     4356.000     4376.000
   740:       49.000        0.000        0.000        0.000        0.000
   745:       49.000     4341.000     4396.000     4331.000     4331.150
   750:       50.000     4422.000     4497.000     4447.000     4467.000
   755:       50.000        0.000        0.000        0.000        0.000
   760:       50.000     4432.000     4487.000     4422.000     4422.150
   765:       51.000     4513.000     4588.000     4538.000     4544.240
   770:       51.000     4559.240     4560.240     4539.240     4559.240
   775:       51.000     4523.000     4578.000     4513.000     4513.150
   780:       52.000     4600.000     4675.000     4625.000     4645.000
   785:       52.000        0.000        0.000        0.000        0.000
   790:       52.000     4610.000     4665.000     4600.000     4600.150
   795:       53.000     4691.000     4766.000     4716.000     4722.020
   800:       53.000     4737.020     4738.020     4717.020     4737.020
   805:       53.000     4701.000     4756.000     4691.000     4691.150
   810:       54.000     4780.000     4855.000     4805.000     4825.000
   815:       54.000        0.000        0.000        0.000        0.000
   820:       54.000     4790.000     4845.000     4780.000     4780.150
   825:       55.000     4867.000     4942.000     4892.000     4901.450
   830:       55.000     4916.450     4917.450     4896.450     4916.450
   835:       55.000     4877.000     4932.000     4867.000     4867.150
   840:       56.000     4955.000     5030.000     4980.000     4995.790
   845:       56.000     5010.790     5011.790     4990.790     5010.790
   850:       56.000     4965.000     5020.000     4955.000     4955.150
   855:       57.000     5043.000     5118.000     5068.000     5088.000
   860:       57.000        0.000        0.000        0.000        0.000
   865:       57.000     5053.000     5108.000     5043.000     5043.150
   870:       58.000     5132.000     5207.000     5157.000     5162.680
   875:       58.000     5177.680     5178.680     5157.680     5177.680
   880:       58.000     5142.000     5197.000     5132.000     5132.150
   885:       59.000     5222.000     5297.000     5247.000     5259.370
   890:       59.000     5274.370     5275.370     5254.370     5274.370
   895:       59.000     5232.000     5287.000     5222.000     5222.150
   900:       60.000     5316.000     5391.000     5341.000     5347.010
   905:       60.000     5362.010     5363.010     5342.010     5362.010
   910:       60.000     5326.000     5381.000     5316.000     5316.150
   915:       61.000     5406.000     5481.000     5431.000     5451.000
   920:       61.000        0.000        0.000        0.000        0.000
   925:       61.000     5416.000     5471.000     5406.000     5406.150
   930:       62.000     5492.000     5567.000     5517.000     5524.820
   935:       62.000     5539.820     5540.820     5519.820     5539.820
   940:       62.000     5502.000     5557.000     5492.000     5492.150
   945:       63.000     5580.000     5655.000     5605.000     5616.570
   950:       63.000     5631.570     5632.570     5611.570     5631.570
   955:       63.000     5590.000     5645.000     5580.000     5580.150
   960:       64.000     5675.000     5750.000     5700.000     5710.870
   965:       64.000     5725.870     5726.870     5705.870     5725.870
   970:       64.000     5685.000     5740.000     5675.000     5675.150
   975:       65.000     5762.000     5837.000     5787.000     5807.000
   980:       65.000        0.000        0.000        0.000        0.000
   985:       65.000     5772.000     5827.000     5762.000     5762.150
   990:       66.000     5856.000     5931.000     5881.000     5887.170
   995:       66.000     5902.170     5903.170     5882.170     5902.170
  1000:       66.000     5866.000     5921.000     5856.000     5856.150
  1005:       67.000     5946.000     6021.000     5971.000     5991.000
  1010:       67.000        0.000        0.000        0.000        0.000
  1015:       67.000     5956.000     6011.000     5946.000     5946.150
  1020:       68.000     6038.000     6113.000     6063.000     6068.790
  1025:       68.000     6083.790     6084.790     6063.790     6083.790
  1030:       68.000     6048.000     6103.000     6038.000     6038.150
  1035:       69.000     6129.000     6204.000     6154.000     6161.910
  1040:       69.000     6176.910     6177.910     6156.910     6176.910
  1045:       69.000     6139.000     6194.000     6129.000     6129.150
  1050:       70.000     6218.000     6293.000     6243.000     6251.980
  1055:       70.000     6266.980     6267.980     6246.980     6266.980
  1060:       70.000     6228.000     6283.000     6218.000     6218.150
  1065:       71.000     6307.000     6382.000     6332.000     6338.970
  1070:       71.000     6353.970     6354.970     6333.970     6353.970
  1075:       71.000     6317.000     6372.000     6307.000     6307.150
  1080:       72.000     6397.000     6472.000     6422.000     6427.810
  1085:       72.000     6442.810     6443.810     6422.810     6442.810
  1090:       72.000     6407.000     6462.000     6397.000     6397.150
  1095:       73.000     6486.000     6561.000     6511.000     6517.170
  1100:       73.000     6532.170     6533.170     6512.170     6532.170
  1105:       73.000     6496.000     6551.000     6486.000     6486.150
  1110:       74.000     6576.000     6651.000     6601.000     6610.310
  1115:       74.000     6625.310     6626.310     6605.310     6625.310
  1120:       74.000     6586.000     6641.000     6576.000     6576.150
  1125:       75.000     6667.000     6742.000     6692.000     6698.970
  1130:       75.000     6713.970     6714.970     6693.970     6713.970
  1135:       75.000     6677.000     6732.000     6667.000     6667.150
  1140:       76.000     6759.000     6834.000     6784.000     6790.020
  1145:       76.000     6805.020     6806.020     6785.020     6805.020
  1150:       76.000     6769.000     6824.000     6759.000     6759.150
  1155:       77.000     6847.000     6922.000     6872.000     6877.490
  1160:       77.000     6892.490     6893.490     6872.490     6892.490
  1165:       77.000     6857.000     6912.000     6847.000     6847.150
  1170:       78.000     6940.000     7015.000     6965.000     6971.010
  1175:       78.000     6986.010     6987.010     6966.010     6986.010
  1180:       78.000     6950.000     7005.000     6940.000     6940.150
  1185:       79.000     7031.000     7106.000     7056.000     7064.640
  1190:       79.000     7079.640     7080.640     7059.640     7079.640
  1195:       79.000     7041.000     7096.000     7031.000     7031.150
  1200:       80.000     7122.000     7197.000     7147.000     7157.230
  1205:       80.000     7172.230     7173.230     7152.230     7172.230
  1210:       80.000     7132.000     7187.000     7122.000     7122.150
  1215:       81.000     7215.000     7290.000     7240.000     7246.250
  1220:       81.000     7261.250     7262.250     7241.250     7261.250
  1225:       81.000     7225.000     7280.000     7215.000     7215.150
  1230:       82.000     7305.000     7380.000     7330.000     7344.690
  1235:       82.000     7359.690     7360.690     7339.690     7359.690
  1240:       82.000     7315.000     7370.000     7305.000     7305.150
  1245:       83.000     7394.000     7469.000     7419.000     7426.210
  1250:       83.000     7441.210     7442.210     7421.210     7441.210
  1255:       83.000     7404.000     7459.000     7394.000     7394.150
  1260:       84.000     7486.000     7561.000     7511.000     7517.860
  1265:       84.000     7532.860     7533.860     7512.860     7532.860
  1270:       84.000     7496.000     7551.000     7486.000     7486.150
  1275:       85.000     7577.000     7652.000     7602.000     7609.330
  1280:       85.000     7624.330     7625.330     7604.330     7624.330
  1285:       85.000     7587.000     7642.000     7577.000     7577.150
  1290:       86.000     7664.000     7739.000     7689.000     7709.300
  1295:       86.000     7724.300     7725.300     7704.300     7724.300
  1300:       86.000     7674.000     7729.000     7664.000     7664.150
  1305:       87.000     7751.000     7826.000     7776.000     7782.090
  1310:       87.000     7797.090     7798.090     7777.090     7797.090
  1315:       87.000     7761.000     7816.000     7751.000     7751.150
  1320:       88.000     7842.000     7917.000     7867.000     7873.410
  1325:       88.000     7888.410     7889.410     7868.410     7888.410
  1330:       88.000     7852.000     7907.000     7842.000     7842.150
  1335:       89.000     7932.000     8007.000     7957.000     7962.940
  1340:       89.000     7977.940     7978.940     7957.940     7977.940
  1345:       89.000     7942.000     7997.000     7932.000     7932.150
  1350:       90.000     8024.000     8099.000     8049.000     8055.580
  1355:       90.000     8070.580     8071.580     8050.580     8070.580
  1360:       90.000     8034.000     8089.000     8024.000     8024.150
  1365:       91.000     8117.000     8192.000     8142.000     8147.980
  1370:       91.000     8162.980     8163.980     8142.980     8162.980
  1375:       91.000     8127.000     8182.000     8117.000     8117.150
  1380:       92.000     8207.000     8282.000     8232.000     8239.460
  1385:       92.000     8254.460     8255.460     8234.460     8254.460
  1390:       92.000     8217.000     8272.000     8207.000     8207.150
  1395:       93.000     8295.000     8370.000     8320.000     8343.870
  1400:       93.000     8358.870     8359.870     8338.870     8358.870
  1405:       93.000     8305.000     8360.000     8295.000     8295.150
  1410:       94.000     8385.000     8460.000     8410.000     8416.160
  1415:       94.000     8431.160     8432.160     8411.160     8431.160
  1420:       94.000     8395.000     8450.000     8385.000     8385.150
  1425:       95.000     8475.000     8550.000     8500.000     8506.620
  1430:       95.000     8521.620     8522.620     8501.620     8521.620
  1435:       95.000     8485.000     8540.000     8475.000     8475.150
  1440:       96.000     8564.000     8639.000     8589.000     8594.660
  1445:       96.000     8609.660     8610.660     8589.660     8609.660
  1450:       96.000     8574.000     8629.000     8564.000     8564.150
  1455:       97.000     8655.000     8730.000     8680.000     8685.950
  1460:       97.000     8700.950     8701.950     8680.950     8700.950
  1465:       97.000     8665.000     8720.000     8655.000     8655.150
  1470:       98.000     8749.000     8824.000     8774.000     8782.870
  1475:       98.000     8797.870     8798.870     8777.870     8797.870
  1480:       98.000     8759.000     8814.000     8749.000     8749.150
  1485:       99.000     8837.000     8912.000     8862.000     8867.870
  1490:       99.000     8882.870     8883.870     8862.870     8882.870
  1495:       99.000     8847.000     8902.000     8837.000     8837.150
  1500:      100.000     8925.000     9000.000     8950.000     8955.930
  1505:      100.000     8970.930     8971.930     8950.930     8970.930
  1510:      100.000     8935.000     8990.000     8925.000     8925.150
F:
     0:      255.160      256.540      319.440      319.540      323.370
     5:      327.440      327.800      328.450      334.090      334.180
    10:      402.520      422.160      423.540      425.630      426.940
    15:      429.780      429.870      430.910      432.200      432.420
    20:      432.540      505.170      507.870      510.790      511.230
    25:      511.490      511.810      512.460      513.280      513.320
    30:      513.340      513.530      513.560      513.890      517.370
    35:      518.060      518.600      518.700      519.410      520.150
    40:      521.340      522.290      523.680      523.860      524.780
    45:      525.070      525.160      525.290      527.100      527.220
    50:      527.330      527.400      527.530      527.610      597.640
    55:      603.720      603.980      605.270      608.490      614.570
    60:      614.780      614.980      615.660      616.340      657.640
    65:      657.770      657.880      658.710      659.770      660.120
    70:      664.150      664.390      664.860      665.040      666.560
    75:      672.210      672.280      677.210      677.370      678.130
    80:      678.610      679.620      680.190      680.360      680.380
    85:      680.570      680.810      680.830      680.930      680.950
    90:      680.980      681.270      681.700      682.590      682.650
    95:      684.090      684.700      686.650      688.490      690.230
   100:      690.330      693.440      696.700      696.820      696.910
   105:      697.050      699.310      699.350      700.320      700.560
   110:      702.860      704.880      705.060      748.740      749.400
   115:      751.170      773.190      773.790      777.120      780.990
   120:      781.650      782.750      789.070      789.540      790.980
   125:      791.050      794.360      794.450      795.390      798.160
   130:      800.330      800.860      801.020      801.060      801.260
   135:      838.150      840.340      841.110      844.490      875.090
   140:      877.620      940.580      949.340      954.730      955.650
   145:      959.640      962.080      962.180      962.290     1020.240
   150:     1025.000     1026.520     1026.820     1028.720     1028.810
   155:     1029.180     1029.330     1039.660     1044.400     1045.670
   160:     1048.010     1048.330     1048.500     1053.180     1060.180
   165:     1126.100     1126.170     1126.460     1127.240     1127.410
   170:     1127.740     1127.860     1129.120     1129.330     1130.510
   175:     1131.000     1131.210     1132.230     1134.830     1135.690
   180:     1135.760     1137.430     1138.170     1138.740     1138.860
   185:     1139.240     1139.270     1139.310     1139.650     1140.800
   190:     1144.200     1144.490     1147.120     1147.280     1148.370
   195:     1148.690     1151.470     1234.340     1234.410     1235.800
   200:     1238.840     1242.330     1244.990     1247.320     1384.070
   205:     1384.880     1402.180     1411.800     1414.160     1414.300
   210:     1417.070     1417.550     1424.740     1471.760     1474.580
   215:     1474.600     1474.900     1476.240     1478.680     1481.830
   220:     1481.910     1497.510     1498.660     1498.740     1498.810
   225:     1499.260     1499.600     1500.860     1500.890     1501.200
   230:     1502.940     1503.130     1503.880     1504.100     1509.100
   235:     1509.210     1509.380     1509.570     1510.450     1510.610
   240:     1512.020     1512.180     1517.830     1517.960     1518.660
   245:     1518.900     1519.000     1582.680     1583.200     1583.610
   250:     1585.610     1585.650     1585.970     1586.110     1586.520
   255:     1587.670     1589.760     1590.010     1591.660     1595.300
   260:     1597.500     1607.320     1650.240     1653.820     1654.910
   265:     1656.750     1660.050     1661.430     1661.690     1661.870
   270:     1662.730     1663.830     1663.870     1664.310     1673.580
   275:     1676.020     1676.910     1677.210     1680.080     1680.600
   280:     1682.590     1682.630     1682.840     1684.370     1685.570
   285:     1685.770     1686.070     1686.170     1687.520     1762.810
   290:     1763.400     1764.730     1766.170     1766.850     1767.240
   295:     1768.070     1768.580     1771.780     1772.520     1772.780
   300:     1774.170     1774.380     1774.440     1774.480     1778.240
   305:     1780.480     1780.700     1781.970     1854.430     1858.110
   310:     1860.530     1862.310     1865.000     1866.620     1870.870
   315:     1936.020     1938.200     1939.560     1940.050     1940.380
   320:     1941.880     1942.750     1943.690     1944.220     1945.330
   325:     1945.460     1947.580     1949.820     1953.680     1956.560
   330:     1956.720     1956.820     1956.970     1957.190     2003.020
   335:     2009.510     2013.100     2028.520     2031.750     2034.250
   340:     2035.210     2035.470     2035.530     2037.560     2041.710
   345:     2113.890     2114.880     2116.500     2116.910     2118.030
   350:     2118.130     2118.200     2118.720     2119.060     2119.940
   355:     2121.210     2122.490     2125.880     2127.260     2132.010
   360:     2132.950     2134.270     2134.480     2134.660     2135.150
   365:     2198.650     2201.560     2201.950     2201.980     2202.350
   370:     2202.390     2203.440     2203.830     2206.940     2207.320
   375:     2207.420     2208.000     2208.430     2208.590     2208.810
   380:     2210.350     2211.180     2211.220     2216.130     2219.280
   385:     2297.660     2299.330     2300.590     2301.270     2301.570
   390:     2303.070     2303.410     2305.220     2305.980     2307.910
   395:     2307.980     2308.320     2309.680     2312.660     2353.240
   400:     2353.280     2353.600     2355.170     2355.230     2359.130
   405:     2360.640     2360.990     2361.720     2364.190     2365.140
   410:     2365.580     2366.100     2366.470     2377.360     2379.250
   415:     2380.270     2381.180     2382.370     2384.000     2384.370
   420:     2384.390     2386.880     2387.710     2389.560     2391.070
   425:     2399.020     2399.100     2466.370     2469.320     2469.740
   430:     2470.770     2470.980     2471.290     2472.400     2472.430
   435:     2473.020     2474.300     2474.530     2475.430     2477.870
   440:     2478.000     2480.580     2484.070     2553.140     2556.080
   445:     2556.390     2557.970     2558.280     2560.180     2562.520
   450:     2562.570     2562.750     2562.840     2562.960     2563.000
   455:     2564.230     2564.360     2565.390     2565.410     2566.750
   460:     2569.490     2569.670     2569.760     2570.240     2571.980
   465:     2572.090     2622.680     2625.680     2627.030     2629.420
   470:     2631.100     2632.230     2633.310     2633.850     2635.160
   475:     2635.350     2635.650     2635.810     2635.870     2635.910
   480:     2636.090     2636.290     2636.310     2636.950     2637.090
   485:     2637.580     2638.080     2640.500     2641.920     2642.260
   490:     2642.570     2644.100     2645.000     2645.190     2646.590
   495:     2646.720     2646.990     2652.710     2654.210     2661.580
   500:     2663.730     2667.490     2669.280     2671.430     2671.550
   505:     2671.820     2671.830     2671.890     2672.000     2673.920
   510:     2674.940     2749.310     2752.360     3114.780     3114.910
   515:     3115.210     3117.530     3121.490     3197.900     3197.990
   520:     3198.460     3199.170     3199.440     3199.730     3200.190
   525:     3200.600     3204.660     3205.700     3209.070     3209.370
   530:     3209.800     3477.770     3477.930     3478.140     3480.010
   535:     3483.700     3485.540     3487.940     3489.610     3490.350
   540:     3490.450     3538.350     3540.070     3540.610     3542.870
   545:     3546.760     3546.790     3546.910     3547.380     3556.070
   550:     3558.210     3558.540     3560.310     3560.760     3561.260
   555:     3561.550     3563.040     3564.210     3566.570     3567.960
   560:     3569.140     3573.870     3574.910     3629.170     3634.680
   565:     3744.730     3745.800     3746.110     3747.720     3749.020
   570:     3751.440     3753.520     3753.970     3757.130     3757.590
   575:     3757.930     3758.140     3939.150     3939.170     3939.860
   580:     3940.550     3941.950     3942.810     3943.110     3944.130
   585:     3946.100     3946.850     3947.280     3947.350     3948.600
   590:     4007.740     4007.890     4008.350     4009.250     4009.510
   595:     4010.390     4010.900     4011.070     4012.060     4012.960
   600:     4015.030     4017.910     4017.970     4018.220     4018.330
   605:     4020.340     4020.730     4021.490     4021.630     4023.420
   610:     4024.230     4027.090     4100.550     4100.640     4102.320
   615:     4102.400     4102.850     4103.500     4104.510     4106.340
   620:     4107.090     4107.190     4107.640     4107.910     4107.940
   625:     4108.950     4109.280     4112.870     4115.460     4115.870
   630:     4115.930     4118.480     4120.910     4121.190     4122.490
   635:     4124.390     4124.420     4125.340     4202.030     4205.190
   640:     4207.750     4207.930     4208.510     4210.010     4211.580
   645:     4550.140     4550.510     4552.270     4552.660     4553.100
   650:     4553.170     4553.500     4553.650     4553.980     4554.110
   655:     4554.280     4554.410     4554.770     4555.760     4556.140
   660:     4556.610     4558.790     4558.850     4558.950     4564.280
   665:     4568.010     4568.210     4568.500     4569.560     4572.310
   670:     4575.090     4577.960     4726.220     4727.510     4727.740
   675:     4728.320     4730.920     4732.410     4734.500     4736.410
   680:     4736.570     4737.030     4906.190     4909.340     4909.800
   685:     4910.340     4911.930     4912.930     4914.400     4915.570
   690:     4915.840     4916.650     4916.670     4998.270     4998.740
   695:     4998.800     4999.070     4999.590     4999.820     5000.800
   700:     5000.910     5001.800     5001.960     5002.300     5003.890
   705:     5004.300     5006.530     5006.640     5007.040     5007.720
   710:     5007.920     5008.660     5009.370     5019.030     5164.060
   715:     5165.440     5167.530     5168.380     5169.010     5169.220
   720:     5171.280     5171.760     5174.810     5174.830     5175.230
   725:     5175.700     5176.860     5177.480     5177.630     5180.960
   730:     5181.310     5261.430     5262.680     5262.760     5264.080
   735:     5265.070     5266.450     5266.900     5267.160     5267.850
   740:     5269.120     5270.290     5270.630     5271.580     5273.100
   745:     5274.280     5276.560     5276.760     5350.650     5351.060
   750:     5351.810     5352.860     5354.190     5354.310     5355.080
   755:     5355.320     5355.440     5355.660     5357.050     5357.980
   760:     5358.290     5358.570     5358.610     5359.000     5359.290
   765:     5360.010     5360.960     5361.470     5365.380     5365.560
   770:     5377.900     5378.000     5378.120     5525.700     5527.630
   775:     5528.600     5531.730     5531.840     5532.110     5532.630
   780:     5534.050     5534.370     5535.060     5535.790     5536.460
   785:     5536.520     5536.690     5540.300     5621.170     5622.370
   790:     5622.530     5624.360     5625.070     5626.310     5626.890
   795:     5627.750     5628.170     5628.640     5630.440     5630.760
   800:     5631.290     5632.180     5634.560     5634.640     5716.920
   805:     5718.840     5719.790     5720.050     5721.110     5721.590
   810:     5721.840     5722.650     5724.130     5724.240     5724.420
   815:     5726.430     5726.820     5729.020     5888.310     5894.080
   820:     5894.170     5895.960     5896.080     5896.240     5897.680
   825:     5898.420     5899.550     5900.240     5900.500     5900.770
   830:     5905.610     5907.590     5995.550     6000.110     6001.730
   835:     6003.890     6006.040     6006.070     6006.440     6008.290
   840:     6010.140     6010.580     6073.890     6073.990     6074.380
   845:     6075.760     6075.800     6076.350     6080.440     6081.250
   850:     6081.490     6082.070     6083.810     6086.080     6087.620
   855:     6090.030     6163.350     6165.240     6168.410     6169.650
   860:     6170.010     6172.730     6174.200     6174.320     6176.240
   865:     6176.550     6255.710     6256.740     6258.740     6259.200
   870:     6259.670     6260.710     6261.120     6263.700     6264.950
   875:     6265.080     6267.030     6267.240     6267.420     6322.040
   880:     6324.550     6324.590     6328.980     6330.930     6341.370
   885:     6343.420     6344.210     6345.000     6345.010     6347.000
   890:     6347.240     6348.770     6349.620     6349.950     6351.560
   895:     6352.010     6352.940     6354.420     6354.580     6357.790
   900:     6358.010     6358.290     6359.510     6360.120     6361.430
   905:     6362.870     6368.000     6428.980     6430.020     6431.010
   910:     6432.140     6432.400     6433.540     6434.110     6434.700
   915:     6434.920     6435.860     6435.920     6436.660     6436.770
   920:     6436.950     6437.720     6441.150     6441.310     6441.480
   925:     6441.710     6441.990     6442.640     6442.690     6456.140
   930:     6504.350     6505.540     6505.620     6505.870     6506.250
   935:     6508.880     6518.040     6523.350     6524.710     6525.340
   940:     6526.060     6526.410     6526.440     6528.620     6529.010
   945:     6529.150     6531.260     6532.270     6538.270     6611.190
   950:     6612.680     6613.080     6614.650     6615.920     6617.080
   955:     6617.210     6617.740     6619.250     6619.730     6620.200
   960:     6620.950     6621.320     6621.700     6621.920     6622.170
   965:     6623.530     6623.710     6624.570     6624.770     6625.930
   970:     6628.810     6629.570     6630.550     6677.110     6678.620
   975:     6678.880     6699.840     6702.600     6702.700     6703.030
   980:     6703.280     6703.980     6704.840     6705.390     6706.030
   985:     6707.240     6707.540     6707.960     6708.420     6709.090
   990:     6710.220     6710.680     6712.750     6714.800     6715.260
   995:     6724.220     6724.300     6724.420     6724.650     6772.780
  1000:     6791.100     6792.880     6794.860     6795.590     6796.070
  1005:     6796.340     6796.390     6796.620     6799.350     6800.740
  1010:     6802.160     6802.270     6802.910     6803.830     6804.360
  1015:     6805.030     6806.270     6860.840     6861.720     6862.750
  1020:     6869.450     6880.100     6880.800     6882.530     6884.180
  1025:     6884.370     6884.500     6885.760     6886.900     6887.610
  1030:     6887.640     6888.200     6888.620     6888.780     6889.490
  1035:     6890.960     6891.620     6895.000     6895.290     6895.400
  1040:     6973.210     6975.460     6975.540     6976.270     6977.180
  1045:     6977.600     6978.040     6978.510     6982.050     6984.920
  1050:     6985.670     6985.930     6986.410     7081.230     7084.460
  1055:     7084.550     7161.620     7162.840     7163.230     7165.480
  1060:     7170.260     7170.500     7171.730     7172.360     7176.480
  1065:     7177.120     7179.350     7182.860     7250.870     7252.060
  1070:     7252.820     7253.180     7253.790     7254.190     7255.520
  1075:     7256.280     7257.140     7257.280     7257.430     7257.630
  1080:     7258.850     7259.310     7260.820     7264.500     7264.570
  1085:     7265.720     7271.050     7345.810     7347.060     7349.810
  1090:     7349.890     7350.170     7350.260     7351.050     7352.510
  1095:     7354.030     7355.550     7355.970     7356.080     7356.430
  1100:     7356.760     7357.580     7357.800     7357.970     7358.750
  1105:     7359.630     7361.340     7363.020     7430.100     7430.840
  1110:     7431.920     7432.220     7432.840     7433.600     7433.880
  1115:     7434.570     7436.020     7436.790     7436.970     7437.470
  1120:     7438.700     7438.820     7439.420     7440.130     7440.460
  1125:     7441.110     7441.560     7441.720     7441.920     7442.490
  1130:     7444.710     7444.860     7523.140     7525.040     7527.570
  1135:     7527.860     7527.990     7529.170     7530.140     7531.440
  1140:     7532.950     7536.550     7536.880     7538.070     7616.740
  1145:     7621.750     7622.190     7626.750     7629.870     7713.920
  1150:     7714.660     7720.470     7721.850     7722.500     7722.650
  1155:     7723.140     7724.330     7783.390     7784.870     7787.000
  1160:     7787.380     7787.920     7788.540     7788.760     7789.000
  1165:     7789.380     7789.960     7789.990     7790.400     7791.850
  1170:     7792.190     7792.230     7792.560     7793.020     7794.120
  1175:     7794.670     7795.340     7795.960     7796.980     7799.990
  1180:     7800.790     7800.820     7802.860     7803.170     7877.530
  1185:     7878.320     7880.130     7881.790     7884.320     7884.370
  1190:     7884.540     7885.480     7886.330     7887.830     7888.110
  1195:     7888.780     7970.550     7970.780     7973.270     7973.600
  1200:     7973.660     7974.090     7974.640     7975.260     7978.600
  1205:     8059.880     8060.310     8062.630     8063.860     8064.080
  1210:     8066.410     8066.690     8068.550     8069.860     8069.880
  1215:     8070.520     8074.080     8078.280     8148.940     8151.210
  1220:     8153.730     8154.840     8155.030     8156.280     8156.980
  1225:     8157.190     8157.490     8158.510     8158.770     8158.820
  1230:     8159.760     8161.120     8162.400     8165.200     8165.280
  1235:     8165.400     8247.600     8249.470     8250.520     8251.310
  1240:     8251.590     8253.040     8253.970     8254.120     8254.390
  1245:     8260.210     8260.380     8260.540     8346.800     8351.650
  1250:     8352.100     8352.950     8353.450     8353.860     8355.710
  1255:     8357.590     8420.880     8421.680     8423.940     8426.770
  1260:     8428.390     8428.510     8428.860     8431.940     8489.420
  1265:     8513.150     8515.400     8516.130     8517.440     8517.910
  1270:     8519.110     8519.640     8519.830     8520.830     8521.260
  1275:     8521.520     8587.410     8596.050     8596.860     8601.290
  1280:     8601.410     8601.900     8603.940     8605.800     8606.160
  1285:     8607.120     8608.140     8608.410     8609.190     8612.580
  1290:     8612.940     8613.010     8613.160     8613.860     8614.140
  1295:     8614.660     8689.950     8690.650     8690.990     8691.560
  1300:     8692.100     8692.140     8692.290     8693.420     8693.680
  1305:     8696.490     8697.030     8697.160     8697.510     8699.020
  1310:     8699.730     8699.760     8700.570     8701.140     8703.170
  1315:     8703.220     8792.780     8792.930     8794.260     8795.360
  1320:     8795.400     8798.460     8868.730     8871.500     8872.820
  1325:     8872.980     8874.650     8875.230     8875.640     8876.470
  1330:     8877.000     8877.340     8877.990     8878.030     8878.410
  1335:     8880.660     8881.780     8882.310     8956.950     8959.430
  1340:     8960.060     8962.780     8963.420     8964.820     8965.040
  1345:     8966.730     8966.860     8967.030     8968.330     8970.150
  1350:     8970.230     8971.160     8971.910     8976.160
G:
     0:      180.680      180.770      184.050      184.160      185.020
     5:      185.140      185.220      185.630      187.660      189.510
    10:      189.600      200.760      200.860      280.700      280.800
    15:      296.860      647.810      652.190      652.760      653.950
    20:      653.990      713.300      713.650      734.180      739.150
    25:      739.240      739.660      739.880      740.220      740.350
    30:      740.400      740.640      740.740      740.940      742.200
    35:      742.340      742.470      742.750      743.430      744.250
    40:      745.500      745.540      746.470      746.970      803.240
    45:      803.320      803.620      804.910      805.890      806.180
    50:      807.350      808.500      809.090      810.290      811.330
    55:      811.500      811.620      812.130      812.170      826.780
    60:      827.200      829.060      834.550      834.570      834.880
    65:      835.090      835.170      920.350      924.790     1013.300
    70:     1013.400     1013.520     1074.950     1171.440     1171.540
    75:     1180.630     1187.110     1188.330     1454.390     1462.080
    80:     1463.640     1464.190     1465.430     1640.430     1643.690
    85:     1643.950     1645.620     1645.970     1646.330     1646.410
    90:     1649.780     1734.530     1734.650     1903.650     1906.720
    95:     1906.830     1976.410     1981.720     1982.520     1984.920
   100:     1985.400     1987.570     1987.770     1987.900     1988.950
   105:     1989.120     1989.970     1990.910     1991.430     1993.900
   110:     1994.190     1994.280     1995.440     1996.750     1996.900
   115:     1997.920     1998.180     1999.040     1999.600     2000.280
   120:     2089.860     2090.120     2090.230     2336.320     2338.730
   125:     2343.410     2343.570     2344.480     2348.910     2678.260
   130:     2678.420     2680.330     2681.320     2681.790     2682.250
   135:     2684.750     2684.780     2687.640     2692.330     3146.840
   140:     3150.530     3153.010     3496.190     3496.590     3496.650
   145:     3496.890     3531.840     3952.930     3953.170     4130.620
   150:     4405.770     4408.680     4499.520     4876.860     4876.960
   155:     5022.130     5314.570     5480.400     5480.530     5480.630
   160:     5480.930     5482.480     5482.640     5483.010     5483.210
   165:     5483.570     5484.410     5484.460     5485.020     5485.410
   170:     5486.560     5488.500     5488.900     5490.240     5491.310
   175:     5491.430     5492.370     5492.850     5493.150     5493.400
   180:     5494.940     5497.760     5497.790     5498.290     5498.410
   185:     5501.290     6015.820     6016.400     6017.710     6017.820
   190:     6018.880     6019.520     6020.990     6022.260     6657.280
   195:     6661.840     6663.450     6665.500     6665.640     6665.720
   200:     6667.660     6668.070     6673.110     6673.510     6675.550
   205:     6676.730     7394.900     7730.830
H:
I:
K:
L:
     0:      233.890      313.550      314.420      315.590      316.330
     5:      317.380      317.780      404.920      405.990      407.950
    10:      409.020      495.130      495.690      496.160      498.810
    15:      499.060      499.510      500.010      586.570      586.910
    20:      587.070      587.830      588.150      588.650      589.710
    25:      590.820      763.430      763.800      764.710      765.620
    30:      766.560      767.180      854.240      855.150      855.520
    35:      856.650      856.780      857.170      857.440      859.190
    40:      942.410      942.920      943.860      944.700      945.270
    45:      946.200      946.890     1032.960     1033.860     1034.120
    50:     1034.390     1036.320     1120.340     1123.280     1123.630
    55:     1124.770     1391.460     1484.260     1484.730     1484.970
    60:     1485.180     1485.970     1486.580     1486.870     1487.090
    65:     1487.700     1488.660     1489.200     1574.900     1579.350
    70:     1666.730     1667.380     1667.580     1668.260     1668.580
    75:     1668.920     1756.730     1757.740     1758.730     1759.500
    80:     1759.990     1847.040     1847.300     1849.410     1849.710
    85:     1850.560     1851.580     1851.840     1929.960     1930.600
    90:     1933.850     1934.700     2018.760     2019.710     2019.790
    95:     2106.940     2107.600     2111.400     2111.660     2192.660
   100:     2195.310     2289.840     2368.900     2369.120     2370.040
   105:     2370.230     2370.740     2371.260     2459.800     2460.240
   110:     2463.530     2464.560     2546.400     2655.230     2659.690
   115:     2729.090     2732.750     2733.150     3185.610     3470.530
   120:     3549.170     3550.280     3551.860     3733.600     3737.030
   125:     3928.800     3932.420     4000.960     4004.690     4093.040
   130:     4095.840     4184.930     4188.650     4539.240     4543.420
   135:     4717.020     4718.830     4720.570     4896.450     4896.680
   140:     4900.740     4990.790     4994.500     5157.680     5160.390
   145:     5162.210     5254.370     5258.440     5342.010     5342.540
   150:     5344.670     5519.820     5521.680     5524.480     5611.570
   155:     5612.290     5613.810     5614.140     5705.870     5707.100
   160:     5710.670     5882.170     5884.200     5885.500     6063.790
   165:     6065.190     6065.580     6156.910     6160.150     6161.680
   170:     6246.980     6249.510     6333.970     6336.240     6337.650
   175:     6422.810     6425.610     6426.280     6512.170     6512.290
   180:     6515.200     6515.780     6605.310     6605.640     6609.120
   185:     6693.970     6696.000     6697.380     6785.020     6788.020
   190:     6789.110     6872.490     6875.580     6966.010     6967.770
   195:     6968.050     7059.640     7152.230     7156.900     7241.250
   200:     7339.690     7342.280     7421.210     7425.410     7512.860
   205:     7514.010     7516.040     7604.330     7704.300     7704.870
   210:     7705.270     7707.250     7708.920     7709.240     7777.090
   215:     7868.410     7870.290     7870.860     7872.970     7873.300
   220:     7957.940     7959.740     7961.350     8050.580     8054.290
   225:     8142.980     8234.460     8234.870     8235.330     8338.870
   230:     8341.010     8411.160     8413.070     8501.620     8501.870
   235:     8505.090     8506.160     8506.490     8589.660     8594.630
   240:     8680.950     8683.880     8777.870     8778.070     8781.840
   245:     8862.870     8866.450     8950.930     8954.760
M:
     0:       10.000       12.000       12.000       13.000       14.000
     5:       17.000       12.000       15.000       16.000       14.000
    10:       12.000       15.000       14.000       14.000       12.000
    15:       14.000       15.000       14.000       16.000       10.000
    20:       15.000       14.000       16.000       17.000       15.000
    25:       14.000       18.000       12.000       14.000       16.000
    30:       11.000       13.000       13.000       14.000       15.000
    35:       18.000       13.000       16.000       17.000       15.000
    40:       13.000       16.000       15.000       15.000       13.000
    45:       15.000       16.000       15.000       17.000       11.000
    50:       16.000       15.000       17.000       18.000       16.000
    55:       15.000       19.000       13.000       15.000       17.000
    60:       12.000       14.000       14.000       15.000       16.000
    65:       19.000       14.000       17.000       18.000       16.000
    70:       14.000       17.000       16.000       16.000       14.000
    75:       16.000       17.000       16.000       18.000       12.000
    80:       17.000       16.000       18.000       19.000       17.000
    85:       16.000       20.000       14.000       16.000       19.000
    90:       13.000       14.000       13.000       19.000       13.000
    95:       15.000       14.000       13.000       14.000
P:
     0:      253.890      254.390      254.890      333.550      334.050
     5:      334.550      424.920      425.420      425.920      515.130
    10:      515.630      516.130      606.570      607.070      607.570
    15:      783.430      783.930      784.430      874.240      874.740
    20:      875.240      962.410      962.910      963.410     1052.960
    25:     1053.460     1053.960     1140.340     1140.840     1141.340
    30:     1411.460     1411.960     1412.460     1504.260     1504.760
    35:     1505.260     1594.900     1595.400     1595.900     1686.730
    40:     1687.230     1687.730     1776.730     1777.230     1777.730
    45:     1867.040     1867.540     1868.040     1949.960     1950.460
    50:     1950.960     2038.760     2039.260     2039.760     2126.940
    55:     2127.440     2127.940     2212.660     2213.160     2213.660
    60:     2309.840     2310.340     2310.840     2388.900     2389.400
    65:     2389.900     2479.800     2480.300     2480.800     2566.400
    70:     2566.900     2567.400     2675.230     2675.730     2676.230
    75:     2749.090     2749.590     2750.090     3205.610     3206.110
    80:     3206.610     3490.530     3491.030     3491.530     3569.170
    85:     3569.670     3570.170     3753.600     3754.100     3754.600
    90:     3948.800     3949.300     3949.800     4020.960     4021.460
    95:     4021.960     4113.040     4113.540     4114.040     4204.930
   100:     4205.430     4205.930     4559.240     4559.740     4560.240
   105:     4737.020     4737.520     4738.020     4916.450     4916.950
   110:     4917.450     5010.790     5011.290     5011.790     5177.680
   115:     5178.180     5178.680     5274.370     5274.870     5275.370
   120:     5362.010     5362.510     5363.010     5539.820     5540.320
   125:     5540.820     5631.570     5632.070     5632.570     5725.870
   130:     5726.370     5726.870     5902.170     5902.670     5903.170
   135:     6083.790     6084.290     6084.790     6176.910     6177.410
   140:     6177.910     6266.980     6267.480     6267.980     6353.970
   145:     6354.470     6354.970     6442.810     6443.310     6443.810
   150:     6532.170     6532.670     6533.170     6625.310     6625.810
   155:     6626.310     6713.970     6714.470     6714.970     6805.020
   160:     6805.520     6806.020     6892.490     6892.990     6893.490
   165:     6986.010     6986.510     6987.010     7079.640     7080.140
   170:     7080.640     7172.230     7172.730     7173.230     7261.250
   175:     7261.750     7262.250     7359.690     7360.190     7360.690
   180:     7441.210     7441.710     7442.210     7532.860     7533.360
   185:     7533.860     7624.330     7624.830     7625.330     7724.300
   190:     7724.800     7725.300     7797.090     7797.590     7798.090
   195:     7888.410     7888.910     7889.410     7977.940     7978.440
   200:     7978.940     8070.580     8071.080     8071.580     8162.980
   205:     8163.480     8163.980     8254.460     8254.960     8255.460
   210:     8358.870     8359.370     8359.870     8431.160     8431.660
   215:     8432.160     8521.620     8522.120     8522.620     8609.660
   220:     8610.160     8610.660     8700.950     8701.450     8701.950
   225:     8797.870     8798.370     8798.870     8882.870     8883.370
   230:     8883.870     8970.930     8971.430     8971.930
R:
     0:      233.890      313.550      404.920      495.130      586.570
     5:      763.430      854.240      942.410     1032.960     1120.340
    10:     1391.460     1484.260     1574.900     1666.730     1756.730
    15:     1847.040     1929.960     2018.760     2106.940     2192.660
    20:     2289.840     2368.900     2459.800     2546.400     2655.230
    25:     2729.090     3185.610     3470.530     3549.170     3733.600
    30:     3928.800     4000.960     4093.040     4184.930     4539.240
    35:     4717.020     4896.450     4990.790     5157.680     5254.370
    40:     5342.010     5519.820     5611.570     5705.870     5882.170
    45:     6063.790     6156.910     6246.980     6333.970     6422.810
    50:     6512.170     6605.310     6693.970     6785.020     6872.490
    55:     6966.010     7059.640     7152.230     7241.250     7339.690
    60:     7421.210     7512.860     7604.330     7704.300     7777.090
    65:     7868.410     7957.940     8050.580     8142.980     8234.460
    70:     8338.870     8411.160     8501.620     8589.660     8680.950
    75:     8777.870     8862.870     8950.930
V:
W:
     0:        1.000        1.000        1.000        1.000        1.000
     5:        1.000        1.000        1.000        1.000        1.000
    10:        1.000        1.000        1.000        1.000        1.000
    15:        1.000        1.000        1.000        1.000        1.000
    20:        1.000        1.000        1.000        1.000        1.000
    25:        1.000        1.000        1.000        1.000        1.000
    30:        1.000        1.000        1.000        1.000        1.000
    35:        1.000        1.000        1.000        1.000        1.000
    40:        1.000        1.000        1.000        1.000        1.000
    45:        1.000        1.000        1.000        1.000        1.000
    50:        1.000        1.000        1.000        1.000        1.000
    55:        1.000        1.000        1.000        1.000        1.000
    60:        1.000        1.000        1.000        1.000        1.000
    65:        1.000        1.000        1.000        1.000        1.000
    70:        1.000        1.000        1.000        1.000        1.000
    75:        1.000        1.000        1.000        1.000        1.000
    80:        1.000        1.000        1.000        1.000        1.000
    85:        1.000        1.000        1.000        1.000        1.000
    90:        1.000        1.000        1.000        1.000        1.000
    95:        1.000        1.000        1.000        1.000        1.000
   100:        1.000        1.000        1.000        1.000        1.000
   105:        1.000        1.000        1.000        1.000        1.000
X:
     0:       15.000       15.150      106.000      106.150      196.000
     5:      196.150      287.000      287.150      379.000      379.150
    10:      468.000      468.150      558.000      558.150      646.000
    15:      646.150      737.000      737.150      828.000      828.150
    20:      916.000      916.150     1005.000     1005.150     1094.000
    25:     1094.150     1185.000     1185.150     1273.000     1273.150
    30:     1365.000     1365.150     1458.000     1458.150     1548.000
    35:     1548.150     1640.000     1640.150     1730.000     1730.150
    40:     1819.000     1819.150     1904.000     1904.150     1993.000
    45:     1993.150     2081.000     2081.150     2166.000     2166.150
    50:     2255.000     2255.150     2342.000     2342.150     2434.000
    55:     2434.150     2520.000     2520.150     2612.000     2612.150
    60:     2702.000     2702.150     2796.000     2796.150     2883.000
    65:     2883.150     2972.000     2972.150     3063.000     3063.150
    70:     3157.000     3157.150     3248.000     3248.150     3341.000
    75:     3341.150     3430.000     3430.150     3522.000     3522.150
    80:     3615.000     3615.150     3706.000     3706.150     3795.000
    85:     3795.150     3884.000     3884.150     3974.000     3974.150
    90:     4063.000     4063.150     4152.000     4152.150     4244.000
    95:     4244.150     4331.000     4331.150     4422.000     4422.150
   100:     4513.000     4513.150     4600.000     4600.150     4691.000
   105:     4691.150     4780.000     4780.150     4867.000     4867.150
   110:     4955.000     4955.150     5043.000     5043.150     5132.000
   115:     5132.150     5222.000     5222.150     5316.000     5316.150
   120:     5406.000     5406.150     5492.000     5492.150     5580.000
   125:     5580.150     5675.000     5675.150     5762.000     5762.150
   130:     5856.000     5856.150     5946.000     5946.150     6038.000
   135:     6038.150     6129.000     6129.150     6218.000     6218.150
   140:     6307.000     6307.150     6397.000     6397.150     6486.000
   145:     6486.150     6576.000     6576.150     6667.000     6667.150
   150:     6759.000     6759.150     6847.000     6847.150     6940.000
   155:     6940.150     7031.000     7031.150     7122.000     7122.150
   160:     7215.000     7215.150     7305.000     7305.150     7394.000
   165:     7394.150     7486.000     7486.150     7577.000     7577.150
   170:     7664.000     7664.150     7751.000     7751.150     7842.000
   175:     7842.150     7932.000     7932.150     8024.000     8024.150
   180:     8117.000     8117.150     8207.000     8207.150     8295.000
   185:     8295.150     8385.000     8385.150     8475.000     8475.150
   190:     8564.000     8564.150     8655.000     8655.150     8749.000
   195:     8749.150     8837.000     8837.150     8925.000     8925.150
Y:
Z:
     0:        0.000       78.000      249.000        0.000        0.000
     5:        0.000      234.000      200.000        0.000        0.000
    10:        0.000     1354.000      208.000        0.000        0.000
    15:        0.000
