File: C:\MED-PC IV\Data\Tarun\RM-B12_RM036\postBaseplate\R15\S02_R15_FR1_20s_100trials


Start Date: 07/01/17
End Date: 07/02/17
Subject: 15
Experiment: 0
Group: 0
Box: 4
Start Time: 19:37:04
End Time: 12:34:02
MSN: MiniScope_FR1-3p_100trials_05222017
A:       0.000
E:       0.000
J:     101.000
N:       0.000
O:       0.000
Q:       0.000
S:       0.000
T:    9011.000
U:       0.000
B:
     0:        0.000       10.000       10.000       15.000       20.000
     5:       20.000       20.000       10.000       11.000      100.000
    10:        1.000        3.000       15.000        0.010        1.000
    15:        0.000        0.000        5.000       20.000        5.000
C:
     0:      100.000       99.000      323.000        4.000        1.431
     5:        0.000      297.000       99.000        7.000        1.431
    10:        0.000     1808.000      131.000        0.000       15.020
    15:        1.000        0.000        0.000        0.000       20.000
    20:        1.000        0.000        0.000        0.000       20.000
    25:        1.000        0.000        0.000        0.000       17.000
    30:        2.000        1.000        4.000        0.000       19.700
    35:        2.000        3.000        1.000        0.000       19.700
    40:        2.000        2.000        8.000        0.000       14.000
    45:        3.000        1.000        4.000        0.000        1.990
    50:        3.000        3.000        1.000        0.000        1.990
    55:        3.000        4.000        1.000        0.000       20.000
    60:        4.000        1.000        4.000        0.000        1.160
    65:        4.000        3.000        1.000        0.000        1.160
    70:        4.000       14.000        0.000        0.000       16.000
    75:        5.000        1.000        3.000        0.000        3.450
    80:        5.000        3.000        1.000        0.000        3.450
    85:        5.000        7.000        0.000        0.000       17.000
    90:        6.000        1.000        5.000        0.000        1.400
    95:        6.000        3.000        1.000        0.000        1.400
   100:        6.000       26.000        0.000        0.000       17.000
   105:        7.000        1.000        4.000        0.000        0.730
   110:        7.000        3.000        1.000        0.000        0.730
   115:        7.000       22.000        0.000        0.000       15.000
   120:        8.000        1.000        5.000        0.000        0.770
   125:        8.000        3.000        1.000        0.000        0.770
   130:        8.000       26.000       23.000        0.000       10.000
   135:        9.000        1.000        3.000        0.000        0.710
   140:        9.000        3.000        1.000        0.000        0.710
   145:        9.000       21.000        0.000        0.000       11.000
   150:       10.000        1.000        4.000        0.000        0.510
   155:       10.000        3.000        1.000        0.000        0.510
   160:       10.000       15.000        0.000        0.000       15.000
   165:       11.000        1.000        3.000        0.000        0.440
   170:       11.000        3.000        1.000        0.000        0.440
   175:       11.000       23.000        0.000        0.000       19.000
   180:       12.000        1.000        3.000        0.000        0.640
   185:       12.000        3.000        1.000        0.000        0.640
   190:       12.000       27.000        0.000        0.000       19.000
   195:       13.000        1.000        6.000        0.000        1.710
   200:       13.000        3.000        1.000        0.000        1.710
   205:       13.000       21.000        0.000        0.000       12.000
   210:       14.000        1.000        3.000        0.000        1.010
   215:       14.000        3.000        1.000        0.000        1.010
   220:       14.000       31.000       11.000        0.000       15.000
   225:       15.000        1.000        3.000        0.000        0.640
   230:       15.000        3.000        1.000        0.000        0.640
   235:       15.000       21.000        1.000        0.000       17.000
   240:       16.000        1.000        4.000        0.000        1.050
   245:       16.000        3.000        1.000        0.000        1.050
   250:       16.000       18.000        3.000        0.000       13.000
   255:       17.000        1.000        2.000        0.000        2.180
   260:       17.000        3.000        1.000        0.000        2.180
   265:       17.000       18.000        0.000        0.000       14.000
   270:       18.000        1.000        3.000        0.000        1.160
   275:       18.000        3.000        1.000        0.000        1.160
   280:       18.000       21.000        0.000        0.000       14.000
   285:       19.000        1.000        2.000        0.000        0.560
   290:       19.000        3.000        1.000        0.000        0.560
   295:       19.000       16.000        0.000        0.000       14.000
   300:       20.000        1.000        4.000        0.000        1.240
   305:       20.000        3.000        1.000        0.000        1.240
   310:       20.000       17.000        0.000        0.000       15.000
   315:       21.000        1.000        3.000        0.000        1.830
   320:       21.000        3.000        1.000        0.000        1.830
   325:       21.000       17.000        0.000        0.000       18.000
   330:       22.000        1.000        2.000        0.000        2.010
   335:       22.000        3.000        1.000        0.000        2.010
   340:       22.000       30.000        0.000        0.000       19.000
   345:       23.000        1.000        3.000        0.000        0.750
   350:       23.000        3.000        1.000        0.000        0.750
   355:       23.000       43.000        8.000        0.000       14.000
   360:       24.000        1.000        5.000        0.000        1.040
   365:       24.000        3.000        1.000        0.000        1.040
   370:       24.000       17.000        0.000        0.000       17.000
   375:       25.000        1.000        4.000        0.000        0.970
   380:       25.000        3.000        1.000        0.000        0.970
   385:       25.000       26.000        0.000        0.000       14.000
   390:       26.000        1.000        2.000        0.000        0.590
   395:       26.000        3.000        1.000        0.000        0.590
   400:       26.000       25.000        0.000        0.000       17.000
   405:       27.000        1.000        3.000        0.000        0.770
   410:       27.000        3.000        1.000        0.000        0.770
   415:       27.000       13.000        0.000        0.000       13.000
   420:       28.000        1.000        2.000        0.000        1.330
   425:       28.000        3.000        1.000        0.000        1.330
   430:       28.000       33.000        0.000        0.000       16.000
   435:       29.000        1.000        4.000        0.000        1.970
   440:       29.000        3.000        1.000        0.000        1.970
   445:       29.000       18.000        0.000        0.000       16.000
   450:       30.000        1.000        2.000        0.000        1.910
   455:       30.000        3.000        1.000        0.000        1.910
   460:       30.000       15.000        0.000        0.000       16.000
   465:       31.000        1.000        2.000        0.000        1.410
   470:       31.000        3.000        1.000        0.000        1.410
   475:       31.000       29.000        0.000        0.000       13.000
   480:       32.000        1.000        4.000        0.000        1.230
   485:       32.000        3.000        1.000        0.000        1.230
   490:       32.000       14.000        0.000        0.000       14.000
   495:       33.000        1.000        2.000        0.000        1.970
   500:       33.000        3.000        1.000        0.000        1.970
   505:       33.000       30.000       11.000        0.000       13.000
   510:       34.000        1.000        4.000        0.000        0.600
   515:       34.000        3.000        1.000        0.000        0.600
   520:       34.000       28.000        2.000        0.000       19.000
   525:       35.000        1.000        3.000        0.000        0.970
   530:       35.000        3.000        1.000        0.000        0.970
   535:       35.000       16.000        0.000        0.000       13.000
   540:       36.000        1.000        3.000        2.000        0.720
   545:       36.000        3.000        1.000        2.000        0.720
   550:       36.000       13.000        2.000        0.000       15.000
   555:       37.000        1.000        2.000        0.000        1.470
   560:       37.000        3.000        1.000        0.000        1.470
   565:       37.000       12.000        0.000        0.000       17.000
   570:       38.000        1.000        2.000        2.000        0.560
   575:       38.000        3.000        1.000        0.000        0.560
   580:       38.000       24.000        0.000        0.000       16.000
   585:       39.000        1.000        6.000        0.000        0.850
   590:       39.000        3.000        1.000        0.000        0.850
   595:       39.000       20.000        7.000        0.000       12.000
   600:       40.000        1.000        2.000        0.000        0.900
   605:       40.000        3.000        1.000        0.000        0.900
   610:       40.000       21.000        0.000        0.000       16.000
   615:       41.000        1.000        3.000        0.000        1.590
   620:       41.000        3.000        1.000        0.000        1.590
   625:       41.000       19.000        1.000        0.000       18.000
   630:       42.000        1.000        3.000        0.000        2.290
   635:       42.000        3.000        1.000        0.000        2.290
   640:       42.000       19.000        1.000        0.000       17.000
   645:       43.000        1.000        2.000        0.000        1.380
   650:       43.000        3.000        1.000        0.000        1.380
   655:       43.000       40.000        9.000        0.000       13.000
   660:       44.000        1.000        4.000        0.000        0.800
   665:       44.000        3.000        1.000        0.000        0.800
   670:       44.000       27.000        5.000        0.000       13.000
   675:       45.000        1.000        3.000        0.000        0.530
   680:       45.000        3.000        1.000        0.000        0.530
   685:       45.000       18.000        7.000        0.000       10.000
   690:       46.000        1.000        3.000        0.000        0.550
   695:       46.000        3.000        1.000        0.000        0.550
   700:       46.000       15.000        0.000        0.000       16.000
   705:       47.000        1.000        5.000        0.000        1.230
   710:       47.000        3.000        1.000        0.000        1.230
   715:       47.000       16.000        0.000        0.000       14.000
   720:       48.000        1.000        2.000        0.000        0.990
   725:       48.000        3.000        1.000        0.000        0.990
   730:       48.000       18.000        2.000        0.000       12.000
   735:       49.000        1.000        4.000        0.000        0.130
   740:       49.000        3.000        1.000        0.000        0.130
   745:       49.000       12.000        1.000        0.000       17.000
   750:       50.000        1.000        7.000        0.000        0.810
   755:       50.000        3.000        1.000        0.000        0.810
   760:       50.000       16.000       13.000        0.000       14.000
   765:       51.000        1.000        5.000        0.000        0.120
   770:       51.000        3.000        1.000        0.000        0.120
   775:       51.000       13.000        1.000        0.000       14.000
   780:       52.000        1.000        5.000        0.000        0.940
   785:       52.000        3.000        1.000        0.000        0.940
   790:       52.000       13.000        2.000        0.000       13.000
   795:       53.000        1.000        3.000        0.000        0.450
   800:       53.000        3.000        1.000        0.000        0.450
   805:       53.000       20.000        1.000        0.000       17.000
   810:       54.000        1.000        4.000        0.000        0.640
   815:       54.000        3.000        1.000        0.000        0.640
   820:       54.000        9.000        0.000        0.000       15.000
   825:       55.000        1.000        5.000        0.000        0.650
   830:       55.000        3.000        1.000        0.000        0.650
   835:       55.000       25.000        1.000        0.000       16.000
   840:       56.000        1.000        2.000        0.000        0.910
   845:       56.000        3.000        1.000        0.000        0.910
   850:       56.000       21.000        1.000        0.000       14.000
   855:       57.000        1.000        3.000        0.000        1.600
   860:       57.000        3.000        1.000        4.000        1.600
   865:       57.000       12.000        3.000        0.000       13.000
   870:       58.000        1.000        2.000        0.000        3.080
   875:       58.000        3.000        1.000        0.000        3.080
   880:       58.000       13.000        0.000        0.000       14.000
   885:       59.000        1.000        1.000        0.000        0.620
   890:       59.000        3.000        1.000        0.000        0.620
   895:       59.000       16.000        0.000        0.000       16.000
   900:       60.000        1.000        3.000        0.000        1.360
   905:       60.000        3.000        1.000        0.000        1.360
   910:       60.000       17.000        0.000        0.000       14.000
   915:       61.000        1.000        2.000        0.000        0.670
   920:       61.000        3.000        1.000        0.000        0.670
   925:       61.000       20.000        0.000        0.000       16.000
   930:       62.000        1.000        2.000        0.000        1.160
   935:       62.000        3.000        1.000        0.000        1.160
   940:       62.000       24.000        2.000        0.000       12.000
   945:       63.000        1.000        4.000        0.000        0.680
   950:       63.000        3.000        1.000        0.000        0.680
   955:       63.000       22.000        1.000        0.000       16.000
   960:       64.000        1.000        3.000        0.000        0.970
   965:       64.000        3.000        1.000        1.000        0.970
   970:       64.000       14.000        0.000        0.000       15.000
   975:       65.000        1.000        2.000        0.000        0.960
   980:       65.000        3.000        1.000        0.000        0.960
   985:       65.000       15.000        0.000        0.000       15.000
   990:       66.000        1.000        5.000        0.000        4.720
   995:       66.000        3.000        1.000        0.000        4.720
  1000:       66.000       15.000        0.000        0.000       16.000
  1005:       67.000        1.000        3.000        0.000        1.480
  1010:       67.000        3.000        1.000        0.000        1.480
  1015:       67.000       16.000        0.000        0.000       15.000
  1020:       68.000        1.000        2.000        0.000        1.160
  1025:       68.000        3.000        1.000        0.000        1.160
  1030:       68.000       15.000        0.000        0.000       14.000
  1035:       69.000        1.000        2.000        0.000        1.530
  1040:       69.000        3.000        1.000        0.000        1.530
  1045:       69.000       15.000        0.000        0.000       18.000
  1050:       70.000        1.000        2.000        0.000        4.510
  1055:       70.000        3.000        1.000        0.000        4.510
  1060:       70.000       26.000        0.000        0.000       16.000
  1065:       71.000        1.000        4.000        0.000        0.750
  1070:       71.000        3.000        1.000        0.000        0.750
  1075:       71.000       16.000        0.000        0.000       17.000
  1080:       72.000        1.000        3.000        0.000        0.880
  1085:       72.000        3.000        1.000        0.000        0.880
  1090:       72.000        9.000        0.000        0.000       16.000
  1095:       73.000        1.000        4.000        0.000        1.130
  1100:       73.000        3.000        1.000        0.000        1.130
  1105:       73.000       13.000        0.000        0.000       14.000
  1110:       74.000        1.000        4.000        0.000        0.750
  1115:       74.000        3.000        1.000        0.000        0.750
  1120:       74.000       11.000        0.000        0.000       18.000
  1125:       75.000        1.000        3.000        0.000        1.290
  1130:       75.000        3.000        1.000        0.000        1.290
  1135:       75.000        9.000        0.000        0.000       12.000
  1140:       76.000        1.000        2.000        0.000        0.890
  1145:       76.000        3.000        1.000        0.000        0.890
  1150:       76.000       12.000        0.000        0.000       15.000
  1155:       77.000        1.000        3.000        0.000        0.200
  1160:       77.000        3.000        1.000        0.000        0.200
  1165:       77.000       12.000        0.000        0.000       14.000
  1170:       78.000        1.000        5.000        0.000        0.730
  1175:       78.000        3.000        1.000        0.000        0.730
  1180:       78.000       19.000        1.000        0.000       14.000
  1185:       79.000        1.000        4.000        0.000        1.410
  1190:       79.000        3.000        1.000        0.000        1.410
  1195:       79.000       15.000        0.000        0.000       16.000
  1200:       80.000        1.000        2.000        0.000        3.000
  1205:       80.000        3.000        1.000        0.000        3.000
  1210:       80.000       14.000        0.000        0.000       15.000
  1215:       81.000        1.000        2.000        0.000        4.580
  1220:       81.000        3.000        1.000        0.000        4.580
  1225:       81.000       15.000        0.000        0.000       15.000
  1230:       82.000        1.000        4.000        0.000        1.000
  1235:       82.000        3.000        1.000        0.000        1.000
  1240:       82.000       12.000        0.000        0.000       13.000
  1245:       83.000        1.000        4.000        0.000        1.880
  1250:       83.000        3.000        1.000        0.000        1.880
  1255:       83.000       12.000        0.000        0.000       14.000
  1260:       84.000        1.000        4.000        0.000        1.070
  1265:       84.000        3.000        1.000        0.000        1.070
  1270:       84.000       18.000        0.000        0.000       15.000
  1275:       85.000        1.000        3.000        0.000        1.340
  1280:       85.000        3.000        1.000        0.000        1.340
  1285:       85.000        9.000        0.000        0.000       15.000
  1290:       86.000        1.000        4.000        0.000        1.200
  1295:       86.000        3.000        1.000        0.000        1.200
  1300:       86.000       29.000        0.000        0.000       11.000
  1305:       87.000        1.000        3.000        0.000        1.120
  1310:       87.000        3.000        1.000        0.000        1.120
  1315:       87.000       16.000        0.000        0.000       15.000
  1320:       88.000        1.000        1.000        0.000        1.310
  1325:       88.000        3.000        1.000        0.000        1.310
  1330:       88.000       18.000        0.000        0.000       15.000
  1335:       89.000        1.000        3.000        0.000        2.680
  1340:       89.000        3.000        1.000        0.000        2.680
  1345:       89.000       23.000        0.000        0.000       16.000
  1350:       90.000        1.000        3.000        0.000        1.940
  1355:       90.000        3.000        1.000        0.000        1.940
  1360:       90.000       24.000        0.000        0.000       19.000
  1365:       91.000        1.000        2.000        0.000        0.920
  1370:       91.000        3.000        1.000        0.000        0.920
  1375:       91.000       29.000        0.000        0.000       16.000
  1380:       92.000        1.000        2.000        0.000        0.490
  1385:       92.000        3.000        1.000        0.000        0.490
  1390:       92.000       12.000        0.000        0.000       12.000
  1395:       93.000        1.000        4.000        0.000        1.430
  1400:       93.000        3.000        1.000        0.000        1.430
  1405:       93.000       14.000        0.000        0.000       14.000
  1410:       94.000        1.000        6.000        0.000        1.020
  1415:       94.000        3.000        1.000        0.000        1.020
  1420:       94.000       10.000        0.000        0.000       18.000
  1425:       95.000        1.000        4.000        0.000        1.010
  1430:       95.000        3.000        1.000        0.000        1.010
  1435:       95.000       19.000        0.000        0.000       12.000
  1440:       96.000        1.000        2.000        0.000        0.980
  1445:       96.000        3.000        1.000        0.000        0.980
  1450:       96.000       19.000        0.000        0.000       18.000
  1455:       97.000        1.000        2.000        0.000        0.520
  1460:       97.000        3.000        1.000        0.000        0.520
  1465:       97.000       16.000        0.000        0.000       16.000
  1470:       98.000        1.000        4.000        0.000        0.900
  1475:       98.000        3.000        1.000        0.000        0.900
  1480:       98.000       23.000        2.000        0.000       12.000
  1485:       99.000        1.000        3.000        0.000        0.700
  1490:       99.000        3.000        1.000        0.000        0.700
  1495:       99.000       11.000        0.000        0.000       13.000
  1500:      100.000        1.000        4.000        0.000        1.130
  1505:      100.000        3.000        1.000        0.000        1.130
  1510:      100.000       14.000        0.000        0.000       11.000
D:
     0:        0.000        0.000        0.000        0.000        0.000
     5:        0.000        0.000        0.000        0.000        0.000
    10:        0.000        0.000        0.000        0.000        0.000
    15:        1.000       15.000       90.000       40.000       60.000
    20:        1.000        0.000        0.000        0.000        0.000
    25:        1.000       25.000       80.000       15.000       15.150
    30:        2.000      107.000      182.000      132.000      156.700
    35:        2.000      171.700      172.700      151.700      171.700
    40:        2.000      117.000      172.000      107.000      107.150
    45:        3.000      196.000      271.000      221.000      227.990
    50:        3.000      242.990      243.990      222.990      242.990
    55:        3.000      206.000      261.000      196.000      196.150
    60:        4.000      291.000      366.000      316.000      322.160
    65:        4.000      337.160      338.160      317.160      337.160
    70:        4.000      301.000      356.000      291.000      291.150
    75:        5.000      382.000      457.000      407.000      415.450
    80:        5.000      430.450      431.450      410.450      430.450
    85:        5.000      392.000      447.000      382.000      382.150
    90:        6.000      474.000      549.000      499.000      505.400
    95:        6.000      520.400      521.400      500.400      520.400
   100:        6.000      484.000      539.000      474.000      474.150
   105:        7.000      566.000      641.000      591.000      596.730
   110:        7.000      611.730      612.730      591.730      611.730
   115:        7.000      576.000      631.000      566.000      566.150
   120:        8.000      656.000      731.000      681.000      686.770
   125:        8.000      701.770      702.770      681.770      701.770
   130:        8.000      666.000      721.000      656.000      656.150
   135:        9.000      741.000      816.000      766.000      771.710
   140:        9.000      786.710      787.710      766.710      786.710
   145:        9.000      751.000      806.000      741.000      741.150
   150:       10.000      827.000      902.000      852.000      857.510
   155:       10.000      872.510      873.510      852.510      872.510
   160:       10.000      837.000      892.000      827.000      827.150
   165:       11.000      917.000      992.000      942.000      947.440
   170:       11.000      962.440      963.440      942.440      962.440
   175:       11.000      927.000      982.000      917.000      917.150
   180:       12.000     1011.000     1086.000     1036.000     1041.640
   185:       12.000     1056.640     1057.640     1036.640     1056.640
   190:       12.000     1021.000     1076.000     1011.000     1011.150
   195:       13.000     1105.000     1180.000     1130.000     1136.710
   200:       13.000     1151.710     1152.710     1131.710     1151.710
   205:       13.000     1115.000     1170.000     1105.000     1105.150
   210:       14.000     1192.000     1267.000     1217.000     1223.010
   215:       14.000     1238.010     1239.010     1218.010     1238.010
   220:       14.000     1202.000     1257.000     1192.000     1192.150
   225:       15.000     1282.000     1357.000     1307.000     1312.640
   230:       15.000     1327.640     1328.640     1307.640     1327.640
   235:       15.000     1292.000     1347.000     1282.000     1282.150
   240:       16.000     1374.000     1449.000     1399.000     1405.050
   245:       16.000     1420.050     1421.050     1400.050     1420.050
   250:       16.000     1384.000     1439.000     1374.000     1374.150
   255:       17.000     1462.000     1537.000     1487.000     1494.180
   260:       17.000     1509.180     1510.180     1489.180     1509.180
   265:       17.000     1472.000     1527.000     1462.000     1462.150
   270:       18.000     1551.000     1626.000     1576.000     1582.160
   275:       18.000     1597.160     1598.160     1577.160     1597.160
   280:       18.000     1561.000     1616.000     1551.000     1551.150
   285:       19.000     1640.000     1715.000     1665.000     1670.560
   290:       19.000     1685.560     1686.560     1665.560     1685.560
   295:       19.000     1650.000     1705.000     1640.000     1640.150
   300:       20.000     1729.000     1804.000     1754.000     1760.240
   305:       20.000     1775.240     1776.240     1755.240     1775.240
   310:       20.000     1739.000     1794.000     1729.000     1729.150
   315:       21.000     1819.000     1894.000     1844.000     1850.830
   320:       21.000     1865.830     1866.830     1845.830     1865.830
   325:       21.000     1829.000     1884.000     1819.000     1819.150
   330:       22.000     1912.000     1987.000     1937.000     1944.010
   335:       22.000     1959.010     1960.010     1939.010     1959.010
   340:       22.000     1922.000     1977.000     1912.000     1912.150
   345:       23.000     2006.000     2081.000     2031.000     2036.750
   350:       23.000     2051.750     2052.750     2031.750     2051.750
   355:       23.000     2016.000     2071.000     2006.000     2006.150
   360:       24.000     2095.000     2170.000     2120.000     2126.040
   365:       24.000     2141.040     2142.040     2121.040     2141.040
   370:       24.000     2105.000     2160.000     2095.000     2095.150
   375:       25.000     2187.000     2262.000     2212.000     2217.970
   380:       25.000     2232.970     2233.970     2212.970     2232.970
   385:       25.000     2197.000     2252.000     2187.000     2187.150
   390:       26.000     2276.000     2351.000     2301.000     2306.590
   395:       26.000     2321.590     2322.590     2301.590     2321.590
   400:       26.000     2286.000     2341.000     2276.000     2276.150
   405:       27.000     2368.000     2443.000     2393.000     2398.770
   410:       27.000     2413.770     2414.770     2393.770     2413.770
   415:       27.000     2378.000     2433.000     2368.000     2368.150
   420:       28.000     2456.000     2531.000     2481.000     2487.330
   425:       28.000     2502.330     2503.330     2482.330     2502.330
   430:       28.000     2466.000     2521.000     2456.000     2456.150
   435:       29.000     2547.000     2622.000     2572.000     2578.970
   440:       29.000     2593.970     2594.970     2573.970     2593.970
   445:       29.000     2557.000     2612.000     2547.000     2547.150
   450:       30.000     2638.000     2713.000     2663.000     2669.910
   455:       30.000     2684.910     2685.910     2664.910     2684.910
   460:       30.000     2648.000     2703.000     2638.000     2638.150
   465:       31.000     2729.000     2804.000     2754.000     2760.410
   470:       31.000     2775.410     2776.410     2755.410     2775.410
   475:       31.000     2739.000     2794.000     2729.000     2729.150
   480:       32.000     2817.000     2892.000     2842.000     2848.230
   485:       32.000     2863.230     2864.230     2843.230     2863.230
   490:       32.000     2827.000     2882.000     2817.000     2817.150
   495:       33.000     2906.000     2981.000     2931.000     2937.970
   500:       33.000     2952.970     2953.970     2932.970     2952.970
   505:       33.000     2916.000     2971.000     2906.000     2906.150
   510:       34.000     2994.000     3069.000     3019.000     3024.600
   515:       34.000     3039.600     3040.600     3019.600     3039.600
   520:       34.000     3004.000     3059.000     2994.000     2994.150
   525:       35.000     3088.000     3163.000     3113.000     3118.970
   530:       35.000     3133.970     3134.970     3113.970     3133.970
   535:       35.000     3098.000     3153.000     3088.000     3088.150
   540:       36.000     3176.000     3251.000     3201.000     3206.720
   545:       36.000     3221.720     3222.720     3201.720     3221.720
   550:       36.000     3186.000     3241.000     3176.000     3176.150
   555:       37.000     3266.000     3341.000     3291.000     3297.470
   560:       37.000     3312.470     3313.470     3292.470     3312.470
   565:       37.000     3276.000     3331.000     3266.000     3266.150
   570:       38.000     3358.000     3433.000     3383.000     3388.560
   575:       38.000     3403.560     3404.560     3383.560     3403.560
   580:       38.000     3368.000     3423.000     3358.000     3358.150
   585:       39.000     3449.000     3524.000     3474.000     3479.850
   590:       39.000     3494.850     3495.850     3474.850     3494.850
   595:       39.000     3459.000     3514.000     3449.000     3449.150
   600:       40.000     3536.000     3611.000     3561.000     3566.900
   605:       40.000     3581.900     3582.900     3561.900     3581.900
   610:       40.000     3546.000     3601.000     3536.000     3536.150
   615:       41.000     3627.000     3702.000     3652.000     3658.590
   620:       41.000     3673.590     3674.590     3653.590     3673.590
   625:       41.000     3637.000     3692.000     3627.000     3627.150
   630:       42.000     3720.000     3795.000     3745.000     3752.290
   635:       42.000     3767.290     3768.290     3747.290     3767.290
   640:       42.000     3730.000     3785.000     3720.000     3720.150
   645:       43.000     3812.000     3887.000     3837.000     3843.380
   650:       43.000     3858.380     3859.380     3838.380     3858.380
   655:       43.000     3822.000     3877.000     3812.000     3812.150
   660:       44.000     3900.000     3975.000     3925.000     3930.800
   665:       44.000     3945.800     3946.800     3925.800     3945.800
   670:       44.000     3910.000     3965.000     3900.000     3900.150
   675:       45.000     3988.000     4063.000     4013.000     4018.530
   680:       45.000     4033.530     4034.530     4013.530     4033.530
   685:       45.000     3998.000     4053.000     3988.000     3988.150
   690:       46.000     4073.000     4148.000     4098.000     4103.550
   695:       46.000     4118.550     4119.550     4098.550     4118.550
   700:       46.000     4083.000     4138.000     4073.000     4073.150
   705:       47.000     4164.000     4239.000     4189.000     4195.230
   710:       47.000     4210.230     4211.230     4190.230     4210.230
   715:       47.000     4174.000     4229.000     4164.000     4164.150
   720:       48.000     4253.000     4328.000     4278.000     4283.990
   725:       48.000     4298.990     4299.990     4278.990     4298.990
   730:       48.000     4263.000     4318.000     4253.000     4253.150
   735:       49.000     4340.000     4415.000     4365.000     4370.130
   740:       49.000     4385.130     4386.130     4365.130     4385.130
   745:       49.000     4350.000     4405.000     4340.000     4340.150
   750:       50.000     4432.000     4507.000     4457.000     4462.810
   755:       50.000     4477.810     4478.810     4457.810     4477.810
   760:       50.000     4442.000     4497.000     4432.000     4432.150
   765:       51.000     4521.000     4596.000     4546.000     4551.120
   770:       51.000     4566.120     4567.120     4546.120     4566.120
   775:       51.000     4531.000     4586.000     4521.000     4521.150
   780:       52.000     4610.000     4685.000     4635.000     4640.940
   785:       52.000     4655.940     4656.940     4635.940     4655.940
   790:       52.000     4620.000     4675.000     4610.000     4610.150
   795:       53.000     4698.000     4773.000     4723.000     4728.450
   800:       53.000     4743.450     4744.450     4723.450     4743.450
   805:       53.000     4708.000     4763.000     4698.000     4698.150
   810:       54.000     4790.000     4865.000     4815.000     4820.640
   815:       54.000     4835.640     4836.640     4815.640     4835.640
   820:       54.000     4800.000     4855.000     4790.000     4790.150
   825:       55.000     4880.000     4955.000     4905.000     4910.650
   830:       55.000     4925.650     4926.650     4905.650     4925.650
   835:       55.000     4890.000     4945.000     4880.000     4880.150
   840:       56.000     4971.000     5046.000     4996.000     5001.910
   845:       56.000     5016.910     5017.910     4996.910     5016.910
   850:       56.000     4981.000     5036.000     4971.000     4971.150
   855:       57.000     5060.000     5135.000     5085.000     5091.600
   860:       57.000     5106.600     5107.600     5086.600     5106.600
   865:       57.000     5070.000     5125.000     5060.000     5060.150
   870:       58.000     5148.000     5223.000     5173.000     5181.080
   875:       58.000     5196.080     5197.080     5176.080     5196.080
   880:       58.000     5158.000     5213.000     5148.000     5148.150
   885:       59.000     5237.000     5312.000     5262.000     5267.620
   890:       59.000     5282.620     5283.620     5262.620     5282.620
   895:       59.000     5247.000     5302.000     5237.000     5237.150
   900:       60.000     5328.000     5403.000     5353.000     5359.360
   905:       60.000     5374.360     5375.360     5354.360     5374.360
   910:       60.000     5338.000     5393.000     5328.000     5328.150
   915:       61.000     5417.000     5492.000     5442.000     5447.670
   920:       61.000     5462.670     5463.670     5442.670     5462.670
   925:       61.000     5427.000     5482.000     5417.000     5417.150
   930:       62.000     5508.000     5583.000     5533.000     5539.160
   935:       62.000     5554.160     5555.160     5534.160     5554.160
   940:       62.000     5518.000     5573.000     5508.000     5508.150
   945:       63.000     5595.000     5670.000     5620.000     5625.680
   950:       63.000     5640.680     5641.680     5620.680     5640.680
   955:       63.000     5605.000     5660.000     5595.000     5595.150
   960:       64.000     5686.000     5761.000     5711.000     5716.970
   965:       64.000     5731.970     5732.970     5711.970     5731.970
   970:       64.000     5696.000     5751.000     5686.000     5686.150
   975:       65.000     5776.000     5851.000     5801.000     5806.960
   980:       65.000     5821.960     5822.960     5801.960     5821.960
   985:       65.000     5786.000     5841.000     5776.000     5776.150
   990:       66.000     5866.000     5941.000     5891.000     5900.720
   995:       66.000     5915.720     5916.720     5895.720     5915.720
  1000:       66.000     5876.000     5931.000     5866.000     5866.150
  1005:       67.000     5957.000     6032.000     5982.000     5988.480
  1010:       67.000     6003.480     6004.480     5983.480     6003.480
  1015:       67.000     5967.000     6022.000     5957.000     5957.150
  1020:       68.000     6047.000     6122.000     6072.000     6078.160
  1025:       68.000     6093.160     6094.160     6073.160     6093.160
  1030:       68.000     6057.000     6112.000     6047.000     6047.150
  1035:       69.000     6136.000     6211.000     6161.000     6167.530
  1040:       69.000     6182.530     6183.530     6162.530     6182.530
  1045:       69.000     6146.000     6201.000     6136.000     6136.150
  1050:       70.000     6229.000     6304.000     6254.000     6263.510
  1055:       70.000     6278.510     6279.510     6258.510     6278.510
  1060:       70.000     6239.000     6294.000     6229.000     6229.150
  1065:       71.000     6320.000     6395.000     6345.000     6350.750
  1070:       71.000     6365.750     6366.750     6345.750     6365.750
  1075:       71.000     6330.000     6385.000     6320.000     6320.150
  1080:       72.000     6412.000     6487.000     6437.000     6442.880
  1085:       72.000     6457.880     6458.880     6437.880     6457.880
  1090:       72.000     6422.000     6477.000     6412.000     6412.150
  1095:       73.000     6503.000     6578.000     6528.000     6534.130
  1100:       73.000     6549.130     6550.130     6529.130     6549.130
  1105:       73.000     6513.000     6568.000     6503.000     6503.150
  1110:       74.000     6592.000     6667.000     6617.000     6622.750
  1115:       74.000     6637.750     6638.750     6617.750     6637.750
  1120:       74.000     6602.000     6657.000     6592.000     6592.150
  1125:       75.000     6685.000     6760.000     6710.000     6716.290
  1130:       75.000     6731.290     6732.290     6711.290     6731.290
  1135:       75.000     6695.000     6750.000     6685.000     6685.150
  1140:       76.000     6772.000     6847.000     6797.000     6802.890
  1145:       76.000     6817.890     6818.890     6797.890     6817.890
  1150:       76.000     6782.000     6837.000     6772.000     6772.150
  1155:       77.000     6862.000     6937.000     6887.000     6892.200
  1160:       77.000     6907.200     6908.200     6887.200     6907.200
  1165:       77.000     6872.000     6927.000     6862.000     6862.150
  1170:       78.000     6951.000     7026.000     6976.000     6981.730
  1175:       78.000     6996.730     6997.730     6976.730     6996.730
  1180:       78.000     6961.000     7016.000     6951.000     6951.150
  1185:       79.000     7040.000     7115.000     7065.000     7071.410
  1190:       79.000     7086.410     7087.410     7066.410     7086.410
  1195:       79.000     7050.000     7105.000     7040.000     7040.150
  1200:       80.000     7131.000     7206.000     7156.000     7164.000
  1205:       80.000     7179.000     7180.000     7159.000     7179.000
  1210:       80.000     7141.000     7196.000     7131.000     7131.150
  1215:       81.000     7221.000     7296.000     7246.000     7255.580
  1220:       81.000     7270.580     7271.580     7250.580     7270.580
  1225:       81.000     7231.000     7286.000     7221.000     7221.150
  1230:       82.000     7311.000     7386.000     7336.000     7342.000
  1235:       82.000     7357.000     7358.000     7337.000     7357.000
  1240:       82.000     7321.000     7376.000     7311.000     7311.150
  1245:       83.000     7399.000     7474.000     7424.000     7430.880
  1250:       83.000     7445.880     7446.880     7425.880     7445.880
  1255:       83.000     7409.000     7464.000     7399.000     7399.150
  1260:       84.000     7488.000     7563.000     7513.000     7519.070
  1265:       84.000     7534.070     7535.070     7514.070     7534.070
  1270:       84.000     7498.000     7553.000     7488.000     7488.150
  1275:       85.000     7578.000     7653.000     7603.000     7609.340
  1280:       85.000     7624.340     7625.340     7604.340     7624.340
  1285:       85.000     7588.000     7643.000     7578.000     7578.150
  1290:       86.000     7668.000     7743.000     7693.000     7699.200
  1295:       86.000     7714.200     7715.200     7694.200     7714.200
  1300:       86.000     7678.000     7733.000     7668.000     7668.150
  1305:       87.000     7754.000     7829.000     7779.000     7785.120
  1310:       87.000     7800.120     7801.120     7780.120     7800.120
  1315:       87.000     7764.000     7819.000     7754.000     7754.150
  1320:       88.000     7844.000     7919.000     7869.000     7875.310
  1325:       88.000     7890.310     7891.310     7870.310     7890.310
  1330:       88.000     7854.000     7909.000     7844.000     7844.150
  1335:       89.000     7934.000     8009.000     7959.000     7966.680
  1340:       89.000     7981.680     7982.680     7961.680     7981.680
  1345:       89.000     7944.000     7999.000     7934.000     7934.150
  1350:       90.000     8025.000     8100.000     8050.000     8056.940
  1355:       90.000     8071.940     8072.940     8051.940     8071.940
  1360:       90.000     8035.000     8090.000     8025.000     8025.150
  1365:       91.000     8119.000     8194.000     8144.000     8149.920
  1370:       91.000     8164.920     8165.920     8144.920     8164.920
  1375:       91.000     8129.000     8184.000     8119.000     8119.150
  1380:       92.000     8210.000     8285.000     8235.000     8240.490
  1385:       92.000     8255.490     8256.490     8235.490     8255.490
  1390:       92.000     8220.000     8275.000     8210.000     8210.150
  1395:       93.000     8297.000     8372.000     8322.000     8328.430
  1400:       93.000     8343.430     8344.430     8323.430     8343.430
  1405:       93.000     8307.000     8362.000     8297.000     8297.150
  1410:       94.000     8386.000     8461.000     8411.000     8417.020
  1415:       94.000     8432.020     8433.020     8412.020     8432.020
  1420:       94.000     8396.000     8451.000     8386.000     8386.150
  1425:       95.000     8479.000     8554.000     8504.000     8510.010
  1430:       95.000     8525.010     8526.010     8505.010     8525.010
  1435:       95.000     8489.000     8544.000     8479.000     8479.150
  1440:       96.000     8566.000     8641.000     8591.000     8596.980
  1445:       96.000     8611.980     8612.980     8591.980     8611.980
  1450:       96.000     8576.000     8631.000     8566.000     8566.150
  1455:       97.000     8659.000     8734.000     8684.000     8689.520
  1460:       97.000     8704.520     8705.520     8684.520     8704.520
  1465:       97.000     8669.000     8724.000     8659.000     8659.150
  1470:       98.000     8750.000     8825.000     8775.000     8780.900
  1475:       98.000     8795.900     8796.900     8775.900     8795.900
  1480:       98.000     8760.000     8815.000     8750.000     8750.150
  1485:       99.000     8837.000     8912.000     8862.000     8867.700
  1490:       99.000     8882.700     8883.700     8862.700     8882.700
  1495:       99.000     8847.000     8902.000     8837.000     8837.150
  1500:      100.000     8925.000     9000.000     8950.000     8956.130
  1505:      100.000     8971.130     8972.130     8951.130     8971.130
  1510:      100.000     8935.000     8990.000     8925.000     8925.150
F:
     0:      162.740      162.820      243.360      246.250      246.790
     5:      246.910      331.140      331.900      333.260      333.960
    10:      334.340      334.650      335.340      335.990      336.210
    15:      337.140      337.650      339.040      339.550      339.630
    20:      419.800      423.860      427.030      427.430      427.680
    25:      430.890      432.920      508.440      509.770      511.200
    30:      511.370      511.510      512.690      513.160      513.190
    35:      513.570      517.660      517.900      518.180      519.470
    40:      519.810      522.730      523.130      523.250      523.320
    45:      523.430      524.660      524.730      525.450      526.630
    50:      526.980      527.060      527.280      598.360      600.810
    55:      601.050      601.170      601.720      603.720      603.790
    60:      603.870      603.960      604.370      605.810      606.620
    65:      606.990      607.210      607.970      608.810      610.250
    70:      610.560      611.010      611.570      611.810      613.830
    75:      694.090      694.710      695.180      695.900      697.810
    80:      699.170      700.670      700.830      701.100      701.280
    85:      701.480      702.270      703.840      704.620      704.850
    90:      704.900      705.070      705.140      705.260      705.800
    95:      709.410      709.480      709.520      716.970      717.610
   100:      717.690      773.100      774.050      775.880      776.930
   105:      779.480      779.550      780.460      781.280      781.380
   110:      781.440      784.370      784.470      784.790      784.910
   115:      785.130      785.370      786.860      789.340      789.440
   120:      789.520      800.650      866.680      866.950      870.510
   125:      871.710      872.780      875.970      876.410      876.490
   130:      876.620      876.710      876.810      878.230      878.390
   135:      879.020      879.120      935.720      949.640      950.090
   140:      950.810      951.020      951.220      951.930      952.500
   145:      952.940      953.200      953.220      953.750      956.610
   150:      956.680      956.890      956.980      958.470      959.020
   155:      960.490      960.780      961.690      961.820      962.130
   160:     1046.750     1046.870     1048.120     1048.350     1049.250
   165:     1050.560     1050.640     1051.440     1051.860     1052.830
   170:     1054.320     1054.700     1054.780     1055.410     1060.750
   175:     1061.010     1061.230     1063.620     1070.850     1070.950
   180:     1071.180     1071.260     1071.960     1072.950     1073.400
   185:     1074.450     1074.580     1139.210     1139.900     1140.280
   190:     1140.830     1141.090     1141.870     1141.910     1142.250
   195:     1143.590     1144.740     1145.030     1145.200     1145.930
   200:     1147.060     1148.520     1150.580     1152.020     1155.330
   205:     1156.080     1156.490     1156.770     1202.900     1203.000
   210:     1203.020     1203.810     1204.830     1205.750     1206.590
   215:     1208.080     1209.650     1210.850     1211.250     1212.100
   220:     1212.930     1214.700     1224.320     1224.500     1226.070
   225:     1226.680     1227.140     1228.840     1229.920     1230.890
   230:     1231.440     1231.530     1232.600     1233.810     1233.930
   235:     1234.030     1235.800     1237.260     1241.420     1314.090
   240:     1314.690     1315.210     1315.440     1316.460     1316.930
   245:     1317.040     1319.160     1321.590     1323.310     1323.470
   250:     1325.220     1327.080     1327.250     1328.080     1334.800
   255:     1334.910     1335.140     1335.210     1335.340     1338.150
   260:     1396.470     1406.270     1406.830     1407.700     1408.200
   265:     1410.050     1411.000     1412.920     1415.620     1416.990
   270:     1417.660     1417.700     1418.540     1419.550     1420.160
   275:     1438.000     1438.060     1438.160     1498.160     1498.330
   280:     1499.050     1499.430     1500.440     1500.920     1501.010
   285:     1502.050     1503.930     1504.000     1507.100     1507.380
   290:     1508.940     1509.100     1514.120     1516.140     1516.160
   295:     1526.410     1583.540     1583.870     1586.240     1587.170
   300:     1588.990     1589.490     1591.580     1593.830     1594.060
   305:     1594.260     1594.590     1594.770     1594.780     1596.500
   310:     1596.730     1596.970     1597.020     1597.310     1597.360
   315:     1600.050     1605.990     1671.580     1673.390     1673.940
   320:     1675.780     1675.960     1676.160     1676.260     1676.720
   325:     1680.380     1681.770     1683.730     1684.680     1685.010
   330:     1700.090     1700.220     1700.320     1751.940     1761.710
   335:     1763.850     1763.990     1764.980     1767.500     1768.620
   340:     1769.770     1770.250     1770.340     1770.880     1772.890
   345:     1774.510     1774.960     1775.320     1779.470     1779.510
   350:     1853.170     1853.690     1854.580     1855.180     1855.250
   355:     1855.870     1856.410     1856.590     1858.250     1859.480
   360:     1860.350     1862.960     1863.840     1864.520     1867.240
   365:     1867.280     1872.000     1927.080     1929.830     1932.190
   370:     1932.720     1934.040     1934.470     1934.700     1935.030
   375:     1935.100     1935.900     1944.720     1944.900     1944.910
   380:     1946.140     1947.700     1948.280     1948.460     1948.590
   385:     1949.910     1950.020     1952.600     1952.640     1953.420
   390:     1954.520     1957.580     1958.900     1959.040     1959.680
   395:     1967.340     1967.460     2017.670     2018.130     2019.680
   400:     2020.830     2021.470     2021.630     2021.720     2022.330
   405:     2022.550     2023.000     2023.290     2024.110     2024.890
   410:     2037.510     2039.500     2039.700     2039.800     2041.490
   415:     2041.570     2042.030     2042.440     2044.190     2044.570
   420:     2044.620     2045.320     2045.440     2045.450     2045.980
   425:     2046.420     2047.130     2047.240     2047.470     2048.210
   430:     2050.360     2050.440     2051.250     2051.560     2051.610
   435:     2051.730     2056.520     2056.650     2056.710     2059.150
   440:     2127.130     2127.470     2130.250     2130.730     2131.690
   445:     2134.430     2134.810     2135.920     2136.020     2137.720
   450:     2137.810     2139.990     2140.940     2145.130     2151.110
   455:     2151.700     2151.840     2209.290     2211.830     2218.870
   460:     2221.400     2223.430     2223.540     2225.120     2226.300
   465:     2226.770     2226.910     2227.000     2227.720     2227.750
   470:     2227.840     2228.070     2228.840     2228.900     2230.280
   475:     2231.990     2232.030     2235.000     2235.220     2235.320
   480:     2235.500     2235.690     2238.970     2307.830     2308.330
   485:     2309.310     2309.480     2309.580     2310.270     2310.380
   490:     2310.500     2310.610     2311.260     2312.130     2313.160
   495:     2315.630     2317.660     2318.430     2320.440     2321.180
   500:     2321.280     2322.250     2322.340     2323.990     2324.240
   505:     2324.430     2324.590     2334.420     2401.170     2402.230
   510:     2404.220     2404.480     2405.320     2405.790     2407.020
   515:     2407.090     2407.900     2411.550     2412.780     2413.720
   520:     2416.030     2478.730     2478.820     2479.140     2480.270
   525:     2481.000     2488.080     2488.160     2489.810     2491.560
   530:     2491.710     2491.890     2492.580     2493.000     2493.190
   535:     2493.260     2493.340     2493.460     2494.350     2496.480
   540:     2498.550     2500.260     2501.660     2502.790     2504.350
   545:     2510.140     2510.250     2510.340     2510.470     2511.750
   550:     2513.470     2514.080     2514.300     2515.320     2579.810
   555:     2582.030     2582.150     2582.550     2583.690     2584.900
   560:     2585.690     2586.180     2587.260     2588.580     2588.650
   565:     2589.940     2590.050     2590.160     2591.980     2592.950
   570:     2593.780     2594.350     2670.690     2674.420     2675.970
   575:     2676.750     2678.970     2679.570     2680.330     2681.860
   580:     2682.770     2682.840     2683.230     2683.350     2684.740
   585:     2685.060     2685.120     2747.070     2748.530     2750.290
   590:     2751.400     2752.930     2753.250     2753.900     2761.500
   595:     2766.650     2768.340     2768.860     2768.990     2770.610
   600:     2771.730     2771.830     2772.400     2773.350     2775.140
   605:     2775.400     2777.920     2778.060     2778.700     2780.950
   610:     2788.600     2788.710     2788.970     2789.050     2789.180
   615:     2789.310     2849.180     2849.760     2849.850     2853.210
   620:     2853.590     2853.710     2854.580     2855.520     2855.980
   625:     2861.380     2861.540     2861.800     2863.660     2865.600
   630:     2916.860     2917.430     2918.360     2918.510     2921.260
   635:     2921.360     2924.230     2924.900     2925.090     2925.990
   640:     2926.270     2926.860     2926.980     2927.770     2930.490
   645:     2930.590     2939.400     2939.640     2941.140     2942.290
   650:     2942.370     2944.720     2944.790     2947.620     2947.890
   655:     2948.070     2948.310     2949.220     2950.910     2953.270
   660:     3007.120     3007.490     3012.500     3013.030     3025.540
   665:     3026.100     3026.510     3027.150     3027.180     3027.820
   670:     3028.070     3030.290     3030.310     3030.890     3031.470
   675:     3031.680     3031.780     3032.500     3032.580     3032.690
   680:     3032.790     3032.900     3033.620     3035.020     3035.830
   685:     3038.540     3042.490     3042.590     3107.400     3112.340
   690:     3119.700     3121.900     3126.530     3126.610     3129.600
   695:     3129.680     3130.000     3130.950     3131.030     3131.190
   700:     3132.110     3133.120     3133.480     3141.950     3195.730
   705:     3196.050     3207.890     3208.510     3208.940     3209.360
   710:     3210.530     3212.520     3215.780     3216.260     3217.200
   715:     3221.050     3228.400     3287.450     3298.470     3300.650
   720:     3300.740     3301.440     3303.420     3307.650     3308.660
   725:     3310.500     3311.040     3312.630     3316.810     3376.100
   730:     3376.190     3390.900     3391.210     3392.180     3392.800
   735:     3393.430     3393.650     3394.000     3394.070     3395.470
   740:     3397.400     3397.460     3399.930     3400.400     3401.280
   745:     3401.780     3401.870     3402.040     3402.320     3403.290
   750:     3403.370     3406.430     3406.480     3459.200     3465.170
   755:     3465.320     3465.760     3485.130     3485.920     3486.300
   760:     3488.410     3488.450     3491.650     3492.110     3492.190
   765:     3492.270     3492.360     3494.900     3495.020     3495.360
   770:     3499.230     3500.380     3502.830     3567.670     3569.230
   775:     3572.710     3572.760     3573.510     3573.550     3576.150
   780:     3576.420     3579.400     3579.450     3580.700     3580.770
   785:     3583.830     3584.290     3584.430     3585.310     3598.580
   790:     3598.640     3598.770     3598.860     3598.970     3643.760
   795:     3644.350     3644.600     3645.240     3645.280     3645.500
   800:     3645.900     3648.230     3648.330     3648.470     3648.600
   805:     3650.720     3659.420     3661.820     3662.040     3666.720
   810:     3668.460     3673.120     3673.810     3753.120     3753.840
   815:     3754.370     3754.800     3755.800     3755.850     3757.440
   820:     3757.500     3758.060     3761.020     3762.230     3762.270
   825:     3763.900     3764.290     3766.970     3770.670     3770.850
   830:     3770.930     3771.090     3822.690     3823.980     3825.440
   835:     3826.250     3827.700     3829.510     3830.130     3830.360
   840:     3831.070     3832.010     3832.560     3834.020     3834.130
   845:     3834.470     3835.380     3836.320     3836.910     3844.880
   850:     3844.960     3845.120     3845.180     3845.240     3845.350
   855:     3845.690     3846.780     3847.090     3848.100     3849.730
   860:     3849.790     3849.950     3850.940     3851.030     3851.150
   865:     3851.220     3853.670     3856.700     3858.200     3859.510
   870:     3861.230     3861.570     3918.690     3919.530     3931.790
   875:     3933.810     3933.920     3936.530     3937.130     3937.210
   880:     3937.570     3939.310     3939.400     3939.520     3939.540
   885:     3941.080     3941.320     3941.440     3941.560     3941.660
   890:     3943.990     3945.230     3946.090     3948.150     3948.220
   895:     3948.310     3948.510     3948.560     3948.900     3998.260
   900:     4001.530     4004.260     4019.420     4019.620     4019.760
   905:     4020.220     4020.890     4021.590     4024.180     4025.480
   910:     4026.060     4028.180     4028.560     4030.410     4030.700
   915:     4032.640     4035.870     4105.110     4106.650     4111.200
   920:     4113.520     4113.610     4114.620     4114.750     4115.770
   925:     4116.200     4117.000     4117.200     4120.160     4121.540
   930:     4125.400     4128.060     4197.540     4197.830     4198.570
   935:     4198.590     4198.720     4199.230     4199.510     4202.360
   940:     4204.070     4204.760     4208.980     4209.130     4209.380
   945:     4212.120     4212.200     4212.570     4275.240     4275.590
   950:     4276.600     4277.890     4285.220     4288.190     4288.300
   955:     4290.650     4293.760     4294.450     4294.590     4294.620
   960:     4296.480     4301.710     4306.460     4309.380     4309.530
   965:     4309.950     4371.060     4371.620     4374.700     4377.400
   970:     4380.250     4382.200     4382.240     4383.610     4383.690
   975:     4400.290     4400.400     4401.550     4446.070     4446.480
   980:     4446.770     4447.660     4451.470     4464.600     4467.050
   985:     4471.140     4474.160     4474.990     4475.010     4475.560
   990:     4475.900     4476.650     4476.760     4481.320     4552.040
   995:     4552.630     4554.350     4558.470     4561.360     4561.580
  1000:     4561.620     4562.410     4562.730     4563.750     4564.370
  1005:     4565.560     4570.700     4642.910     4643.910     4644.620
  1010:     4647.660     4650.140     4652.800     4654.120     4654.170
  1015:     4654.590     4654.670     4655.670     4655.860     4655.970
  1020:     4730.250     4730.960     4731.040     4733.410     4735.480
  1025:     4741.960     4743.560     4745.220     4746.850     4748.150
  1030:     4748.370     4748.390     4748.690     4748.710     4749.420
  1035:     4750.230     4750.300     4751.740     4751.830     4751.910
  1040:     4821.600     4822.570     4822.920     4823.910     4825.470
  1045:     4829.930     4831.150     4832.730     4838.190     4898.270
  1050:     4898.980     4899.440     4900.950     4901.070     4902.390
  1055:     4902.730     4912.210     4912.950     4913.850     4915.190
  1060:     4919.240     4919.320     4920.690     4922.790     4923.750
  1065:     4923.950     4925.490     4927.950     4928.030     4928.240
  1070:     4928.510     4928.600     4935.730     4935.830     5002.960
  1075:     5003.270     5003.760     5003.770     5006.590     5008.370
  1080:     5008.630     5010.020     5012.110     5012.940     5013.520
  1085:     5013.800     5013.930     5014.090     5014.240     5014.440
  1090:     5014.870     5015.520     5016.120     5017.090     5020.240
  1095:     5072.290     5092.890     5093.860     5096.710     5099.380
  1100:     5101.170     5101.610     5102.540     5103.140     5103.180
  1105:     5105.010     5112.950     5182.050     5183.490     5186.240
  1110:     5186.310     5188.500     5190.100     5191.330     5191.440
  1115:     5192.990     5193.070     5193.240     5193.260     5196.510
  1120:     5268.510     5269.790     5273.970     5274.000     5275.470
  1125:     5275.600     5275.650     5275.800     5277.290     5277.550
  1130:     5278.680     5278.920     5280.440     5280.990     5281.410
  1135:     5283.060     5360.370     5362.040     5362.190     5363.660
  1140:     5365.050     5365.150     5366.210     5367.110     5368.480
  1145:     5370.700     5370.930     5371.310     5371.410     5374.300
  1150:     5377.870     5379.370     5379.500     5449.150     5450.040
  1155:     5450.500     5453.200     5454.010     5455.110     5456.690
  1160:     5457.410     5461.430     5463.140     5463.560     5471.600
  1165:     5471.620     5474.170     5474.970     5476.700     5477.570
  1170:     5477.870     5478.120     5478.310     5530.700     5530.740
  1175:     5540.450     5541.690     5542.270     5545.400     5545.460
  1180:     5547.080     5547.190     5548.270     5548.310     5550.810
  1185:     5551.010     5551.110     5552.120     5552.440     5552.610
  1190:     5552.630     5554.600     5556.680     5557.700     5561.120
  1195:     5561.190     5563.600     5626.560     5626.780     5628.500
  1200:     5628.800     5629.680     5630.690     5630.960     5631.260
  1205:     5631.550     5633.130     5635.840     5637.820     5638.160
  1210:     5638.540     5638.650     5638.720     5638.830     5639.680
  1215:     5640.260     5640.910     5641.060     5641.440     5703.600
  1220:     5718.390     5721.140     5721.260     5723.610     5726.290
  1225:     5726.380     5727.530     5730.080     5731.920     5737.520
  1230:     5738.020     5738.070     5738.110     5807.860     5808.000
  1235:     5811.510     5811.910     5812.120     5813.290     5813.550
  1240:     5815.810     5817.450     5818.460     5818.800     5820.160
  1245:     5822.410     5823.350     5825.530     5905.740     5905.820
  1250:     5908.360     5909.060     5909.590     5909.620     5910.170
  1255:     5910.810     5911.260     5911.360     5912.780     5913.220
  1260:     5914.880     5915.400     5915.830     5990.130     5991.930
  1265:     5994.000     5994.470     5996.030     5996.270     5999.480
  1270:     6000.910     6000.940     6000.990     6001.010     6001.040
  1275:     6001.710     6002.030     6003.540     6004.880     6079.320
  1280:     6081.470     6086.160     6086.440     6087.530     6088.220
  1285:     6088.270     6089.000     6090.420     6091.740     6092.320
  1290:     6092.370     6092.720     6092.840     6093.050     6168.450
  1295:     6170.860     6173.030     6173.200     6174.300     6174.580
  1300:     6174.920     6175.130     6175.240     6175.430     6179.540
  1305:     6180.510     6181.580     6182.160     6182.230     6264.990
  1310:     6269.070     6269.260     6269.340     6270.490     6270.850
  1315:     6272.010     6272.200     6274.220     6277.380     6278.200
  1320:     6278.910     6280.890     6281.170     6281.230     6281.270
  1325:     6281.490     6283.200     6283.330     6283.380     6284.230
  1330:     6284.480     6286.070     6286.150     6286.230     6286.460
  1335:     6351.660     6352.520     6352.730     6352.840     6354.790
  1340:     6355.350     6356.770     6357.950     6358.030     6361.450
  1345:     6362.520     6364.250     6364.490     6364.710     6365.800
  1350:     6369.800     6443.880     6447.230     6448.260     6451.420
  1355:     6452.710     6453.930     6455.100     6455.310     6456.570
  1360:     6535.060     6537.620     6539.820     6543.090     6543.510
  1365:     6545.000     6545.080     6546.390     6547.940     6548.310
  1370:     6549.310     6551.540     6553.860     6623.670     6626.300
  1375:     6627.350     6630.600     6630.620     6631.420     6632.370
  1380:     6634.590     6635.350     6636.190     6638.080     6704.230
  1385:     6721.140     6724.350     6726.120     6726.260     6726.820
  1390:     6727.090     6727.940     6730.090     6803.760     6807.060
  1395:     6808.250     6808.320     6808.870     6809.480     6810.170
  1400:     6812.920     6814.450     6815.220     6815.800     6816.140
  1405:     6897.220     6898.750     6899.030     6900.030     6900.310
  1410:     6901.510     6902.080     6905.290     6905.390     6905.460
  1415:     6905.520     6907.180     6975.810     6983.460     6984.320
  1420:     6986.040     6986.320     6987.650     6988.570     6988.660
  1425:     6989.100     6989.880     6990.000     6990.660     6991.270
  1430:     6993.330     6994.180     6994.310     6994.370     6994.820
  1435:     6996.490     7072.260     7074.310     7077.000     7077.160
  1440:     7077.680     7078.370     7079.720     7081.540     7081.630
  1445:     7082.100     7084.050     7084.400     7084.640     7086.060
  1450:     7091.050     7164.980     7166.380     7166.680     7167.900
  1455:     7168.770     7169.060     7171.900     7173.210     7175.150
  1460:     7175.660     7176.310     7177.970     7178.690     7179.310
  1465:     7259.670     7259.760     7259.980     7260.870     7263.450
  1470:     7263.510     7264.400     7265.820     7266.240     7267.510
  1475:     7269.360     7270.990     7272.720     7272.850     7280.210
  1480:     7342.740     7348.530     7349.010     7350.320     7350.600
  1485:     7350.850     7350.870     7352.280     7353.550     7354.710
  1490:     7355.960     7356.250     7433.360     7437.650     7438.740
  1495:     7438.880     7440.300     7442.070     7442.690     7445.570
  1500:     7445.960     7447.870     7447.950     7449.740     7521.890
  1505:     7526.510     7527.190     7527.630     7528.020     7529.130
  1510:     7530.640     7531.900     7531.970     7532.110     7533.160
  1515:     7534.200     7537.580     7537.710     7540.610     7540.730
  1520:     7542.000     7542.100     7618.160     7619.240     7620.420
  1525:     7620.810     7621.330     7622.080     7622.560     7624.130
  1530:     7626.570     7700.010     7702.320     7704.050     7704.170
  1535:     7704.950     7705.130     7705.220     7705.320     7706.170
  1540:     7708.190     7710.860     7710.930     7712.400     7712.700
  1545:     7713.960     7716.170     7716.260     7716.330     7716.430
  1550:     7718.520     7720.520     7721.290     7721.390     7721.520
  1555:     7726.800     7726.870     7732.600     7732.700     7732.920
  1560:     7785.990     7787.130     7791.730     7796.690     7798.160
  1565:     7799.190     7799.290     7799.420     7804.980     7806.290
  1570:     7807.510     7811.890     7811.960     7812.060     7812.710
  1575:     7814.760     7876.230     7876.470     7880.500     7880.570
  1580:     7881.200     7881.310     7881.410     7882.450     7882.590
  1585:     7884.820     7886.240     7889.310     7889.340     7889.400
  1590:     7889.610     7889.720     7896.790     7897.090     7967.670
  1595:     7972.210     7972.550     7973.490     7974.050     7974.640
  1600:     7975.170     7975.460     7977.470     7977.840     7977.940
  1605:     7978.080     7978.280     7979.190     7981.150     7981.930
  1610:     7985.710     7989.950     7990.140     7996.180     7996.270
  1615:     7996.330     7996.470     8060.340     8061.360     8062.000
  1620:     8063.160     8065.910     8066.310     8066.460     8066.890
  1625:     8067.010     8068.390     8069.240     8070.520     8071.440
  1630:     8071.910     8071.940     8072.660     8073.170     8073.340
  1635:     8073.630     8077.840     8077.970     8078.070     8078.260
  1640:     8078.600     8153.650     8153.810     8153.930     8155.140
  1645:     8155.180     8155.590     8155.730     8155.810     8157.220
  1650:     8158.010     8158.520     8159.360     8160.150     8160.290
  1655:     8160.350     8161.490     8162.100     8163.060     8163.670
  1660:     8165.390     8169.920     8171.140     8171.220     8171.660
  1665:     8173.490     8174.950     8175.560     8175.630     8175.750
  1670:     8243.680     8245.360     8247.500     8247.730     8249.210
  1675:     8249.430     8249.640     8250.510     8250.580     8251.240
  1680:     8252.690     8254.790     8329.420     8333.450     8334.880
  1685:     8334.890     8335.840     8336.110     8337.890     8339.990
  1690:     8341.400     8342.990     8343.050     8343.580     8346.520
  1695:     8346.780     8418.370     8423.910     8428.360     8431.170
  1700:     8435.100     8435.230     8437.940     8438.060     8439.690
  1705:     8440.110     8510.970     8511.350     8514.300     8514.510
  1710:     8514.640     8515.580     8515.800     8515.880     8516.830
  1715:     8516.860     8518.640     8520.530     8520.610     8520.880
  1720:     8522.360     8523.680     8523.770     8528.070     8528.280
  1725:     8598.190     8599.520     8599.710     8600.890     8600.990
  1730:     8602.750     8604.290     8604.850     8604.900     8606.350
  1735:     8607.310     8607.400     8608.030     8608.080     8608.300
  1740:     8610.400     8614.590     8615.040     8618.520     8690.400
  1745:     8691.670     8694.060     8694.150     8696.020     8698.740
  1750:     8699.560     8699.670     8700.970     8701.220     8701.340
  1755:     8701.530     8702.140     8706.080     8708.220     8711.430
  1760:     8765.820     8781.840     8781.870     8781.960     8781.990
  1765:     8784.470     8785.110     8785.260     8785.860     8787.950
  1770:     8788.000     8788.680     8793.310     8793.880     8796.400
  1775:     8799.530     8799.670     8799.740     8799.970     8800.180
  1780:     8800.370     8800.760     8800.780     8869.020     8872.580
  1785:     8876.040     8880.200     8880.850     8881.930     8882.200
  1790:     8882.870     8886.400     8886.700     8894.680     8957.450
  1795:     8961.770     8964.270     8965.270     8965.630     8968.870
  1800:     8969.170     8969.280     8969.850     8970.530     8970.600
  1805:     8971.290     8974.360     8974.640
G:
     0:      172.410      172.480      172.540      175.550      176.440
     5:      176.600      177.050      178.020      195.910      644.360
    10:      644.470      644.940      645.250      647.620      648.090
    15:      648.320      649.100      649.850      650.250      650.460
    20:      651.940      652.090      653.200      654.150      654.580
    25:      654.820      655.810      660.790      661.570      665.230
    30:      665.370      727.270     1192.400     1193.810     1194.880
    35:     1196.970     1197.100     1197.400     1199.330     1199.650
    40:     1201.500     1201.660     1201.780     1276.210     1376.530
    45:     1439.040     1439.080     2006.260     2007.170     2008.950
    50:     2011.380     2011.450     2012.750     2013.320     2015.340
    55:     2901.930     2903.650     2904.410     2907.500     2908.970
    60:     2909.480     2910.970     2911.270     2911.580     2914.230
    65:     2914.360     3002.670     3002.850     3182.820     3183.060
    70:     3450.600     3451.750     3453.140     3455.140     3456.140
    75:     3456.190     3457.190     3622.870     3786.100     3810.890
    80:     3811.710     3811.910     3814.090     3816.310     3816.420
    85:     3819.430     3819.510     3819.860     3903.640     3905.940
    90:     3906.500     3908.670     3908.710     3985.900     3986.840
    95:     3989.330     3990.270     3991.920     3992.740     3996.030
   100:     4253.850     4255.580     4338.200     4424.810     4425.680
   105:     4426.010     4426.420     4429.600     4431.570     4431.760
   110:     4433.650     4434.250     4434.350     4436.410     4439.850
   115:     4441.960     4513.270     4605.460     4609.600     4707.890
   120:     4868.380     4973.590     5049.350     5055.360     5059.050
   125:     5499.570     5575.820     5588.060     7020.890     8742.560
   130:     8745.960
H:
     0:     3247.800     3250.200     5052.110     5052.430     5052.830
     5:     5053.410     5758.670
I:
     0:     3233.290     3235.940     3416.700     3417.120
K:
L:
     0:      151.700      153.940      155.030      156.620      222.990
     5:      223.160      225.220      226.240      317.160      319.530
    10:      321.400      322.020      410.450      411.960      415.100
    15:      500.400      500.580      501.790      504.220      504.600
    20:      591.730      594.350      596.420      596.590      681.770
    25:      684.140      684.570      684.740      685.120      766.710
    30:      768.530      770.950      852.510      853.820      855.800
    35:      856.920      942.440      942.550      944.280     1036.640
    40:     1037.330     1040.250     1131.710     1133.660     1135.570
    45:     1135.900     1136.050     1136.490     1218.010     1220.200
    50:     1221.620     1307.640     1309.890     1311.860     1400.050
    55:     1401.640     1402.040     1404.050     1489.180     1490.780
    60:     1577.160     1579.140     1579.800     1665.560     1668.760
    65:     1755.240     1756.980     1759.710     1760.050     1845.830
    70:     1847.780     1849.880     1939.010     1941.530     2031.750
    75:     2035.130     2035.310     2121.040     2123.650     2124.690
    80:     2124.820     2125.140     2212.970     2215.280     2215.970
    85:     2217.600     2301.590     2304.160     2393.770     2395.520
    90:     2398.030     2482.330     2485.270     2573.970     2576.330
    95:     2577.730     2578.940     2664.910     2667.420     2755.410
   100:     2759.580     2843.230     2843.490     2846.910     2847.860
   105:     2932.970     2936.590     3019.600     3020.980     3022.460
   110:     3024.210     3113.970     3115.880     3116.220     3201.720
   115:     3204.410     3205.490     3292.470     3296.020     3383.560
   120:     3386.850     3474.850     3475.030     3476.240     3477.240
   125:     3478.830     3479.360     3561.900     3565.760     3653.590
   130:     3657.070     3658.240     3747.290     3748.390     3749.970
   135:     3838.380     3841.240     3925.800     3928.180     3928.480
   140:     3929.630     4013.530     4017.880     4018.460     4098.550
   145:     4099.930     4103.450     4190.230     4192.770     4193.000
   150:     4194.660     4195.210     4278.990     4279.230     4365.130
   155:     4365.500     4365.660     4368.670     4457.810     4459.390
   160:     4459.870     4460.550     4460.990     4462.150     4462.610
   165:     4546.120     4546.490     4546.590     4548.420     4550.760
   170:     4635.940     4636.140     4637.780     4638.580     4640.370
   175:     4723.450     4727.260     4727.850     4815.640     4816.080
   180:     4818.240     4819.360     4905.650     4907.390     4908.220
   185:     4909.510     4910.620     4996.910     4998.930     5086.600
   190:     5089.380     5089.600     5176.080     5179.290     5262.620
   195:     5354.360     5357.640     5359.290     5442.670     5446.370
   200:     5534.160     5537.370     5620.680     5621.930     5624.710
   205:     5625.640     5711.970     5715.270     5716.160     5801.960
   210:     5805.850     5895.720     5896.470     5896.750     5897.820
   215:     5899.640     5983.480     5985.140     5987.330     6073.160
   220:     6077.790     6162.530     6164.930     6258.510     6262.910
   225:     6345.750     6348.320     6348.820     6350.240     6437.880
   230:     6441.000     6442.550     6529.130     6530.700     6531.320
   235:     6534.030     6617.750     6619.100     6620.690     6622.020
   240:     6711.290     6711.660     6714.850     6797.890     6799.480
   245:     6887.200     6888.180     6892.040     6976.730     6976.940
   250:     6977.190     6979.890     6980.390     7066.410     7069.420
   255:     7070.430     7071.080     7159.000     7163.930     7250.580
   260:     7254.700     7337.000     7337.410     7341.300     7341.910
   265:     7425.880     7426.060     7428.660     7430.470     7514.070
   270:     7514.490     7518.630     7519.040     7604.340     7606.870
   275:     7608.050     7694.200     7695.390     7697.340     7698.700
   280:     7780.120     7782.280     7783.650     7870.310     7961.680
   285:     7963.290     7965.380     8051.940     8052.050     8055.610
   290:     8144.920     8146.720     8235.490     8237.970     8323.430
   295:     8324.690     8324.860     8325.630     8412.020     8412.330
   300:     8413.160     8415.350     8415.660     8415.900     8505.010
   305:     8506.300     8507.570     8508.070     8591.980     8595.030
   310:     8684.520     8686.560     8775.900     8778.020     8780.540
   315:     8780.740     8862.700     8864.610     8864.980     8951.130
   320:     8953.090     8953.640     8954.710
M:
     0:       10.000       12.000       12.000       13.000       14.000
     5:       17.000       12.000       15.000       16.000       14.000
    10:       12.000       15.000       14.000       14.000       12.000
    15:       14.000       15.000       14.000       16.000       10.000
    20:       15.000       14.000       16.000       17.000       15.000
    25:       14.000       18.000       12.000       14.000       16.000
    30:       11.000       13.000       13.000       14.000       15.000
    35:       18.000       13.000       16.000       17.000       15.000
    40:       13.000       16.000       15.000       15.000       13.000
    45:       15.000       16.000       15.000       17.000       11.000
    50:       16.000       15.000       17.000       18.000       16.000
    55:       15.000       19.000       13.000       15.000       17.000
    60:       12.000       14.000       14.000       15.000       16.000
    65:       19.000       14.000       17.000       18.000       16.000
    70:       14.000       17.000       16.000       16.000       14.000
    75:       16.000       17.000       16.000       18.000       12.000
    80:       17.000       16.000       18.000       19.000       17.000
    85:       16.000       20.000       14.000       16.000       19.000
    90:       13.000       14.000       13.000       19.000       13.000
    95:       15.000       14.000       13.000       14.000
P:
     0:      171.700      172.200      172.700      242.990      243.490
     5:      243.990      337.160      337.660      338.160      430.450
    10:      430.950      431.450      520.400      520.900      521.400
    15:      611.730      612.230      612.730      701.770      702.270
    20:      702.770      786.710      787.210      787.710      872.510
    25:      873.010      873.510      962.440      962.940      963.440
    30:     1056.640     1057.140     1057.640     1151.710     1152.210
    35:     1152.710     1238.010     1238.510     1239.010     1327.640
    40:     1328.140     1328.640     1420.050     1420.550     1421.050
    45:     1509.180     1509.680     1510.180     1597.160     1597.660
    50:     1598.160     1685.560     1686.060     1686.560     1775.240
    55:     1775.740     1776.240     1865.830     1866.330     1866.830
    60:     1959.010     1959.510     1960.010     2051.750     2052.250
    65:     2052.750     2141.040     2141.540     2142.040     2232.970
    70:     2233.470     2233.970     2321.590     2322.090     2322.590
    75:     2413.770     2414.270     2414.770     2502.330     2502.830
    80:     2503.330     2593.970     2594.470     2594.970     2684.910
    85:     2685.410     2685.910     2775.410     2775.910     2776.410
    90:     2863.230     2863.730     2864.230     2952.970     2953.470
    95:     2953.970     3039.600     3040.100     3040.600     3133.970
   100:     3134.470     3134.970     3221.720     3222.220     3222.720
   105:     3312.470     3312.970     3313.470     3403.560     3404.060
   110:     3404.560     3494.850     3495.350     3495.850     3581.900
   115:     3582.400     3582.900     3673.590     3674.090     3674.590
   120:     3767.290     3767.790     3768.290     3858.380     3858.880
   125:     3859.380     3945.800     3946.300     3946.800     4033.530
   130:     4034.030     4034.530     4118.550     4119.050     4119.550
   135:     4210.230     4210.730     4211.230     4298.990     4299.490
   140:     4299.990     4385.130     4385.630     4386.130     4477.810
   145:     4478.310     4478.810     4566.120     4566.620     4567.120
   150:     4655.940     4656.440     4656.940     4743.450     4743.950
   155:     4744.450     4835.640     4836.140     4836.640     4925.650
   160:     4926.150     4926.650     5016.910     5017.410     5017.910
   165:     5106.600     5107.100     5107.600     5196.080     5196.580
   170:     5197.080     5282.620     5283.120     5283.620     5374.360
   175:     5374.860     5375.360     5462.670     5463.170     5463.670
   180:     5554.160     5554.660     5555.160     5640.680     5641.180
   185:     5641.680     5731.970     5732.470     5732.970     5821.960
   190:     5822.460     5822.960     5915.720     5916.220     5916.720
   195:     6003.480     6003.980     6004.480     6093.160     6093.660
   200:     6094.160     6182.530     6183.030     6183.530     6278.510
   205:     6279.010     6279.510     6365.750     6366.250     6366.750
   210:     6457.880     6458.380     6458.880     6549.130     6549.630
   215:     6550.130     6637.750     6638.250     6638.750     6731.290
   220:     6731.790     6732.290     6817.890     6818.390     6818.890
   225:     6907.200     6907.700     6908.200     6996.730     6997.230
   230:     6997.730     7086.410     7086.910     7087.410     7179.000
   235:     7179.500     7180.000     7270.580     7271.080     7271.580
   240:     7357.000     7357.500     7358.000     7445.880     7446.380
   245:     7446.880     7534.070     7534.570     7535.070     7624.340
   250:     7624.840     7625.340     7714.200     7714.700     7715.200
   255:     7800.120     7800.620     7801.120     7890.310     7890.810
   260:     7891.310     7981.680     7982.180     7982.680     8071.940
   265:     8072.440     8072.940     8164.920     8165.420     8165.920
   270:     8255.490     8255.990     8256.490     8343.430     8343.930
   275:     8344.430     8432.020     8432.520     8433.020     8525.010
   280:     8525.510     8526.010     8611.980     8612.480     8612.980
   285:     8704.520     8705.020     8705.520     8795.900     8796.400
   290:     8796.900     8882.700     8883.200     8883.700     8971.130
   295:     8971.630     8972.130
R:
     0:      151.700      222.990      317.160      410.450      500.400
     5:      591.730      681.770      766.710      852.510      942.440
    10:     1036.640     1131.710     1218.010     1307.640     1400.050
    15:     1489.180     1577.160     1665.560     1755.240     1845.830
    20:     1939.010     2031.750     2121.040     2212.970     2301.590
    25:     2393.770     2482.330     2573.970     2664.910     2755.410
    30:     2843.230     2932.970     3019.600     3113.970     3201.720
    35:     3292.470     3383.560     3474.850     3561.900     3653.590
    40:     3747.290     3838.380     3925.800     4013.530     4098.550
    45:     4190.230     4278.990     4365.130     4457.810     4546.120
    50:     4635.940     4723.450     4815.640     4905.650     4996.910
    55:     5086.600     5176.080     5262.620     5354.360     5442.670
    60:     5534.160     5620.680     5711.970     5801.960     5895.720
    65:     5983.480     6073.160     6162.530     6258.510     6345.750
    70:     6437.880     6529.130     6617.750     6711.290     6797.890
    75:     6887.200     6976.730     7066.410     7159.000     7250.580
    80:     7337.000     7425.880     7514.070     7604.340     7694.200
    85:     7780.120     7870.310     7961.680     8051.940     8144.920
    90:     8235.490     8323.430     8412.020     8505.010     8591.980
    95:     8684.520     8775.900     8862.700     8951.130
V:
W:
     0:        1.000        1.000        1.000        1.000        1.000
     5:        1.000        1.000        1.000        1.000        1.000
    10:        1.000        1.000        1.000        1.000        1.000
    15:        1.000        1.000        1.000        1.000        1.000
    20:        1.000        1.000        1.000        1.000        1.000
    25:        1.000        1.000        1.000        1.000        1.000
    30:        1.000        1.000        1.000        1.000        1.000
    35:        1.000        1.000        1.000        1.000        1.000
    40:        1.000        1.000        1.000        1.000        1.000
    45:        1.000        1.000        1.000        1.000        1.000
    50:        1.000        1.000        1.000        1.000        1.000
    55:        1.000        1.000        1.000        1.000        1.000
    60:        1.000        1.000        1.000        1.000        1.000
    65:        1.000        1.000        1.000        1.000        1.000
    70:        1.000        1.000        1.000        1.000        1.000
    75:        1.000        1.000        1.000        1.000        1.000
    80:        1.000        1.000        1.000        1.000        1.000
    85:        1.000        1.000        1.000        1.000        1.000
    90:        1.000        1.000        1.000        1.000        1.000
    95:        1.000        1.000        1.000        1.000        1.000
   100:        1.000        1.000        1.000        1.000        1.000
   105:        1.000        1.000        1.000        1.000        1.000
X:
     0:       15.000       15.150      107.000      107.150      196.000
     5:      196.150      291.000      291.150      382.000      382.150
    10:      474.000      474.150      566.000      566.150      656.000
    15:      656.150      741.000      741.150      827.000      827.150
    20:      917.000      917.150     1011.000     1011.150     1105.000
    25:     1105.150     1192.000     1192.150     1282.000     1282.150
    30:     1374.000     1374.150     1462.000     1462.150     1551.000
    35:     1551.150     1640.000     1640.150     1729.000     1729.150
    40:     1819.000     1819.150     1912.000     1912.150     2006.000
    45:     2006.150     2095.000     2095.150     2187.000     2187.150
    50:     2276.000     2276.150     2368.000     2368.150     2456.000
    55:     2456.150     2547.000     2547.150     2638.000     2638.150
    60:     2729.000     2729.150     2817.000     2817.150     2906.000
    65:     2906.150     2994.000     2994.150     3088.000     3088.150
    70:     3176.000     3176.150     3266.000     3266.150     3358.000
    75:     3358.150     3449.000     3449.150     3536.000     3536.150
    80:     3627.000     3627.150     3720.000     3720.150     3812.000
    85:     3812.150     3900.000     3900.150     3988.000     3988.150
    90:     4073.000     4073.150     4164.000     4164.150     4253.000
    95:     4253.150     4340.000     4340.150     4432.000     4432.150
   100:     4521.000     4521.150     4610.000     4610.150     4698.000
   105:     4698.150     4790.000     4790.150     4880.000     4880.150
   110:     4971.000     4971.150     5060.000     5060.150     5148.000
   115:     5148.150     5237.000     5237.150     5328.000     5328.150
   120:     5417.000     5417.150     5508.000     5508.150     5595.000
   125:     5595.150     5686.000     5686.150     5776.000     5776.150
   130:     5866.000     5866.150     5957.000     5957.150     6047.000
   135:     6047.150     6136.000     6136.150     6229.000     6229.150
   140:     6320.000     6320.150     6412.000     6412.150     6503.000
   145:     6503.150     6592.000     6592.150     6685.000     6685.150
   150:     6772.000     6772.150     6862.000     6862.150     6951.000
   155:     6951.150     7040.000     7040.150     7131.000     7131.150
   160:     7221.000     7221.150     7311.000     7311.150     7399.000
   165:     7399.150     7488.000     7488.150     7578.000     7578.150
   170:     7668.000     7668.150     7754.000     7754.150     7844.000
   175:     7844.150     7934.000     7934.150     8025.000     8025.150
   180:     8119.000     8119.150     8210.000     8210.150     8297.000
   185:     8297.150     8386.000     8386.150     8479.000     8479.150
   190:     8566.000     8566.150     8659.000     8659.150     8750.000
   195:     8750.150     8837.000     8837.150     8925.000     8925.150
Y:
Z:
     0:        0.000       99.000      323.000        4.000        7.000
     5:        0.000      297.000      200.000        0.000        0.000
    10:        0.000     1808.000      131.000        0.000        0.000
    15:        0.000
