File: C:\MED-PC IV\Data\Tarun\RM-B12_RM036\postBaseplate\R15\S03_R15_FR1_20s_100trials


Start Date: 07/03/17
End Date: 07/03/17
Subject: 15
Experiment: 0
Group: 0
Box: 4
Start Time:  8:54:37
End Time: 11:29:29
MSN: MiniScope_FR1-3p_100trials_05222017
A:       0.000
E:       0.000
J:     101.000
N:       0.000
O:       0.000
Q:       0.000
S:       0.000
T:    9019.000
U:       0.000
B:
     0:        0.000       10.000       10.000       15.000       20.000
     5:       20.000       20.000       10.000       19.000      100.000
    10:        1.000        3.000       15.000        0.010        1.000
    15:        0.000        0.000        5.000       20.000        5.000
C:
     0:      100.000       96.000      256.000        0.000        1.388
     5:        0.000      288.000       96.000        0.000        1.388
    10:        0.000     1252.000       53.000        0.000       15.020
    15:        1.000        1.000        3.000        0.000        5.850
    20:        1.000        3.000        1.000        0.000        5.850
    25:        1.000        9.000        6.000        0.000       15.000
    30:        2.000        1.000        2.000        0.000        1.090
    35:        2.000        3.000        1.000        0.000        1.090
    40:        2.000       17.000        0.000        0.000       16.000
    45:        3.000        1.000        4.000        0.000        1.440
    50:        3.000        3.000        1.000        0.000        1.440
    55:        3.000       20.000        0.000        0.000       14.000
    60:        4.000        1.000        5.000        0.000        1.620
    65:        4.000        3.000        1.000        0.000        1.620
    70:        4.000       15.000        0.000        0.000       13.000
    75:        5.000        1.000        5.000        0.000        2.130
    80:        5.000        3.000        1.000        0.000        2.130
    85:        5.000       21.000        0.000        0.000       19.000
    90:        6.000        1.000        3.000        0.000        1.910
    95:        6.000        3.000        1.000        0.000        1.910
   100:        6.000       19.000        0.000        0.000       17.000
   105:        7.000        1.000        5.000        0.000        0.780
   110:        7.000        3.000        1.000        0.000        0.780
   115:        7.000       17.000        0.000        0.000       16.000
   120:        8.000        1.000        6.000        0.000        1.520
   125:        8.000        3.000        1.000        0.000        1.520
   130:        8.000       22.000        1.000        0.000       18.000
   135:        9.000        1.000        1.000        0.000        0.930
   140:        9.000        3.000        1.000        0.000        0.930
   145:        9.000       10.000        0.000        0.000       18.000
   150:       10.000        1.000        2.000        0.000        1.370
   155:       10.000        3.000        1.000        0.000        1.370
   160:       10.000       13.000        0.000        0.000       14.000
   165:       11.000        1.000        1.000        0.000        0.890
   170:       11.000        3.000        1.000        0.000        0.890
   175:       11.000       11.000        0.000        0.000       12.000
   180:       12.000        1.000        2.000        0.000        0.820
   185:       12.000        3.000        1.000        0.000        0.820
   190:       12.000       17.000        5.000        0.000       10.000
   195:       13.000        1.000        4.000        0.000        0.500
   200:       13.000        3.000        1.000        0.000        0.500
   205:       13.000       14.000        0.000        0.000       10.000
   210:       14.000        1.000        3.000        0.000        1.060
   215:       14.000        3.000        1.000        0.000        1.060
   220:       14.000       15.000        0.000        0.000       13.000
   225:       15.000        1.000        2.000        0.000        1.010
   230:       15.000        3.000        1.000        0.000        1.010
   235:       15.000       10.000        0.000        0.000       12.000
   240:       16.000        1.000        3.000        0.000        0.010
   245:       16.000        3.000        1.000        0.000        0.010
   250:       16.000       20.000        0.000        0.000       16.000
   255:       17.000        1.000        2.000        0.000        0.020
   260:       17.000        3.000        1.000        0.000        0.020
   265:       17.000       11.000        0.000        0.000       15.000
   270:       18.000        1.000        1.000        0.000        1.050
   275:       18.000        3.000        1.000        0.000        1.050
   280:       18.000       10.000        0.000        0.000       13.000
   285:       19.000        1.000        2.000        0.000        1.280
   290:       19.000        3.000        1.000        0.000        1.280
   295:       19.000       16.000        0.000        0.000       16.000
   300:       20.000        1.000        1.000        0.000        1.530
   305:       20.000        3.000        1.000        0.000        1.530
   310:       20.000       19.000        0.000        0.000       13.000
   315:       21.000        1.000        2.000        0.000        0.820
   320:       21.000        3.000        1.000        0.000        0.820
   325:       21.000       10.000        0.000        0.000       15.000
   330:       22.000        1.000        4.000        0.000        0.820
   335:       22.000        3.000        1.000        0.000        0.820
   340:       22.000       21.000        0.000        0.000       11.000
   345:       23.000        1.000        4.000        0.000        0.940
   350:       23.000        3.000        1.000        0.000        0.940
   355:       23.000       12.000        0.000        0.000       12.000
   360:       24.000        1.000        3.000        0.000        0.180
   365:       24.000        3.000        1.000        0.000        0.180
   370:       24.000       13.000        3.000        0.000       16.000
   375:       25.000        1.000        2.000        0.000        1.090
   380:       25.000        3.000        1.000        0.000        1.090
   385:       25.000       15.000        0.000        0.000       16.000
   390:       26.000        1.000        6.000        0.000        0.920
   395:       26.000        3.000        1.000        0.000        0.920
   400:       26.000        9.000        2.000        0.000       17.000
   405:       27.000        1.000        4.000        0.000        1.030
   410:       27.000        3.000        1.000        0.000        1.030
   415:       27.000       11.000        2.000        0.000       13.000
   420:       28.000        1.000        3.000        0.000        0.890
   425:       28.000        3.000        1.000        0.000        0.890
   430:       28.000        6.000        0.000        0.000       17.000
   435:       29.000        1.000        1.000        0.000        1.330
   440:       29.000        3.000        1.000        0.000        1.330
   445:       29.000       19.000        0.000        0.000       14.000
   450:       30.000        1.000        3.000        0.000        0.760
   455:       30.000        3.000        1.000        0.000        0.760
   460:       30.000       10.000        0.000        0.000       12.000
   465:       31.000        1.000        2.000        0.000        0.860
   470:       31.000        3.000        1.000        0.000        0.860
   475:       31.000       25.000        2.000        0.000       15.000
   480:       32.000        1.000        2.000        0.000        1.140
   485:       32.000        3.000        1.000        0.000        1.140
   490:       32.000       13.000        1.000        0.000       16.000
   495:       33.000        1.000        2.000        0.000        0.710
   500:       33.000        3.000        1.000        0.000        0.710
   505:       33.000       23.000        0.000        0.000       14.000
   510:       34.000        1.000        2.000        0.000        0.850
   515:       34.000        3.000        1.000        0.000        0.850
   520:       34.000       14.000        0.000        0.000       17.000
   525:       35.000        1.000        2.000        0.000        0.830
   530:       35.000        3.000        1.000        0.000        0.830
   535:       35.000       15.000        0.000        0.000       15.000
   540:       36.000        1.000        2.000        0.000        2.680
   545:       36.000        3.000        1.000        0.000        2.680
   550:       36.000        9.000        0.000        0.000       17.000
   555:       37.000        1.000        2.000        0.000        1.150
   560:       37.000        3.000        1.000        0.000        1.150
   565:       37.000        9.000        0.000        0.000       15.000
   570:       38.000        1.000        2.000        0.000        4.160
   575:       38.000        3.000        1.000        0.000        4.160
   580:       38.000       15.000        0.000        0.000       17.000
   585:       39.000        1.000        5.000        0.000        1.190
   590:       39.000        3.000        1.000        0.000        1.190
   595:       39.000       20.000        0.000        0.000       18.000
   600:       40.000        1.000        4.000        0.000        1.240
   605:       40.000        3.000        1.000        0.000        1.240
   610:       40.000        6.000        0.000        0.000       17.000
   615:       41.000        1.000        2.000        0.000        0.170
   620:       41.000        3.000        1.000        0.000        0.170
   625:       41.000       18.000        0.000        0.000       18.000
   630:       42.000        1.000        2.000        0.000        0.570
   635:       42.000        3.000        1.000        0.000        0.570
   640:       42.000        5.000        0.000        0.000       13.000
   645:       43.000        1.000        2.000        0.000        0.560
   650:       43.000        3.000        1.000        0.000        0.560
   655:       43.000       12.000        0.000        0.000       19.000
   660:       44.000        1.000        2.000        0.000        1.340
   665:       44.000        3.000        1.000        0.000        1.340
   670:       44.000       12.000        0.000        0.000       15.000
   675:       45.000        1.000        4.000        0.000        0.960
   680:       45.000        3.000        1.000        0.000        0.960
   685:       45.000        9.000        0.000        0.000       18.000
   690:       46.000        1.000        3.000        0.000        1.480
   695:       46.000        3.000        1.000        0.000        1.480
   700:       46.000       15.000        0.000        0.000       14.000
   705:       47.000        1.000        3.000        0.000        2.570
   710:       47.000        3.000        1.000        0.000        2.570
   715:       47.000        8.000        0.000        0.000       14.000
   720:       48.000        1.000        3.000        0.000        1.320
   725:       48.000        3.000        1.000        0.000        1.320
   730:       48.000       11.000        0.000        0.000       14.000
   735:       49.000        1.000        4.000        0.000        1.040
   740:       49.000        3.000        1.000        0.000        1.040
   745:       49.000       16.000        0.000        0.000       15.000
   750:       50.000        1.000        4.000        0.000        1.570
   755:       50.000        3.000        1.000        0.000        1.570
   760:       50.000        8.000        0.000        0.000       12.000
   765:       51.000        1.000        1.000        0.000        0.170
   770:       51.000        3.000        1.000        0.000        0.170
   775:       51.000       10.000        0.000        0.000       14.000
   780:       52.000        1.000        2.000        0.000        0.160
   785:       52.000        3.000        1.000        0.000        0.160
   790:       52.000       19.000        0.000        0.000       14.000
   795:       53.000        1.000        3.000        0.000        3.390
   800:       53.000        3.000        1.000        0.000        3.390
   805:       53.000        8.000        0.000        0.000       15.000
   810:       54.000        1.000        5.000        0.000        0.600
   815:       54.000        3.000        1.000        0.000        0.600
   820:       54.000       13.000        0.000        0.000       11.000
   825:       55.000        1.000        3.000        0.000        1.150
   830:       55.000        3.000        1.000        0.000        1.150
   835:       55.000       17.000        0.000        0.000       17.000
   840:       56.000        1.000        2.000        0.000        0.790
   845:       56.000        3.000        1.000        0.000        0.790
   850:       56.000       10.000        0.000        0.000       12.000
   855:       57.000        1.000        2.000        0.000        0.720
   860:       57.000        3.000        1.000        0.000        0.720
   865:       57.000       14.000        0.000        0.000       15.000
   870:       58.000        1.000        2.000        0.000        1.930
   875:       58.000        3.000        1.000        0.000        1.930
   880:       58.000        8.000        0.000        0.000       16.000
   885:       59.000        1.000        2.000        0.000        0.990
   890:       59.000        3.000        1.000        0.000        0.990
   895:       59.000       12.000        0.000        0.000       17.000
   900:       60.000        1.000        2.000        0.000        1.150
   905:       60.000        3.000        1.000        0.000        1.150
   910:       60.000        8.000        0.000        0.000       14.000
   915:       61.000        1.000        2.000        0.000        1.720
   920:       61.000        3.000        1.000        0.000        1.720
   925:       61.000        6.000        0.000        0.000       16.000
   930:       62.000        1.000        2.000        0.000        1.350
   935:       62.000        3.000        1.000        0.000        1.350
   940:       62.000       11.000        0.000        0.000       16.000
   945:       63.000        1.000        3.000        0.000        0.760
   950:       63.000        3.000        1.000        0.000        0.760
   955:       63.000       11.000        0.000        0.000       18.000
   960:       64.000        1.000        2.000        0.000        0.660
   965:       64.000        3.000        1.000        0.000        0.660
   970:       64.000       20.000        0.000        0.000       16.000
   975:       65.000        1.000        2.000        0.000        1.660
   980:       65.000        3.000        1.000        0.000        1.660
   985:       65.000       13.000        0.000        0.000       14.000
   990:       66.000        1.000        1.000        0.000        1.370
   995:       66.000        3.000        1.000        0.000        1.370
  1000:       66.000       10.000        0.000        0.000       19.000
  1005:       67.000        1.000        2.000        0.000        0.800
  1010:       67.000        3.000        1.000        0.000        0.800
  1015:       67.000        4.000        0.000        0.000       17.000
  1020:       68.000        1.000        3.000        0.000        0.770
  1025:       68.000        3.000        1.000        0.000        0.770
  1030:       68.000       25.000        0.000        0.000       14.000
  1035:       69.000        1.000        2.000        0.000        1.680
  1040:       69.000        3.000        1.000        0.000        1.680
  1045:       69.000        8.000        0.000        0.000       14.000
  1050:       70.000        1.000        3.000        0.000        1.680
  1055:       70.000        3.000        1.000        0.000        1.680
  1060:       70.000        8.000        0.000        0.000       16.000
  1065:       71.000        1.000        2.000        0.000        0.670
  1070:       71.000        3.000        1.000        0.000        0.670
  1075:       71.000       10.000        0.000        0.000       15.000
  1080:       72.000        1.000        3.000        0.000        0.510
  1085:       72.000        3.000        1.000        0.000        0.510
  1090:       72.000        6.000        0.000        0.000       14.000
  1095:       73.000        1.000        4.000        0.000        1.020
  1100:       73.000        3.000        1.000        0.000        1.020
  1105:       73.000       16.000        2.000        0.000       19.000
  1110:       74.000        1.000        2.000        0.000        1.460
  1115:       74.000        3.000        1.000        0.000        1.460
  1120:       74.000        9.000        1.000        0.000       16.000
  1125:       75.000        1.000        3.000        0.000        0.480
  1130:       75.000        3.000        1.000        0.000        0.480
  1135:       75.000       17.000        0.000        0.000       14.000
  1140:       76.000        1.000        2.000        0.000        0.680
  1145:       76.000        3.000        1.000        0.000        0.680
  1150:       76.000       13.000        0.000        0.000       15.000
  1155:       77.000        1.000        3.000        0.000        0.550
  1160:       77.000        3.000        1.000        0.000        0.550
  1165:       77.000       20.000        0.000        0.000       14.000
  1170:       78.000        1.000        3.000        0.000        2.400
  1175:       78.000        3.000        1.000        0.000        2.400
  1180:       78.000       13.000        0.000        0.000       15.000
  1185:       79.000        1.000        3.000        0.000        1.070
  1190:       79.000        3.000        1.000        0.000        1.070
  1195:       79.000       10.000        0.000        0.000       14.000
  1200:       80.000        1.000        1.000        0.000        1.000
  1205:       80.000        3.000        1.000        0.000        1.000
  1210:       80.000       10.000        0.000        0.000       12.000
  1215:       81.000        1.000        1.000        0.000        1.450
  1220:       81.000        3.000        1.000        0.000        1.450
  1225:       81.000       10.000        0.000        0.000       12.000
  1230:       82.000        1.000        2.000        0.000        3.020
  1235:       82.000        3.000        1.000        0.000        3.020
  1240:       82.000        9.000        0.000        0.000       13.000
  1245:       83.000        1.000        3.000        0.000        0.870
  1250:       83.000        3.000        1.000        0.000        0.870
  1255:       83.000       20.000        0.000        0.000       16.000
  1260:       84.000        1.000        1.000        0.000        0.830
  1265:       84.000        3.000        1.000        0.000        0.830
  1270:       84.000       16.000        0.000        0.000       16.000
  1275:       85.000        1.000        2.000        0.000        2.620
  1280:       85.000        3.000        1.000        0.000        2.620
  1285:       85.000       12.000        0.000        0.000       17.000
  1290:       86.000        1.000        5.000        0.000        0.640
  1295:       86.000        3.000        1.000        0.000        0.640
  1300:       86.000        9.000        0.000        0.000       19.000
  1305:       87.000        1.000        3.000        0.000        2.780
  1310:       87.000        3.000        1.000        0.000        2.780
  1315:       87.000       15.000        0.000        0.000       15.000
  1320:       88.000        1.000        2.000        0.000       16.560
  1325:       88.000        3.000        1.000        0.000       16.560
  1330:       88.000        3.000       13.000        0.000       16.000
  1335:       89.000        0.000        0.000        0.000       20.000
  1340:       89.000        0.000        0.000        0.000       20.000
  1345:       89.000        0.000        0.000        0.000       13.000
  1350:       90.000        0.000        0.000        0.000       20.000
  1355:       90.000        0.000        0.000        0.000       20.000
  1360:       90.000        0.000        0.000        0.000       15.000
  1365:       91.000        0.000        0.000        0.000       20.000
  1370:       91.000        0.000        0.000        0.000       20.000
  1375:       91.000        0.000        0.000        0.000       14.000
  1380:       92.000        1.000        2.000        0.000        1.710
  1385:       92.000        3.000        1.000        0.000        1.710
  1390:       92.000       16.000        0.000        0.000       16.000
  1395:       93.000        0.000        0.000        0.000       20.000
  1400:       93.000        0.000        0.000        0.000       20.000
  1405:       93.000       15.000       10.000        0.000       20.000
  1410:       94.000        1.000        3.000        0.000        2.690
  1415:       94.000        3.000        1.000        0.000        2.690
  1420:       94.000       11.000        5.000        0.000       13.000
  1425:       95.000        1.000        5.000        0.000        0.160
  1430:       95.000        3.000        1.000        0.000        0.160
  1435:       95.000       15.000        0.000        0.000       14.000
  1440:       96.000        1.000        2.000        0.000        1.340
  1445:       96.000        3.000        1.000        0.000        1.340
  1450:       96.000       13.000        0.000        0.000       16.000
  1455:       97.000        1.000        3.000        0.000        0.730
  1460:       97.000        3.000        1.000        0.000        0.730
  1465:       97.000       14.000        0.000        0.000       13.000
  1470:       98.000        1.000        2.000        0.000        0.770
  1475:       98.000        3.000        1.000        0.000        0.770
  1480:       98.000        7.000        0.000        0.000       13.000
  1485:       99.000        1.000        2.000        0.000        0.740
  1490:       99.000        3.000        1.000        0.000        0.740
  1495:       99.000        8.000        0.000        0.000       15.000
  1500:      100.000        1.000        3.000        0.000        0.970
  1505:      100.000        3.000        1.000        0.000        0.970
  1510:      100.000        5.000        0.000        0.000       19.000
D:
     0:        0.000        0.000        0.000        0.000        0.000
     5:        0.000        0.000        0.000        0.000        0.000
    10:        0.000        0.000        0.000        0.000        0.000
    15:        1.000       15.000       90.000       40.000       50.850
    20:        1.000       65.850       66.850       45.850       65.850
    25:        1.000       25.000       80.000       15.000       15.150
    30:        2.000      105.000      180.000      130.000      136.090
    35:        2.000      151.090      152.090      131.090      151.090
    40:        2.000      115.000      170.000      105.000      105.150
    45:        3.000      196.000      271.000      221.000      227.440
    50:        3.000      242.440      243.440      222.440      242.440
    55:        3.000      206.000      261.000      196.000      196.150
    60:        4.000      285.000      360.000      310.000      316.620
    65:        4.000      331.620      332.620      311.620      331.620
    70:        4.000      295.000      350.000      285.000      285.150
    75:        5.000      373.000      448.000      398.000      405.130
    80:        5.000      420.130      421.130      400.130      420.130
    85:        5.000      383.000      438.000      373.000      373.150
    90:        6.000      467.000      542.000      492.000      498.910
    95:        6.000      513.910      514.910      493.910      513.910
   100:        6.000      477.000      532.000      467.000      467.150
   105:        7.000      559.000      634.000      584.000      589.780
   110:        7.000      604.780      605.780      584.780      604.780
   115:        7.000      569.000      624.000      559.000      559.150
   120:        8.000      650.000      725.000      675.000      681.520
   125:        8.000      696.520      697.520      676.520      696.520
   130:        8.000      660.000      715.000      650.000      650.150
   135:        9.000      743.000      818.000      768.000      773.930
   140:        9.000      788.930      789.930      768.930      788.930
   145:        9.000      753.000      808.000      743.000      743.150
   150:       10.000      836.000      911.000      861.000      867.370
   155:       10.000      882.370      883.370      862.370      882.370
   160:       10.000      846.000      901.000      836.000      836.150
   165:       11.000      925.000     1000.000      950.000      955.890
   170:       11.000      970.890      971.890      950.890      970.890
   175:       11.000      935.000      990.000      925.000      925.150
   180:       12.000     1012.000     1087.000     1037.000     1042.820
   185:       12.000     1057.820     1058.820     1037.820     1057.820
   190:       12.000     1022.000     1077.000     1012.000     1012.150
   195:       13.000     1097.000     1172.000     1122.000     1127.500
   200:       13.000     1142.500     1143.500     1122.500     1142.500
   205:       13.000     1107.000     1162.000     1097.000     1097.150
   210:       14.000     1182.000     1257.000     1207.000     1213.060
   215:       14.000     1228.060     1229.060     1208.060     1228.060
   220:       14.000     1192.000     1247.000     1182.000     1182.150
   225:       15.000     1270.000     1345.000     1295.000     1301.010
   230:       15.000     1316.010     1317.010     1296.010     1316.010
   235:       15.000     1280.000     1335.000     1270.000     1270.150
   240:       16.000     1357.000     1432.000     1382.000     1387.010
   245:       16.000     1402.010     1403.010     1382.010     1402.010
   250:       16.000     1367.000     1422.000     1357.000     1357.150
   255:       17.000     1448.000     1523.000     1473.000     1478.020
   260:       17.000     1493.020     1494.020     1473.020     1493.020
   265:       17.000     1458.000     1513.000     1448.000     1448.150
   270:       18.000     1538.000     1613.000     1563.000     1569.050
   275:       18.000     1584.050     1585.050     1564.050     1584.050
   280:       18.000     1548.000     1603.000     1538.000     1538.150
   285:       19.000     1626.000     1701.000     1651.000     1657.280
   290:       19.000     1672.280     1673.280     1652.280     1672.280
   295:       19.000     1636.000     1691.000     1626.000     1626.150
   300:       20.000     1717.000     1792.000     1742.000     1748.530
   305:       20.000     1763.530     1764.530     1743.530     1763.530
   310:       20.000     1727.000     1782.000     1717.000     1717.150
   315:       21.000     1805.000     1880.000     1830.000     1835.820
   320:       21.000     1850.820     1851.820     1830.820     1850.820
   325:       21.000     1815.000     1870.000     1805.000     1805.150
   330:       22.000     1895.000     1970.000     1920.000     1925.820
   335:       22.000     1940.820     1941.820     1920.820     1940.820
   340:       22.000     1905.000     1960.000     1895.000     1895.150
   345:       23.000     1981.000     2056.000     2006.000     2011.940
   350:       23.000     2026.940     2027.940     2006.940     2026.940
   355:       23.000     1991.000     2046.000     1981.000     1981.150
   360:       24.000     2068.000     2143.000     2093.000     2098.180
   365:       24.000     2113.180     2114.180     2093.180     2113.180
   370:       24.000     2078.000     2133.000     2068.000     2068.150
   375:       25.000     2159.000     2234.000     2184.000     2190.090
   380:       25.000     2205.090     2206.090     2185.090     2205.090
   385:       25.000     2169.000     2224.000     2159.000     2159.150
   390:       26.000     2250.000     2325.000     2275.000     2280.920
   395:       26.000     2295.920     2296.920     2275.920     2295.920
   400:       26.000     2260.000     2315.000     2250.000     2250.150
   405:       27.000     2342.000     2417.000     2367.000     2373.030
   410:       27.000     2388.030     2389.030     2368.030     2388.030
   415:       27.000     2352.000     2407.000     2342.000     2342.150
   420:       28.000     2430.000     2505.000     2455.000     2460.890
   425:       28.000     2475.890     2476.890     2455.890     2475.890
   430:       28.000     2440.000     2495.000     2430.000     2430.150
   435:       29.000     2522.000     2597.000     2547.000     2553.330
   440:       29.000     2568.330     2569.330     2548.330     2568.330
   445:       29.000     2532.000     2587.000     2522.000     2522.150
   450:       30.000     2611.000     2686.000     2636.000     2641.760
   455:       30.000     2656.760     2657.760     2636.760     2656.760
   460:       30.000     2621.000     2676.000     2611.000     2611.150
   465:       31.000     2698.000     2773.000     2723.000     2728.860
   470:       31.000     2743.860     2744.860     2723.860     2743.860
   475:       31.000     2708.000     2763.000     2698.000     2698.150
   480:       32.000     2788.000     2863.000     2813.000     2819.140
   485:       32.000     2834.140     2835.140     2814.140     2834.140
   490:       32.000     2798.000     2853.000     2788.000     2788.150
   495:       33.000     2879.000     2954.000     2904.000     2909.710
   500:       33.000     2924.710     2925.710     2904.710     2924.710
   505:       33.000     2889.000     2944.000     2879.000     2879.150
   510:       34.000     2968.000     3043.000     2993.000     2998.850
   515:       34.000     3013.850     3014.850     2993.850     3013.850
   520:       34.000     2978.000     3033.000     2968.000     2968.150
   525:       35.000     3060.000     3135.000     3085.000     3090.830
   530:       35.000     3105.830     3106.830     3085.830     3105.830
   535:       35.000     3070.000     3125.000     3060.000     3060.150
   540:       36.000     3150.000     3225.000     3175.000     3182.680
   545:       36.000     3197.680     3198.680     3177.680     3197.680
   550:       36.000     3160.000     3215.000     3150.000     3150.150
   555:       37.000     3242.000     3317.000     3267.000     3273.150
   560:       37.000     3288.150     3289.150     3268.150     3288.150
   565:       37.000     3252.000     3307.000     3242.000     3242.150
   570:       38.000     3332.000     3407.000     3357.000     3366.160
   575:       38.000     3381.160     3382.160     3361.160     3381.160
   580:       38.000     3342.000     3397.000     3332.000     3332.150
   585:       39.000     3424.000     3499.000     3449.000     3455.190
   590:       39.000     3470.190     3471.190     3450.190     3470.190
   595:       39.000     3434.000     3489.000     3424.000     3424.150
   600:       40.000     3517.000     3592.000     3542.000     3548.240
   605:       40.000     3563.240     3564.240     3543.240     3563.240
   610:       40.000     3527.000     3582.000     3517.000     3517.150
   615:       41.000     3609.000     3684.000     3634.000     3639.170
   620:       41.000     3654.170     3655.170     3634.170     3654.170
   625:       41.000     3619.000     3674.000     3609.000     3609.150
   630:       42.000     3702.000     3777.000     3727.000     3732.570
   635:       42.000     3747.570     3748.570     3727.570     3747.570
   640:       42.000     3712.000     3767.000     3702.000     3702.150
   645:       43.000     3790.000     3865.000     3815.000     3820.560
   650:       43.000     3835.560     3836.560     3815.560     3835.560
   655:       43.000     3800.000     3855.000     3790.000     3790.150
   660:       44.000     3884.000     3959.000     3909.000     3915.340
   665:       44.000     3930.340     3931.340     3910.340     3930.340
   670:       44.000     3894.000     3949.000     3884.000     3884.150
   675:       45.000     3974.000     4049.000     3999.000     4004.960
   680:       45.000     4019.960     4020.960     3999.960     4019.960
   685:       45.000     3984.000     4039.000     3974.000     3974.150
   690:       46.000     4067.000     4142.000     4092.000     4098.480
   695:       46.000     4113.480     4114.480     4093.480     4113.480
   700:       46.000     4077.000     4132.000     4067.000     4067.150
   705:       47.000     4156.000     4231.000     4181.000     4188.570
   710:       47.000     4203.570     4204.570     4183.570     4203.570
   715:       47.000     4166.000     4221.000     4156.000     4156.150
   720:       48.000     4245.000     4320.000     4270.000     4276.320
   725:       48.000     4291.320     4292.320     4271.320     4291.320
   730:       48.000     4255.000     4310.000     4245.000     4245.150
   735:       49.000     4334.000     4409.000     4359.000     4365.040
   740:       49.000     4380.040     4381.040     4360.040     4380.040
   745:       49.000     4344.000     4399.000     4334.000     4334.150
   750:       50.000     4424.000     4499.000     4449.000     4455.570
   755:       50.000     4470.570     4471.570     4450.570     4470.570
   760:       50.000     4434.000     4489.000     4424.000     4424.150
   765:       51.000     4511.000     4586.000     4536.000     4541.170
   770:       51.000     4556.170     4557.170     4536.170     4556.170
   775:       51.000     4521.000     4576.000     4511.000     4511.150
   780:       52.000     4600.000     4675.000     4625.000     4630.160
   785:       52.000     4645.160     4646.160     4625.160     4645.160
   790:       52.000     4610.000     4665.000     4600.000     4600.150
   795:       53.000     4689.000     4764.000     4714.000     4722.390
   800:       53.000     4737.390     4738.390     4717.390     4737.390
   805:       53.000     4699.000     4754.000     4689.000     4689.150
   810:       54.000     4779.000     4854.000     4804.000     4809.600
   815:       54.000     4824.600     4825.600     4804.600     4824.600
   820:       54.000     4789.000     4844.000     4779.000     4779.150
   825:       55.000     4865.000     4940.000     4890.000     4896.150
   830:       55.000     4911.150     4912.150     4891.150     4911.150
   835:       55.000     4875.000     4930.000     4865.000     4865.150
   840:       56.000     4957.000     5032.000     4982.000     4987.790
   845:       56.000     5002.790     5003.790     4982.790     5002.790
   850:       56.000     4967.000     5022.000     4957.000     4957.150
   855:       57.000     5044.000     5119.000     5069.000     5074.720
   860:       57.000     5089.720     5090.720     5069.720     5089.720
   865:       57.000     5054.000     5109.000     5044.000     5044.150
   870:       58.000     5134.000     5209.000     5159.000     5165.930
   875:       58.000     5180.930     5181.930     5160.930     5180.930
   880:       58.000     5144.000     5199.000     5134.000     5134.150
   885:       59.000     5225.000     5300.000     5250.000     5255.990
   890:       59.000     5270.990     5271.990     5250.990     5270.990
   895:       59.000     5235.000     5290.000     5225.000     5225.150
   900:       60.000     5317.000     5392.000     5342.000     5348.150
   905:       60.000     5363.150     5364.150     5343.150     5363.150
   910:       60.000     5327.000     5382.000     5317.000     5317.150
   915:       61.000     5406.000     5481.000     5431.000     5437.720
   920:       61.000     5452.720     5453.720     5432.720     5452.720
   925:       61.000     5416.000     5471.000     5406.000     5406.150
   930:       62.000     5497.000     5572.000     5522.000     5528.350
   935:       62.000     5543.350     5544.350     5523.350     5543.350
   940:       62.000     5507.000     5562.000     5497.000     5497.150
   945:       63.000     5588.000     5663.000     5613.000     5618.760
   950:       63.000     5633.760     5634.760     5613.760     5633.760
   955:       63.000     5598.000     5653.000     5588.000     5588.150
   960:       64.000     5681.000     5756.000     5706.000     5711.660
   965:       64.000     5726.660     5727.660     5706.660     5726.660
   970:       64.000     5691.000     5746.000     5681.000     5681.150
   975:       65.000     5772.000     5847.000     5797.000     5803.660
   980:       65.000     5818.660     5819.660     5798.660     5818.660
   985:       65.000     5782.000     5837.000     5772.000     5772.150
   990:       66.000     5861.000     5936.000     5886.000     5892.370
   995:       66.000     5907.370     5908.370     5887.370     5907.370
  1000:       66.000     5871.000     5926.000     5861.000     5861.150
  1005:       67.000     5955.000     6030.000     5980.000     5985.800
  1010:       67.000     6000.800     6001.800     5980.800     6000.800
  1015:       67.000     5965.000     6020.000     5955.000     5955.150
  1020:       68.000     6047.000     6122.000     6072.000     6077.770
  1025:       68.000     6092.770     6093.770     6072.770     6092.770
  1030:       68.000     6057.000     6112.000     6047.000     6047.150
  1035:       69.000     6136.000     6211.000     6161.000     6167.680
  1040:       69.000     6182.680     6183.680     6162.680     6182.680
  1045:       69.000     6146.000     6201.000     6136.000     6136.150
  1050:       70.000     6225.000     6300.000     6250.000     6256.680
  1055:       70.000     6271.680     6272.680     6251.680     6271.680
  1060:       70.000     6235.000     6290.000     6225.000     6225.150
  1065:       71.000     6316.000     6391.000     6341.000     6346.670
  1070:       71.000     6361.670     6362.670     6341.670     6361.670
  1075:       71.000     6326.000     6381.000     6316.000     6316.150
  1080:       72.000     6406.000     6481.000     6431.000     6436.510
  1085:       72.000     6451.510     6452.510     6431.510     6451.510
  1090:       72.000     6416.000     6471.000     6406.000     6406.150
  1095:       73.000     6495.000     6570.000     6520.000     6526.020
  1100:       73.000     6541.020     6542.020     6521.020     6541.020
  1105:       73.000     6505.000     6560.000     6495.000     6495.150
  1110:       74.000     6589.000     6664.000     6614.000     6620.460
  1115:       74.000     6635.460     6636.460     6615.460     6635.460
  1120:       74.000     6599.000     6654.000     6589.000     6589.150
  1125:       75.000     6680.000     6755.000     6705.000     6710.480
  1130:       75.000     6725.480     6726.480     6705.480     6725.480
  1135:       75.000     6690.000     6745.000     6680.000     6680.150
  1140:       76.000     6769.000     6844.000     6794.000     6799.680
  1145:       76.000     6814.680     6815.680     6794.680     6814.680
  1150:       76.000     6779.000     6834.000     6769.000     6769.150
  1155:       77.000     6859.000     6934.000     6884.000     6889.550
  1160:       77.000     6904.550     6905.550     6884.550     6904.550
  1165:       77.000     6869.000     6924.000     6859.000     6859.150
  1170:       78.000     6948.000     7023.000     6973.000     6980.400
  1175:       78.000     6995.400     6996.400     6975.400     6995.400
  1180:       78.000     6958.000     7013.000     6948.000     6948.150
  1185:       79.000     7038.000     7113.000     7063.000     7069.070
  1190:       79.000     7084.070     7085.070     7064.070     7084.070
  1195:       79.000     7048.000     7103.000     7038.000     7038.150
  1200:       80.000     7127.000     7202.000     7152.000     7158.000
  1205:       80.000     7173.000     7174.000     7153.000     7173.000
  1210:       80.000     7137.000     7192.000     7127.000     7127.150
  1215:       81.000     7214.000     7289.000     7239.000     7245.450
  1220:       81.000     7260.450     7261.450     7240.450     7260.450
  1225:       81.000     7224.000     7279.000     7214.000     7214.150
  1230:       82.000     7301.000     7376.000     7326.000     7334.020
  1235:       82.000     7349.020     7350.020     7329.020     7349.020
  1240:       82.000     7311.000     7366.000     7301.000     7301.150
  1245:       83.000     7389.000     7464.000     7414.000     7419.870
  1250:       83.000     7434.870     7435.870     7414.870     7434.870
  1255:       83.000     7399.000     7454.000     7389.000     7389.150
  1260:       84.000     7480.000     7555.000     7505.000     7510.830
  1265:       84.000     7525.830     7526.830     7505.830     7525.830
  1270:       84.000     7490.000     7545.000     7480.000     7480.150
  1275:       85.000     7571.000     7646.000     7596.000     7603.620
  1280:       85.000     7618.620     7619.620     7598.620     7618.620
  1285:       85.000     7581.000     7636.000     7571.000     7571.150
  1290:       86.000     7663.000     7738.000     7688.000     7693.640
  1295:       86.000     7708.640     7709.640     7688.640     7708.640
  1300:       86.000     7673.000     7728.000     7663.000     7663.150
  1305:       87.000     7757.000     7832.000     7782.000     7789.780
  1310:       87.000     7804.780     7805.780     7784.780     7804.780
  1315:       87.000     7767.000     7822.000     7757.000     7757.150
  1320:       88.000     7847.000     7922.000     7872.000     7893.560
  1325:       88.000     7908.560     7909.560     7888.560     7908.560
  1330:       88.000     7857.000     7912.000     7847.000     7847.150
  1335:       89.000     7938.000     8013.000     7963.000     7983.000
  1340:       89.000        0.000        0.000        0.000        0.000
  1345:       89.000     7948.000     8003.000     7938.000     7938.150
  1350:       90.000     8026.000     8101.000     8051.000     8071.000
  1355:       90.000        0.000        0.000        0.000        0.000
  1360:       90.000     8036.000     8091.000     8026.000     8026.150
  1365:       91.000     8116.000     8191.000     8141.000     8161.000
  1370:       91.000        0.000        0.000        0.000        0.000
  1375:       91.000     8126.000     8181.000     8116.000     8116.150
  1380:       92.000     8205.000     8280.000     8230.000     8236.710
  1385:       92.000     8251.710     8252.710     8231.710     8251.710
  1390:       92.000     8215.000     8270.000     8205.000     8205.150
  1395:       93.000     8296.000     8371.000     8321.000     8341.000
  1400:       93.000        0.000        0.000        0.000        0.000
  1405:       93.000     8306.000     8361.000     8296.000     8296.150
  1410:       94.000     8391.000     8466.000     8416.000     8423.690
  1415:       94.000     8438.690     8439.690     8418.690     8438.690
  1420:       94.000     8401.000     8456.000     8391.000     8391.150
  1425:       95.000     8479.000     8554.000     8504.000     8509.160
  1430:       95.000     8524.160     8525.160     8504.160     8524.160
  1435:       95.000     8489.000     8544.000     8479.000     8479.150
  1440:       96.000     8568.000     8643.000     8593.000     8599.340
  1445:       96.000     8614.340     8615.340     8594.340     8614.340
  1450:       96.000     8578.000     8633.000     8568.000     8568.150
  1455:       97.000     8659.000     8734.000     8684.000     8689.730
  1460:       97.000     8704.730     8705.730     8684.730     8704.730
  1465:       97.000     8669.000     8724.000     8659.000     8659.150
  1470:       98.000     8747.000     8822.000     8772.000     8777.770
  1475:       98.000     8792.770     8793.770     8772.770     8792.770
  1480:       98.000     8757.000     8812.000     8747.000     8747.150
  1485:       99.000     8835.000     8910.000     8860.000     8865.740
  1490:       99.000     8880.740     8881.740     8860.740     8880.740
  1495:       99.000     8845.000     8900.000     8835.000     8835.150
  1500:      100.000     8925.000     9000.000     8950.000     8955.970
  1505:      100.000     8970.970     8971.970     8950.970     8970.970
  1510:      100.000     8935.000     8990.000     8925.000     8925.150
F:
     0:       59.490       62.560       64.780       65.320       65.720
     5:       65.770       68.020       68.120       68.200      141.590
    10:      142.210      142.590      142.620      143.000      144.740
    15:      144.790      145.040      145.530      146.110      146.620
    20:      148.130      148.340      149.670      150.760      150.940
    25:      151.430      229.170      229.280      230.860      231.250
    30:      232.680      232.960      234.290      234.870      235.660
    35:      235.800      236.080      237.390      237.690      238.810
    40:      238.860      240.700      241.680      242.490      242.820
    45:      245.030      318.840      323.310      324.450      325.050
    50:      325.750      326.370      327.010      328.210      329.150
    55:      329.310      329.630      330.020      331.670      331.710
    60:      337.610      407.480      407.690      408.750      409.030
    65:      410.090      411.530      412.490      414.070      414.130
    70:      414.990      415.300      416.860      417.270      419.160
    75:      419.890      419.920      420.520      421.470      421.870
    80:      429.140      429.230      504.670      505.430      505.980
    85:      506.870      507.250      508.360      508.810      512.590
    90:      512.870      512.960      514.160      514.280      517.550
    95:      517.580      521.670      522.060      522.120      522.220
   100:      522.440      590.890      594.840      595.340      595.510
   105:      597.100      597.370      598.820      599.410      599.780
   110:      600.910      601.660      604.940      607.990      608.230
   115:      608.470      609.290      609.380      682.860      683.420
   120:      683.950      683.980      684.830      685.030      686.450
   125:      687.050      688.130      688.320      688.330      688.470
   130:      688.640      688.910      688.920      689.600      689.660
   135:      690.830      690.900      693.070      694.050      695.370
   140:      764.460      765.460      775.440      775.740      776.030
   145:      777.240      777.420      786.310      788.090      793.110
   150:      868.280      868.860      868.870      872.080      873.130
   155:      873.190      874.290      875.900      878.170      881.190
   160:      881.410      882.260      882.350      957.020      960.850
   165:      961.090      962.210      962.570      964.780      967.740
   170:      968.300      969.020      969.240      970.800     1043.620
   175:     1047.270     1049.370     1051.270     1052.160     1058.300
   180:     1061.030     1061.190     1061.280     1064.230     1065.150
   185:     1065.320     1065.970     1066.600     1068.340     1068.780
   190:     1069.020     1128.800     1134.370     1134.450     1135.240
   195:     1138.270     1139.180     1141.190     1141.290     1141.430
   200:     1141.940     1142.830     1144.490     1145.220     1147.570
   205:     1214.610     1217.420     1217.520     1217.530     1217.870
   210:     1219.060     1220.220     1221.480     1222.300     1224.120
   215:     1224.580     1225.010     1225.360     1225.690     1227.080
   220:     1302.820     1306.640     1308.100     1308.160     1309.450
   225:     1311.010     1311.270     1313.940     1314.580     1316.160
   230:     1388.050     1390.210     1390.800     1390.950     1391.360
   235:     1392.070     1392.770     1392.810     1392.990     1395.090
   240:     1397.870     1399.440     1400.440     1400.640     1400.790
   245:     1408.810     1408.890     1416.540     1416.650     1416.990
   250:     1479.650     1480.200     1480.860     1481.870     1482.010
   255:     1485.500     1487.330     1490.500     1490.680     1493.180
   260:     1496.850     1570.520     1575.630     1576.040     1576.230
   265:     1576.650     1576.790     1578.560     1581.670     1584.260
   270:     1586.710     1648.570     1649.650     1649.880     1658.300
   275:     1661.110     1662.600     1667.290     1667.340     1668.110
   280:     1668.310     1668.710     1668.830     1672.710     1681.910
   285:     1682.000     1682.200     1749.460     1749.480     1752.030
   290:     1753.720     1756.310     1756.930     1757.030     1757.350
   295:     1757.470     1758.030     1758.350     1759.240     1760.100
   300:     1764.220     1764.280     1765.730     1766.130     1766.540
   305:     1766.590     1840.880     1841.980     1844.560     1845.910
   310:     1846.250     1848.400     1849.270     1851.010     1853.220
   315:     1853.750     1929.590     1932.300     1935.300     1937.820
   320:     1939.140     1939.170     1939.520     1939.600     1939.740
   325:     1939.800     1939.890     1942.930     1943.020     1943.200
   330:     1944.280     1944.990     1945.070     1945.820     1946.030
   335:     1947.200     1947.290     2012.880     2016.800     2019.570
   340:     2020.660     2020.680     2022.030     2023.910     2023.970
   345:     2025.430     2025.480     2025.840     2031.410     2090.730
   350:     2100.380     2100.510     2104.180     2105.870     2108.720
   355:     2109.900     2110.040     2110.150     2110.350     2110.420
   360:     2113.460     2118.870     2193.920     2197.050     2197.520
   365:     2201.480     2205.550     2213.860     2213.960     2214.040
   370:     2214.100     2214.140     2216.620     2217.600     2217.680
   375:     2219.040     2219.160     2284.100     2285.360     2286.900
   380:     2289.400     2289.890     2293.120     2295.240     2298.100
   385:     2298.170     2374.060     2374.660     2377.790     2379.320
   390:     2379.370     2379.850     2386.070     2387.490     2388.180
   395:     2388.910     2389.110     2461.840     2466.760     2469.550
   400:     2471.830     2474.950     2476.440     2544.620     2545.310
   405:     2546.310     2546.770     2554.310     2556.970     2560.560
   410:     2561.940     2561.960     2565.340     2568.580     2573.690
   415:     2573.860     2583.700     2583.820     2583.910     2584.040
   420:     2584.150     2584.280     2642.540     2646.380     2647.410
   425:     2648.690     2649.610     2649.910     2651.930     2652.090
   430:     2655.320     2657.140     2729.800     2732.370     2734.270
   435:     2734.350     2734.390     2737.060     2741.290     2741.360
   440:     2742.150     2742.840     2742.970     2743.850     2743.950
   445:     2744.020     2747.140     2748.560     2748.920     2748.930
   450:     2749.630     2749.920     2750.310     2751.000     2751.140
   455:     2751.820     2752.580     2820.180     2820.670     2821.170
   460:     2821.200     2823.880     2826.150     2826.720     2827.510
   465:     2827.560     2828.180     2830.630     2832.890     2836.800
   470:     2895.640     2896.450     2896.530     2910.680     2910.740
   475:     2913.280     2916.050     2918.010     2918.070     2919.800
   480:     2920.450     2920.700     2920.950     2922.280     2922.350
   485:     2923.790     2924.280     2924.800     2938.520     2938.620
   490:     2939.020     2939.200     2939.390     2987.720     2999.690
   495:     3002.780     3005.490     3005.760     3005.960     3006.360
   500:     3007.080     3007.320     3009.980     3012.340     3012.610
   505:     3013.140     3013.860     3092.400     3092.600     3094.150
   510:     3094.300     3097.140     3098.680     3100.870     3103.300
   515:     3104.130     3104.320     3104.400     3105.890     3107.940
   520:     3120.010     3120.100     3184.040     3187.780     3187.900
   525:     3188.310     3188.510     3192.210     3195.110     3198.030
   530:     3201.790     3273.960     3278.900     3280.040     3281.790
   535:     3284.270     3286.030     3286.410     3288.400     3288.450
   540:     3367.170     3367.310     3367.850     3367.900     3372.770
   545:     3374.210     3375.580     3377.760     3381.210     3388.000
   550:     3389.170     3390.310     3390.340     3392.770     3392.930
   555:     3456.930     3457.020     3461.170     3464.260     3467.490
   560:     3469.000     3469.710     3472.710     3474.100     3474.190
   565:     3474.270     3475.760     3476.030     3476.320     3476.500
   570:     3476.810     3477.770     3478.680     3479.640     3482.980
   575:     3549.140     3552.660     3556.030     3557.230     3558.490
   580:     3562.120     3641.530     3645.630     3645.690     3646.320
   585:     3646.440     3647.070     3647.610     3648.150     3648.250
   590:     3648.310     3648.460     3649.440     3649.520     3651.260
   595:     3652.660     3653.810     3656.180     3656.250     3733.750
   600:     3738.550     3740.540     3744.350     3745.890     3821.620
   605:     3826.610     3828.990     3832.430     3833.720     3833.760
   610:     3834.420     3834.550     3836.310     3836.460     3840.890
   615:     3840.970     3894.110     3916.900     3922.800     3924.720
   620:     3925.690     3925.770     3925.970     3926.600     3926.680
   625:     3927.380     3929.590     3932.570     4006.610     4011.640
   630:     4012.080     4014.270     4015.580     4016.050     4017.370
   635:     4020.080     4026.140     4099.840     4100.450     4100.850
   640:     4104.220     4106.730     4107.420     4107.450     4109.740
   645:     4111.540     4111.780     4112.050     4112.100     4112.550
   650:     4112.920     4113.430     4189.500     4190.850     4202.550
   655:     4203.230     4204.290     4204.340     4208.220     4208.300
   660:     4278.000     4278.010     4281.250     4283.860     4287.670
   665:     4291.020     4294.940     4297.060     4297.760     4297.960
   670:     4301.710     4365.920     4368.840     4371.330     4374.460
   675:     4374.710     4375.760     4375.890     4377.780     4379.410
   680:     4379.670     4379.760     4379.860     4379.950     4380.200
   685:     4382.820     4383.520     4442.460     4456.780     4460.650
   690:     4464.010     4466.440     4466.560     4468.960     4473.880
   695:     4545.510     4545.740     4547.460     4547.740     4549.090
   700:     4553.680     4553.710     4555.100     4555.210     4556.400
   705:     4635.080     4635.210     4635.740     4637.960     4638.370
   710:     4640.000     4640.740     4640.820     4643.600     4643.660
   715:     4643.790     4643.840     4643.890     4644.090     4644.450
   720:     4645.330     4647.550     4647.640     4647.840     4724.210
   725:     4727.310     4727.440     4728.510     4728.630     4738.220
   730:     4739.630     4744.900     4810.520     4815.120     4817.360
   735:     4819.510     4820.090     4820.190     4820.440     4820.880
   740:     4821.040     4824.360     4828.130     4828.320     4830.020
   745:     4897.180     4897.620     4900.020     4900.540     4900.630
   750:     4900.780     4901.650     4906.330     4906.960     4907.000
   755:     4908.680     4908.730     4909.520     4911.490     4911.570
   760:     4915.260     4915.360     4992.820     4995.140     4999.950
   765:     5001.200     5003.150     5003.210     5008.990     5009.780
   770:     5009.940     5010.070     5075.870     5080.100     5084.490
   775:     5086.620     5086.940     5087.010     5087.040     5087.180
   780:     5087.480     5087.710     5089.080     5089.640     5092.860
   785:     5093.020     5167.160     5171.460     5174.460     5178.790
   790:     5181.320     5183.970     5185.720     5188.530     5260.830
   795:     5263.690     5265.520     5267.170     5267.330     5267.370
   800:     5268.800     5269.300     5270.710     5271.120     5276.390
   805:     5276.510     5349.100     5352.520     5355.390     5358.090
   810:     5362.260     5362.960     5363.040     5363.280     5446.170
   815:     5448.580     5449.040     5451.910     5452.350     5452.890
   820:     5534.120     5534.650     5534.720     5535.330     5536.110
   825:     5538.650     5543.190     5547.090     5547.870     5548.000
   830:     5548.210     5625.450     5626.620     5627.440     5629.290
   835:     5630.790     5631.220     5632.330     5634.030     5637.140
   840:     5637.340     5638.490     5712.720     5715.150     5718.590
   845:     5719.900     5719.970     5720.350     5721.920     5723.140
   850:     5723.310     5723.590     5724.080     5724.850     5724.920
   855:     5725.250     5725.690     5725.900     5726.150     5726.460
   860:     5730.280     5730.620     5804.660     5810.810     5811.970
   865:     5815.260     5815.660     5816.030     5816.040     5816.090
   870:     5816.310     5817.360     5817.580     5818.200     5830.020
   875:     5900.330     5900.740     5902.410     5902.810     5902.890
   880:     5903.080     5906.790     5906.850     5912.370     5912.480
   885:     5987.410     5992.440     5998.650     6000.710     6078.580
   890:     6081.170     6082.990     6083.890     6084.600     6086.230
   895:     6088.420     6088.570     6088.600     6088.690     6088.780
   900:     6089.520     6090.710     6090.730     6091.010     6092.800
   905:     6093.390     6094.650     6097.210     6097.990     6100.020
   910:     6100.180     6100.500     6100.680     6105.020     6175.950
   915:     6176.160     6176.510     6177.900     6178.130     6178.760
   920:     6180.680     6187.790     6257.820     6258.170     6261.350
   925:     6261.370     6262.810     6265.710     6271.630     6272.020
   930:     6348.360     6349.130     6349.440     6350.880     6353.220
   935:     6355.470     6356.560     6358.590     6368.890     6368.970
   940:     6437.430     6439.320     6441.470     6441.570     6444.160
   945:     6448.920     6526.850     6528.690     6530.310     6530.410
   950:     6530.610     6530.710     6530.800     6533.650     6539.200
   955:     6541.060     6541.360     6543.480     6551.940     6552.850
   960:     6559.160     6559.230     6621.390     6624.120     6625.760
   965:     6627.970     6629.840     6631.660     6633.190     6637.320
   970:     6637.390     6711.520     6713.910     6715.880     6716.370
   975:     6716.820     6716.890     6721.100     6723.460     6723.680
   980:     6723.850     6723.930     6724.890     6725.660     6729.180
   985:     6729.280     6729.360     6730.470     6801.700     6804.570
   990:     6804.700     6805.680     6805.740     6809.330     6810.220
   995:     6810.370     6810.670     6813.890     6817.600     6817.690
  1000:     6817.860     6892.050     6892.550     6895.570     6897.600
  1005:     6897.670     6898.470     6899.700     6899.930     6900.470
  1010:     6900.570     6900.620     6901.410     6901.490     6901.660
  1015:     6902.680     6902.800     6903.560     6903.680     6904.830
  1020:     6907.040     6981.920     6983.640     6986.320     6988.460
  1025:     6988.550     6988.810     6989.110     6989.190     6990.930
  1030:     6993.300     6995.100     6995.130     6995.550     7070.620
  1035:     7074.880     7080.540     7081.330     7081.760     7081.840
  1040:     7083.640     7083.730     7083.870     7084.300     7159.760
  1045:     7163.350     7165.200     7167.800     7168.130     7171.610
  1050:     7171.760     7172.860     7178.870     7178.920     7246.440
  1055:     7250.150     7250.260     7251.800     7252.630     7252.790
  1060:     7252.950     7253.290     7258.460     7258.520     7335.100
  1065:     7335.260     7335.300     7343.230     7343.550     7347.620
  1070:     7349.200     7350.900     7350.970     7420.840     7421.020
  1075:     7423.550     7423.760     7425.480     7426.830     7427.250
  1080:     7427.320     7427.430     7427.510     7428.030     7428.520
  1085:     7428.570     7430.410     7432.470     7432.680     7433.090
  1090:     7433.370     7433.510     7434.020     7514.090     7514.720
  1095:     7515.040     7517.520     7517.570     7519.130     7520.630
  1100:     7521.290     7525.240     7525.580     7526.040     7530.060
  1105:     7530.100     7532.300     7533.190     7533.390     7606.090
  1110:     7607.060     7613.680     7613.770     7614.110     7614.180
  1115:     7614.770     7616.300     7617.940     7621.620     7624.400
  1120:     7624.460     7698.500     7705.130     7705.460     7706.300
  1125:     7707.040     7708.040     7708.580     7708.890     7708.960
  1130:     7797.830     7798.840     7799.210     7799.270     7800.520
  1135:     7800.860     7802.680     7805.210     7807.370     7809.850
  1140:     7810.250     7811.110     7811.710     7812.040     7813.170
  1145:     7910.110     7910.150     7910.230     8243.740     8244.030
  1150:     8244.500     8246.270     8249.020     8249.340     8249.370
  1155:     8249.910     8250.210     8251.000     8251.790     8258.370
  1160:     8259.080     8259.270     8259.570     8259.960     8345.440
  1165:     8348.400     8348.860     8349.770     8353.310     8355.960
  1170:     8356.280     8356.480     8356.510     8356.640     8357.480
  1175:     8358.740     8360.050     8360.350     8360.710     8431.440
  1180:     8432.830     8433.270     8433.330     8434.570     8436.080
  1185:     8438.410     8441.790     8443.770     8444.420     8445.890
  1190:     8510.510     8511.460     8514.950     8516.080     8516.560
  1195:     8516.920     8517.000     8517.730     8519.630     8521.360
  1200:     8521.930     8523.890     8524.550     8527.010     8527.130
  1205:     8601.350     8602.720     8604.660     8605.700     8606.070
  1210:     8606.400     8606.470     8606.560     8608.150     8609.440
  1215:     8609.970     8611.400     8612.750     8693.100     8693.350
  1220:     8695.820     8696.990     8698.510     8699.430     8699.980
  1225:     8700.030     8700.080     8700.260     8700.320     8700.410
  1230:     8703.590     8707.540     8781.440     8783.820     8787.970
  1235:     8790.120     8790.460     8792.280     8795.330     8869.130
  1240:     8873.120     8875.170     8875.800     8878.080     8878.880
  1245:     8879.290     8880.600     8957.170     8957.490     8959.220
  1250:     8962.100     8968.920
G:
     0:       81.190       81.280       81.380       83.200       83.370
     5:       83.510      655.730     1019.080     1020.230     1021.470
    10:     1078.160     1078.280     2133.780     2133.890     2134.900
    15:     2242.630     2242.740     2326.710     2326.910     2698.080
    20:     2702.250     2791.330     6560.080     6568.730     6663.710
    25:     7912.120     7912.190     7912.380     7912.490     7912.580
    30:     7914.320     7914.480     7914.560     7919.860     7919.930
    35:     7920.010     7920.780     7920.990     8361.550     8362.240
    40:     8362.400     8365.320     8366.510     8367.390     8368.320
    45:     8368.400     8368.580     8369.420     8374.360     8374.470
    50:     8374.540     8374.820     8375.370
H:
I:
K:
L:
     0:       45.850       48.100       50.230      131.090      133.260
     5:      222.440      224.160      225.320      226.060      311.620
    10:      312.000      314.390      315.800      316.000      400.130
    15:      401.950      402.600      403.040      403.430      493.910
    20:      498.380      498.850      584.780      585.210      587.440
    25:      588.540      589.050      676.520      676.620      679.650
    30:      680.010      680.610      680.870      768.930      862.370
    35:      866.140      950.890     1037.820     1039.590     1122.500
    40:     1123.800     1126.450     1127.480     1208.060     1208.290
    45:     1211.000     1296.010     1297.060     1382.010     1382.800
    50:     1383.020     1473.020     1474.020     1564.050     1652.280
    55:     1656.430     1743.530     1830.820     1833.580     1920.820
    60:     1921.030     1922.600     1925.440     2006.940     2007.260
    65:     2009.060     2010.480     2093.180     2093.900     2096.380
    70:     2185.090     2188.440     2275.920     2276.480     2276.720
    75:     2277.010     2278.960     2279.910     2368.030     2370.510
    80:     2371.650     2372.370     2455.890     2459.470     2459.820
    85:     2548.330     2636.760     2638.920     2640.800     2723.860
    90:     2727.480     2814.140     2817.740     2904.710     2905.020
    95:     2993.850     2997.470     3085.830     3087.920     3177.680
   100:     3180.870     3268.150     3270.090     3361.160     3363.770
   105:     3450.190     3450.860     3451.310     3453.060     3453.340
   110:     3543.240     3543.860     3544.730     3547.270     3634.170
   115:     3634.630     3727.570     3730.020     3815.560     3818.830
   120:     3910.340     3913.670     3999.960     4000.900     4002.720
   125:     4004.220     4093.480     4094.210     4097.940     4183.570
   130:     4185.310     4187.670     4271.320     4274.910     4276.160
   135:     4360.040     4361.800     4363.480     4363.990     4450.570
   140:     4451.760     4453.430     4453.720     4536.170     4625.160
   145:     4625.730     4717.390     4718.770     4720.060     4804.600
   150:     4806.140     4807.730     4808.610     4809.480     4891.150
   155:     4894.250     4895.680     4982.790     4987.270     5069.720
   160:     5073.940     5160.930     5163.960     5250.990     5253.080
   165:     5343.150     5347.370     5432.720     5433.130     5523.350
   170:     5527.760     5613.760     5616.660     5617.860     5706.660
   175:     5709.960     5798.660     5799.480     5887.370     5980.800
   180:     5981.810     6072.770     6073.730     6074.660     6162.680
   185:     6164.640     6251.680     6253.680     6255.360     6341.670
   190:     6343.880     6431.510     6431.750     6433.880     6521.020
   195:     6522.430     6522.670     6524.750     6615.460     6619.230
   200:     6705.480     6706.410     6707.660     6794.680     6796.380
   205:     6884.550     6888.400     6889.280     6975.400     6977.710
   210:     6979.550     7064.070     7065.750     7068.270     7153.000
   215:     7240.450     7329.020     7330.340     7414.870     7415.620
   220:     7417.830     7505.830     7598.620     7600.130     7688.640
   225:     7689.230     7690.030     7692.320     7692.910     7784.780
   230:     7786.590     7789.250     7888.560     7890.800     8231.710
   235:     8233.570     8418.690     8421.490     8422.340     8504.160
   240:     8504.660     8506.950     8508.220     8508.510     8594.340
   245:     8596.610     8684.730     8684.980     8686.330     8772.770
   250:     8777.120     8860.740     8865.380     8950.970     8951.710
   255:     8952.780
M:
     0:       10.000       12.000       12.000       13.000       14.000
     5:       17.000       12.000       15.000       16.000       14.000
    10:       12.000       15.000       14.000       14.000       12.000
    15:       14.000       15.000       14.000       16.000       10.000
    20:       15.000       14.000       16.000       17.000       15.000
    25:       14.000       18.000       12.000       14.000       16.000
    30:       11.000       13.000       13.000       14.000       15.000
    35:       18.000       13.000       16.000       17.000       15.000
    40:       13.000       16.000       15.000       15.000       13.000
    45:       15.000       16.000       15.000       17.000       11.000
    50:       16.000       15.000       17.000       18.000       16.000
    55:       15.000       19.000       13.000       15.000       17.000
    60:       12.000       14.000       14.000       15.000       16.000
    65:       19.000       14.000       17.000       18.000       16.000
    70:       14.000       17.000       16.000       16.000       14.000
    75:       16.000       17.000       16.000       18.000       12.000
    80:       17.000       16.000       18.000       19.000       17.000
    85:       16.000       20.000       14.000       16.000       19.000
    90:       13.000       14.000       13.000       19.000       13.000
    95:       15.000       14.000       13.000       14.000
P:
     0:       65.850       66.350       66.850      151.090      151.590
     5:      152.090      242.440      242.940      243.440      331.620
    10:      332.120      332.620      420.130      420.630      421.130
    15:      513.910      514.410      514.910      604.780      605.280
    20:      605.780      696.520      697.020      697.520      788.930
    25:      789.430      789.930      882.370      882.870      883.370
    30:      970.890      971.390      971.890     1057.820     1058.320
    35:     1058.820     1142.500     1143.000     1143.500     1228.060
    40:     1228.560     1229.060     1316.010     1316.510     1317.010
    45:     1402.010     1402.510     1403.010     1493.020     1493.520
    50:     1494.020     1584.050     1584.550     1585.050     1672.280
    55:     1672.780     1673.280     1763.530     1764.030     1764.530
    60:     1850.820     1851.320     1851.820     1940.820     1941.320
    65:     1941.820     2026.940     2027.440     2027.940     2113.180
    70:     2113.680     2114.180     2205.090     2205.590     2206.090
    75:     2295.920     2296.420     2296.920     2388.030     2388.530
    80:     2389.030     2475.890     2476.390     2476.890     2568.330
    85:     2568.830     2569.330     2656.760     2657.260     2657.760
    90:     2743.860     2744.360     2744.860     2834.140     2834.640
    95:     2835.140     2924.710     2925.210     2925.710     3013.850
   100:     3014.350     3014.850     3105.830     3106.330     3106.830
   105:     3197.680     3198.180     3198.680     3288.150     3288.650
   110:     3289.150     3381.160     3381.660     3382.160     3470.190
   115:     3470.690     3471.190     3563.240     3563.740     3564.240
   120:     3654.170     3654.670     3655.170     3747.570     3748.070
   125:     3748.570     3835.560     3836.060     3836.560     3930.340
   130:     3930.840     3931.340     4019.960     4020.460     4020.960
   135:     4113.480     4113.980     4114.480     4203.570     4204.070
   140:     4204.570     4291.320     4291.820     4292.320     4380.040
   145:     4380.540     4381.040     4470.570     4471.070     4471.570
   150:     4556.170     4556.670     4557.170     4645.160     4645.660
   155:     4646.160     4737.390     4737.890     4738.390     4824.600
   160:     4825.100     4825.600     4911.150     4911.650     4912.150
   165:     5002.790     5003.290     5003.790     5089.720     5090.220
   170:     5090.720     5180.930     5181.430     5181.930     5270.990
   175:     5271.490     5271.990     5363.150     5363.650     5364.150
   180:     5452.720     5453.220     5453.720     5543.350     5543.850
   185:     5544.350     5633.760     5634.260     5634.760     5726.660
   190:     5727.160     5727.660     5818.660     5819.160     5819.660
   195:     5907.370     5907.870     5908.370     6000.800     6001.300
   200:     6001.800     6092.770     6093.270     6093.770     6182.680
   205:     6183.180     6183.680     6271.680     6272.180     6272.680
   210:     6361.670     6362.170     6362.670     6451.510     6452.010
   215:     6452.510     6541.020     6541.520     6542.020     6635.460
   220:     6635.960     6636.460     6725.480     6725.980     6726.480
   225:     6814.680     6815.180     6815.680     6904.550     6905.050
   230:     6905.550     6995.400     6995.900     6996.400     7084.070
   235:     7084.570     7085.070     7173.000     7173.500     7174.000
   240:     7260.450     7260.950     7261.450     7349.020     7349.520
   245:     7350.020     7434.870     7435.370     7435.870     7525.830
   250:     7526.330     7526.830     7618.620     7619.120     7619.620
   255:     7708.640     7709.140     7709.640     7804.780     7805.280
   260:     7805.780     7908.560     7909.060     7909.560     8251.710
   265:     8252.210     8252.710     8438.690     8439.190     8439.690
   270:     8524.160     8524.660     8525.160     8614.340     8614.840
   275:     8615.340     8704.730     8705.230     8705.730     8792.770
   280:     8793.270     8793.770     8880.740     8881.240     8881.740
   285:     8970.970     8971.470     8971.970
R:
     0:       45.850      131.090      222.440      311.620      400.130
     5:      493.910      584.780      676.520      768.930      862.370
    10:      950.890     1037.820     1122.500     1208.060     1296.010
    15:     1382.010     1473.020     1564.050     1652.280     1743.530
    20:     1830.820     1920.820     2006.940     2093.180     2185.090
    25:     2275.920     2368.030     2455.890     2548.330     2636.760
    30:     2723.860     2814.140     2904.710     2993.850     3085.830
    35:     3177.680     3268.150     3361.160     3450.190     3543.240
    40:     3634.170     3727.570     3815.560     3910.340     3999.960
    45:     4093.480     4183.570     4271.320     4360.040     4450.570
    50:     4536.170     4625.160     4717.390     4804.600     4891.150
    55:     4982.790     5069.720     5160.930     5250.990     5343.150
    60:     5432.720     5523.350     5613.760     5706.660     5798.660
    65:     5887.370     5980.800     6072.770     6162.680     6251.680
    70:     6341.670     6431.510     6521.020     6615.460     6705.480
    75:     6794.680     6884.550     6975.400     7064.070     7153.000
    80:     7240.450     7329.020     7414.870     7505.830     7598.620
    85:     7688.640     7784.780     7888.560     8231.710     8418.690
    90:     8504.160     8594.340     8684.730     8772.770     8860.740
    95:     8950.970
V:
W:
     0:        1.000        1.000        1.000        1.000        1.000
     5:        1.000        1.000        1.000        1.000        1.000
    10:        1.000        1.000        1.000        1.000        1.000
    15:        1.000        1.000        1.000        1.000        1.000
    20:        1.000        1.000        1.000        1.000        1.000
    25:        1.000        1.000        1.000        1.000        1.000
    30:        1.000        1.000        1.000        1.000        1.000
    35:        1.000        1.000        1.000        1.000        1.000
    40:        1.000        1.000        1.000        1.000        1.000
    45:        1.000        1.000        1.000        1.000        1.000
    50:        1.000        1.000        1.000        1.000        1.000
    55:        1.000        1.000        1.000        1.000        1.000
    60:        1.000        1.000        1.000        1.000        1.000
    65:        1.000        1.000        1.000        1.000        1.000
    70:        1.000        1.000        1.000        1.000        1.000
    75:        1.000        1.000        1.000        1.000        1.000
    80:        1.000        1.000        1.000        1.000        1.000
    85:        1.000        1.000        1.000        1.000        1.000
    90:        1.000        1.000        1.000        1.000        1.000
    95:        1.000        1.000        1.000        1.000        1.000
   100:        1.000        1.000        1.000        1.000        1.000
   105:        1.000        1.000        1.000        1.000        1.000
X:
     0:       15.000       15.150      105.000      105.150      196.000
     5:      196.150      285.000      285.150      373.000      373.150
    10:      467.000      467.150      559.000      559.150      650.000
    15:      650.150      743.000      743.150      836.000      836.150
    20:      925.000      925.150     1012.000     1012.150     1097.000
    25:     1097.150     1182.000     1182.150     1270.000     1270.150
    30:     1357.000     1357.150     1448.000     1448.150     1538.000
    35:     1538.150     1626.000     1626.150     1717.000     1717.150
    40:     1805.000     1805.150     1895.000     1895.150     1981.000
    45:     1981.150     2068.000     2068.150     2159.000     2159.150
    50:     2250.000     2250.150     2342.000     2342.150     2430.000
    55:     2430.150     2522.000     2522.150     2611.000     2611.150
    60:     2698.000     2698.150     2788.000     2788.150     2879.000
    65:     2879.150     2968.000     2968.150     3060.000     3060.150
    70:     3150.000     3150.150     3242.000     3242.150     3332.000
    75:     3332.150     3424.000     3424.150     3517.000     3517.150
    80:     3609.000     3609.150     3702.000     3702.150     3790.000
    85:     3790.150     3884.000     3884.150     3974.000     3974.150
    90:     4067.000     4067.150     4156.000     4156.150     4245.000
    95:     4245.150     4334.000     4334.150     4424.000     4424.150
   100:     4511.000     4511.150     4600.000     4600.150     4689.000
   105:     4689.150     4779.000     4779.150     4865.000     4865.150
   110:     4957.000     4957.150     5044.000     5044.150     5134.000
   115:     5134.150     5225.000     5225.150     5317.000     5317.150
   120:     5406.000     5406.150     5497.000     5497.150     5588.000
   125:     5588.150     5681.000     5681.150     5772.000     5772.150
   130:     5861.000     5861.150     5955.000     5955.150     6047.000
   135:     6047.150     6136.000     6136.150     6225.000     6225.150
   140:     6316.000     6316.150     6406.000     6406.150     6495.000
   145:     6495.150     6589.000     6589.150     6680.000     6680.150
   150:     6769.000     6769.150     6859.000     6859.150     6948.000
   155:     6948.150     7038.000     7038.150     7127.000     7127.150
   160:     7214.000     7214.150     7301.000     7301.150     7389.000
   165:     7389.150     7480.000     7480.150     7571.000     7571.150
   170:     7663.000     7663.150     7757.000     7757.150     7847.000
   175:     7847.150     7938.000     7938.150     8026.000     8026.150
   180:     8116.000     8116.150     8205.000     8205.150     8296.000
   185:     8296.150     8391.000     8391.150     8479.000     8479.150
   190:     8568.000     8568.150     8659.000     8659.150     8747.000
   195:     8747.150     8835.000     8835.150     8925.000     8925.150
Y:
Z:
     0:        0.000       96.000      256.000        0.000        0.000
     5:        0.000      288.000      200.000        0.000        0.000
    10:        0.000     1252.000       53.000        0.000        0.000
    15:        0.000
