File: C:\MED-PC IV\Data\Tarun\RM-B12_RM036\postBaseplate\R15\S10_R15_Reinstatement_10extra


Start Date: 07/07/17
End Date: 07/07/17
Subject: 15
Experiment: 0
Group: 0
Box: 4
Start Time: 17:50:11
End Time: 17:58:11
MSN: EXTRA-MiniScope_FR1-Reinstatement-0p_5trials_05022017
A:       0.000
E:       0.000
J:       6.000
N:       0.000
O:       0.000
Q:       0.000
S:       0.000
T:     465.000
U:       0.000
B:
     0:        0.000       10.000       10.000       15.000       20.000
     5:       20.000       20.000       10.000       13.000        5.000
    10:        1.000        0.000       15.000        0.010        1.000
    15:        1.000        1.000        5.000       20.000        5.000
C:
     0:        5.000        2.000        6.000        0.000       12.120
     5:        0.000        5.000        2.000        1.000       12.120
    10:        0.000       63.000       25.000     2885.000     1130.020
    15:        1.000        0.000        0.000        0.000       20.000
    20:        1.000        1.000        0.000        0.000       20.000
    25:        1.000       11.000       11.000      577.000       14.000
    30:        2.000        0.000        0.000        0.000       20.000
    35:        2.000        1.000        0.000        0.000       20.000
    40:        2.000        9.000        1.000      577.000       16.000
    45:        3.000        0.000        0.000        0.000       20.000
    50:        3.000        1.000        0.000        0.000       20.000
    55:        3.000        2.000        1.000      577.000       17.000
    60:        4.000        1.000        5.000        0.000       19.070
    65:        4.000        1.000        1.000        1.000       19.070
    70:        4.000       18.000        3.000      577.000       16.000
    75:        5.000        1.000        1.000        0.000        5.170
    80:        5.000        1.000        1.000        0.000        5.170
    85:        5.000       23.000        8.000      577.000       14.000
D:
     0:        0.000        0.000        0.000        0.000        0.000
     5:        0.000        0.000        0.000        0.000        0.000
    10:        0.000        0.000        0.000        0.000        0.000
    15:        1.000       15.000       90.000       40.000       60.000
    20:        1.000       30.000        0.000        0.000        0.000
    25:        1.000       25.000       80.000       15.000       15.150
    30:        2.000      104.000      179.000      129.000      149.000
    35:        2.000      119.000        0.000        0.000        0.000
    40:        2.000      114.000      169.000      104.000      104.150
    45:        3.000      195.000      270.000      220.000      240.000
    50:        3.000      210.000        0.000        0.000        0.000
    55:        3.000      205.000      260.000      195.000      195.150
    60:        4.000      286.000      361.000      311.000      335.070
    65:        4.000      301.000        0.000      330.070      350.070
    70:        4.000      296.000      351.000      286.000      286.150
    75:        5.000      377.000      452.000      402.000      412.170
    80:        5.000      392.000        0.000      407.170      427.170
    85:        5.000      387.000      442.000      377.000      377.150
F:
     0:       26.430       26.890       27.310       29.740       29.850
     5:       30.230       30.400       31.570       32.330       32.960
    10:       33.070      120.070      120.310      120.480      120.550
    15:      120.670      120.860      121.810      121.950      122.010
    20:      207.330      210.240      299.090      299.320      301.700
    25:      302.080      302.350      302.760      304.420      305.580
    30:      305.650      306.010      311.380      311.510      312.000
    35:      318.660      318.830      319.050      347.550      349.960
    40:      387.110      388.520      393.020      394.320      395.290
    45:      397.220      397.440      398.200      405.290      411.490
    50:      421.690      421.780      422.070      422.460      422.530
    55:      423.890      424.690      426.890      427.140      427.450
    60:      427.580      428.080      437.490
G:
     0:        4.420        4.550        4.820       10.210       11.050
     5:       18.610       18.800       19.270       19.400       19.930
    10:       22.230      108.420      200.020      292.400      353.500
    15:      354.010      376.850      380.190      448.360      449.270
    20:      449.660      450.440      450.890      451.310      454.450
H:
     0:      295.640
I:
K:
     0:       15.270       15.370       15.460       15.560       15.650
     5:       15.750       15.840       15.940       16.040       16.130
    10:       16.230       16.320       16.420       16.510       16.610
    15:       16.700       16.800       16.890       16.990       17.080
    20:       17.180       17.270       17.370       17.460       17.560
    25:       17.660       17.750       17.850       17.940       18.040
    30:       18.130       18.230       18.320       18.420       18.510
    35:       18.610       18.700       18.800       18.890       18.990
    40:       19.080       19.180       19.280       19.370       19.470
    45:       19.560       19.660       19.750       19.850       19.940
    50:       20.040       20.130       20.230       20.320       20.420
    55:       20.510       20.610       20.700       20.800       20.900
    60:       20.990       21.090       21.180       21.280       21.370
    65:       21.470       21.560       21.660       21.750       21.850
    70:       21.940       22.040       22.130       22.230       22.330
    75:       22.420       22.520       22.610       22.710       22.800
    80:       22.900       22.990       23.090       23.180       23.280
    85:       23.370       23.470       23.560       23.660       23.750
    90:       23.850       23.950       24.040       24.140       24.230
    95:       24.330       24.420       24.520       24.610       24.710
   100:       24.800       24.900       24.990       80.080       80.170
   105:       80.270       80.360       80.460       80.550       80.650
   110:       80.740       80.840       80.930       81.030       81.120
   115:       81.220       81.310       81.410       81.510       81.600
   120:       81.700       81.790       81.890       81.980       82.080
   125:       82.170       82.270       82.360       82.460       82.550
   130:       82.650       82.740       82.840       82.930       83.030
   135:       83.130       83.220       83.320       83.410       83.510
   140:       83.600       83.700       83.790       83.890       83.980
   145:       84.080       84.170       84.270       84.360       84.460
   150:       84.550       84.650       84.750       84.840       84.940
   155:       85.030       85.130       85.220       85.320       85.410
   160:       85.510       85.600       85.700       85.790       85.890
   165:       85.980       86.080       86.180       86.270       86.370
   170:       86.460       86.560       86.650       86.750       86.840
   175:       86.940       87.030       87.130       87.220       87.320
   180:       87.410       87.510       87.600       87.700       87.800
   185:       87.890       87.990       88.080       88.180       88.270
   190:       88.370       88.460       88.560       88.650       88.750
   195:       88.840       88.940       89.030       89.130       89.220
   200:       89.320       89.420       89.510       89.610       89.700
   205:       89.800       89.890       89.990       90.080       90.180
   210:       90.270       90.370       90.460       90.560       90.650
   215:       90.750       90.840       90.940       91.040       91.130
   220:       91.230       91.320       91.420      104.280      104.370
   225:      104.470      104.560      104.660      104.750      104.850
   230:      104.940      105.040      105.130      105.230      105.320
   235:      105.420      105.520      105.610      105.710      105.800
   240:      105.900      105.990      106.090      106.180      106.280
   245:      106.370      106.470      106.560      106.660      106.750
   250:      106.850      106.940      107.040      107.140      107.230
   255:      107.330      107.420      107.520      107.610      107.710
   260:      107.800      107.900      107.990      108.090      108.180
   265:      108.280      108.370      108.470      108.560      108.660
   270:      108.760      108.850      108.950      109.040      109.140
   275:      109.230      109.330      109.420      109.520      109.610
   280:      109.710      109.800      109.900      109.990      110.090
   285:      110.180      110.280      110.380      110.470      110.570
   290:      110.660      110.760      110.850      110.950      111.040
   295:      111.140      111.230      111.330      111.420      111.520
   300:      111.610      111.710      111.800      111.900      112.000
   305:      112.090      112.190      112.280      112.380      112.470
   310:      112.570      112.660      112.760      112.850      112.950
   315:      113.040      113.140      113.230      113.330      113.420
   320:      113.520      113.620      113.710      113.810      113.900
   325:      114.000      169.080      169.170      169.270      169.370
   330:      169.460      169.560      169.650      169.750      169.840
   335:      169.940      170.030      170.130      170.220      170.320
   340:      170.410      170.510      170.600      170.700      170.790
   345:      170.890      170.990      171.080      171.180      171.270
   350:      171.370      171.460      171.560      171.650      171.750
   355:      171.840      171.940      172.030      172.130      172.220
   360:      172.320      172.410      172.510      172.610      172.700
   365:      172.800      172.890      172.990      173.080      173.180
   370:      173.270      173.370      173.460      173.560      173.650
   375:      173.750      173.840      173.940      174.030      174.130
   380:      174.230      174.320      174.420      174.510      174.610
   385:      174.700      174.800      174.890      174.990      175.080
   390:      175.180      175.270      175.370      175.460      175.560
   395:      175.650      175.750      175.850      175.940      176.040
   400:      176.130      176.230      176.320      176.420      176.510
   405:      176.610      176.700      176.800      176.890      176.990
   410:      177.080      177.180      177.270      177.370      177.470
   415:      177.560      177.660      177.750      177.850      177.940
   420:      178.040      178.130      178.230      178.320      178.420
   425:      178.510      178.610      178.700      178.800      178.890
   430:      178.990      179.090      179.180      179.280      179.370
   435:      179.470      179.560      179.660      179.750      179.850
   440:      179.940      180.040      180.130      180.230      180.320
   445:      180.420      195.280      195.380      195.470      195.570
   450:      195.660      195.760      195.850      195.950      196.040
   455:      196.140      196.230      196.330      196.430      196.520
   460:      196.620      196.710      196.810      196.900      197.000
   465:      197.090      197.190      197.280      197.380      197.470
   470:      197.570      197.660      197.760      197.850      197.950
   475:      198.050      198.140      198.240      198.330      198.430
   480:      198.520      198.620      198.710      198.810      198.900
   485:      199.000      199.090      199.190      199.280      199.380
   490:      199.470      199.570      199.670      199.760      199.860
   495:      199.950      200.050      200.140      200.240      200.330
   500:      200.430      200.520      200.620      200.710      200.810
   505:      200.900      201.000      201.100      201.190      201.290
   510:      201.380      201.480      201.570      201.670      201.760
   515:      201.860      201.950      202.050      202.140      202.240
   520:      202.330      202.430      202.520      202.620      202.720
   525:      202.810      202.910      203.000      203.100      203.190
   530:      203.290      203.380      203.480      203.570      203.670
   535:      203.760      203.860      203.950      204.050      204.140
   540:      204.240      204.340      204.430      204.530      204.620
   545:      204.720      204.810      204.910      205.000      260.080
   550:      260.180      260.280      260.370      260.470      260.560
   555:      260.660      260.750      260.850      260.940      261.040
   560:      261.130      261.230      261.320      261.420      261.510
   565:      261.610      261.700      261.800      261.900      261.990
   570:      262.090      262.180      262.280      262.370      262.470
   575:      262.560      262.660      262.750      262.850      262.940
   580:      263.040      263.130      263.230      263.320      263.420
   585:      263.520      263.610      263.710      263.800      263.900
   590:      263.990      264.090      264.180      264.280      264.370
   595:      264.470      264.560      264.660      264.750      264.850
   600:      264.950      265.040      265.140      265.230      265.330
   605:      265.420      265.520      265.610      265.710      265.800
   610:      265.900      265.990      266.090      266.180      266.280
   615:      266.370      266.470      266.570      266.660      266.760
   620:      266.850      266.950      267.040      267.140      267.230
   625:      267.330      267.420      267.520      267.610      267.710
   630:      267.800      267.900      267.990      268.090      268.190
   635:      268.280      268.380      268.470      268.570      268.660
   640:      268.760      268.850      268.950      269.040      269.140
   645:      269.230      269.330      269.420      269.520      269.610
   650:      269.710      269.810      269.900      270.000      270.090
   655:      270.190      270.280      270.380      270.470      270.570
   660:      270.660      270.760      270.850      270.950      271.040
   665:      271.140      271.230      271.330      271.430      286.240
   670:      286.340      286.430      286.530      286.620      286.720
   675:      286.810      286.910      287.000      287.100      287.190
   680:      287.290      287.380      287.480      287.570      287.670
   685:      287.760      287.860      287.960      288.050      288.150
   690:      288.240      288.340      288.430      288.530      288.620
   695:      288.720      288.810      288.910      289.000      289.100
   700:      289.190      289.290      289.390      289.480      289.580
   705:      289.670      289.770      289.860      289.960      290.050
   710:      290.150      290.240      290.340      290.430      290.530
   715:      290.620      290.720      290.810      290.910      291.010
   720:      291.100      291.200      291.290      291.390      291.480
   725:      291.580      291.670      291.770      291.860      291.960
   730:      292.050      292.150      292.240      292.340      292.430
   735:      292.530      292.630      292.720      292.820      292.910
   740:      293.010      293.100      293.200      293.290      293.390
   745:      293.480      293.580      293.670      293.770      293.860
   750:      293.960      294.050      294.150      294.250      294.340
   755:      294.440      294.530      294.630      294.720      294.820
   760:      294.910      295.010      295.100      295.200      295.290
   765:      295.390      295.480      295.580      295.670      295.770
   770:      295.870      295.960      351.040      351.140      351.230
   775:      351.330      351.420      351.520      351.610      351.710
   780:      351.810      351.900      352.000      352.090      352.190
   785:      352.280      352.380      352.470      352.570      352.660
   790:      352.760      352.850      352.950      353.040      353.140
   795:      353.240      353.330      353.430      353.520      353.620
   800:      353.710      353.810      353.900      354.000      354.090
   805:      354.190      354.280      354.380      354.470      354.570
   810:      354.660      354.760      354.860      354.950      355.050
   815:      355.140      355.240      355.330      355.430      355.520
   820:      355.620      355.710      355.810      355.900      356.000
   825:      356.090      356.190      356.280      356.380      356.480
   830:      356.570      356.670      356.760      356.860      356.950
   835:      357.050      357.140      357.240      357.330      357.430
   840:      357.520      357.620      357.710      357.810      357.900
   845:      358.000      358.100      358.190      358.290      358.380
   850:      358.480      358.570      358.670      358.760      358.860
   855:      358.950      359.050      359.140      359.240      359.330
   860:      359.430      359.520      359.620      359.720      359.810
   865:      359.910      360.000      360.100      360.190      360.290
   870:      360.380      360.480      360.570      360.670      360.760
   875:      360.860      360.950      361.050      361.140      361.240
   880:      361.340      361.430      361.530      361.620      361.720
   885:      361.810      361.910      362.000      362.100      362.190
   890:      362.290      362.380      377.280      377.380      377.470
   895:      377.570      377.660      377.760      377.860      377.950
   900:      378.050      378.140      378.240      378.330      378.430
   905:      378.520      378.620      378.710      378.810      378.900
   910:      379.000      379.090      379.190      379.280      379.380
   915:      379.480      379.570      379.670      379.760      379.860
   920:      379.950      380.050      380.140      380.240      380.330
   925:      380.430      380.520      380.620      380.710      380.810
   930:      380.900      381.000      381.100      381.190      381.290
   935:      381.380      381.480      381.570      381.670      381.760
   940:      381.860      381.950      382.050      382.140      382.240
   945:      382.330      382.430      382.520      382.620      382.720
   950:      382.810      382.910      383.000      383.100      383.190
   955:      383.290      383.380      383.480      383.570      383.670
   960:      383.760      383.860      383.950      384.050      384.140
   965:      384.240      384.340      384.430      384.530      384.620
   970:      384.720      384.810      384.910      385.000      385.100
   975:      385.190      385.290      385.380      385.480      385.570
   980:      385.670      385.770      385.860      385.960      386.050
   985:      386.150      386.240      386.340      386.430      386.530
   990:      386.620      386.720      386.810      386.910      387.000
   995:      442.090      442.180      442.280      442.370      442.470
  1000:      442.560      442.660      442.750      442.850      442.940
  1005:      443.040      443.130      443.230      443.330      443.420
  1010:      443.520      443.610      443.710      443.800      443.900
  1015:      443.990      444.090      444.180      444.280      444.370
  1020:      444.470      444.560      444.660      444.750      444.850
  1025:      444.950      445.040      445.140      445.230      445.330
  1030:      445.420      445.520      445.610      445.710      445.800
  1035:      445.900      445.990      446.090      446.180      446.280
  1040:      446.370      446.470      446.570      446.660      446.760
  1045:      446.850      446.950      447.040      447.140      447.230
  1050:      447.330      447.420      447.520      447.610      447.710
  1055:      447.800      447.900      447.990      448.090      448.190
  1060:      448.280      448.380      448.470      448.570      448.660
  1065:      448.760      448.850      448.950      449.040      449.140
  1070:      449.230      449.330      449.420      449.520      449.620
  1075:      449.710      449.810      449.900      450.000      450.090
  1080:      450.190      450.280      450.380      450.470      450.570
  1085:      450.660      450.760      450.850      450.950      451.040
  1090:      451.140      451.240      451.330      451.430      451.520
  1095:      451.620      451.710      451.810      451.900      452.000
  1100:      452.090      452.190      452.280      452.380      452.470
  1105:      452.570      452.660      452.760      452.860      452.950
  1110:      453.050      453.140      453.240      453.330      453.430
L:
     0:      330.070      330.440      332.580      333.290      334.850
     5:      407.170
M:
     0:       10.000       12.000       12.000       13.000       14.000
     5:       17.000       12.000       15.000       16.000       14.000
    10:       12.000       15.000       14.000       14.000       12.000
    15:       14.000       15.000       14.000       16.000       10.000
    20:       15.000       14.000       16.000       17.000       15.000
    25:       14.000       18.000       12.000       14.000       16.000
    30:       11.000       13.000       13.000       14.000       15.000
    35:       18.000       13.000       16.000       17.000       15.000
    40:       13.000       16.000       15.000       15.000       13.000
    45:       15.000       16.000       15.000       17.000       11.000
    50:       16.000       15.000       17.000       18.000       16.000
    55:       15.000       19.000       13.000       15.000       17.000
    60:       12.000       14.000       14.000       15.000       16.000
    65:       19.000       14.000       17.000       18.000       16.000
    70:       14.000       17.000       16.000       16.000       14.000
    75:       16.000       17.000       16.000       18.000       12.000
    80:       17.000       16.000       18.000       19.000       17.000
    85:       16.000       20.000       14.000       16.000       19.000
    90:       13.000       14.000       13.000       19.000       13.000
    95:       15.000       14.000       13.000       14.000
P:
R:
     0:      330.070      407.170
V:
     0:       30.000      119.000      210.000      301.000      392.000
W:
     0:        1.000        1.000        1.000        1.000        1.000
     5:        1.000        1.000        1.000        1.000        1.000
    10:        1.000        1.000        1.000        1.000        1.000
    15:        1.000        1.000        1.000        1.000        1.000
    20:        1.000        1.000        1.000        1.000        1.000
    25:        1.000        1.000        1.000        1.000        1.000
    30:        1.000        1.000        1.000        1.000        1.000
    35:        1.000        1.000        1.000        1.000        1.000
    40:        1.000        1.000        1.000        1.000        1.000
    45:        1.000        1.000        1.000        1.000        1.000
    50:        1.000        1.000        1.000        1.000        1.000
    55:        1.000        1.000        1.000        1.000        1.000
    60:        1.000        1.000        1.000        1.000        1.000
    65:        1.000        1.000        1.000        1.000        1.000
    70:        1.000        1.000        1.000        1.000        1.000
    75:        1.000        1.000        1.000        1.000        1.000
    80:        1.000        1.000        1.000        1.000        1.000
    85:        1.000        1.000        1.000        1.000        1.000
    90:        1.000        1.000        1.000        1.000        1.000
    95:        1.000        1.000        1.000        1.000        1.000
   100:        1.000        1.000        1.000        1.000        1.000
   105:        1.000        1.000        1.000        1.000        1.000
X:
     0:       15.000       15.150      104.000      104.150      195.000
     5:      195.150      286.000      286.150      377.000      377.150
Y:
     0:       25.090       25.180       25.280       25.370       25.470
     5:       25.570       25.660       25.760       25.850       25.950
    10:       26.040       26.140       26.230       26.330       26.420
    15:       26.520       26.610       26.710       26.800       26.900
    20:       26.990       27.090       27.190       27.280       27.380
    25:       27.470       27.570       27.660       27.760       27.850
    30:       27.950       28.040       28.140       28.230       28.330
    35:       28.420       28.520       28.610       28.710       28.810
    40:       28.900       29.000       29.090       29.190       29.280
    45:       29.380       29.470       29.570       29.660       29.760
    50:       29.850       29.950       30.040       30.140       30.230
    55:       30.330       30.430       30.520       30.620       30.710
    60:       30.810       30.900       31.000       31.090       31.190
    65:       31.280       31.380       31.470       31.570       31.660
    70:       31.760       31.850       31.950       32.050       32.140
    75:       32.240       32.330       32.430       32.520       32.620
    80:       32.710       32.810       32.900       33.000       33.090
    85:       33.190       33.280       33.380       33.470       33.570
    90:       33.670       33.760       33.860       33.950       34.050
    95:       34.140       34.240       34.330       34.430       34.520
   100:       34.620       34.710       34.810       34.900       35.000
   105:       35.100       35.190       35.290       35.380       35.480
   110:       35.570       35.670       35.760       35.860       35.950
   115:       36.050       36.140       36.240       36.330       36.430
   120:       36.520       36.620       36.720       36.810       36.910
   125:       37.000       37.100       37.190       37.290       37.380
   130:       37.480       37.570       37.670       37.760       37.860
   135:       37.950       38.050       38.140       38.240       38.340
   140:       38.430       38.530       38.620       38.720       38.810
   145:       38.910       39.000       39.100       39.190       39.290
   150:       39.380       39.480       39.570       39.670       39.760
   155:       39.860       39.960       40.050       40.150       40.240
   160:       40.340       40.430       40.530       40.620       40.720
   165:       40.810       40.910       41.000       41.100       41.190
   170:       41.290       41.380       41.480       41.580       41.670
   175:       41.770       41.860       41.960       42.050       42.150
   180:       42.240       42.340       42.430       42.530       42.620
   185:       42.720       42.810       42.910       43.000       43.100
   190:       43.200       43.290       43.390       43.480       43.580
   195:       43.670       43.770       43.860       43.960       44.050
   200:       44.150       44.240       44.340       44.430       44.530
   205:       44.620       44.720       44.820       44.910       45.010
   210:       45.100       45.200       45.290       45.390       45.480
   215:       45.580       45.670       45.770       45.860       45.960
   220:       46.050       46.150       46.240       46.340       46.440
   225:       46.530       46.630       46.720       46.820       46.910
   230:       47.010       47.100       47.200       47.290       47.390
   235:       47.480       47.580       47.670       47.770       47.870
   240:       47.960       48.060       48.150       48.250       48.340
   245:       48.440       48.530       48.630       48.720       48.820
   250:       48.910       49.010       49.100       49.200       49.290
   255:       49.390       49.490       49.580       49.680       49.770
   260:       49.870       49.960       50.060       50.150       50.250
   265:       50.340       50.440       50.530       50.630       50.720
   270:       50.820       50.910       51.010       51.110       51.200
   275:       51.300       51.390       51.490       51.580       51.680
   280:       51.770       51.870       51.960       52.060       52.150
   285:       52.250       52.340       52.440       52.530       52.630
   290:       52.730       52.820       52.920       53.010       53.110
   295:       53.200       53.300       53.390       53.490       53.580
   300:       53.680       53.770       53.870       53.960       54.060
   305:       54.150       54.250       54.350       54.440       54.540
   310:       54.630       54.730       54.820       54.920       55.010
   315:       55.110       55.200       55.300       55.390       55.490
   320:       55.580       55.680       55.770       55.870       55.970
   325:       56.060       56.160       56.250       56.350       56.440
   330:       56.540       56.630       56.730       56.820       56.920
   335:       57.010       57.110       57.200       57.300       57.390
   340:       57.490       57.590       57.680       57.780       57.870
   345:       57.970       58.060       58.160       58.250       58.350
   350:       58.440       58.540       58.630       58.730       58.820
   355:       58.920       59.010       59.110       59.210       59.300
   360:       59.400       59.490       59.590       59.680       59.780
   365:       59.870       59.970       60.060       60.160       60.250
   370:       60.350       60.440       60.540       60.640       60.730
   375:       60.830       60.920       61.020       61.110       61.210
   380:       61.300       61.400       61.490       61.590       61.680
   385:       61.780       61.870       61.970       62.060       62.160
   390:       62.260       62.350       62.450       62.540       62.640
   395:       62.730       62.830       62.920       63.020       63.110
   400:       63.210       63.300       63.400       63.490       63.590
   405:       63.680       63.780       63.880       63.970       64.070
   410:       64.160       64.260       64.350       64.450       64.540
   415:       64.640       64.730       64.830       64.920       65.020
   420:       65.110       65.210       65.300       65.400       65.500
   425:       65.590       65.690       65.780       65.880       65.970
   430:       66.070       66.160       66.260       66.350       66.450
   435:       66.540       66.640       66.730       66.830       66.920
   440:       67.020       67.120       67.210       67.310       67.400
   445:       67.500       67.590       67.690       67.780       67.880
   450:       67.970       68.070       68.160       68.260       68.350
   455:       68.450       68.540       68.640       68.740       68.830
   460:       68.930       69.020       69.120       69.210       69.310
   465:       69.400       69.500       69.590       69.690       69.780
   470:       69.880       69.970       70.070       70.160       70.260
   475:       70.360       70.450       70.550       70.640       70.740
   480:       70.830       70.930       71.020       71.120       71.210
   485:       71.310       71.400       71.500       71.590       71.690
   490:       71.780       71.880       71.980       72.070       72.170
   495:       72.260       72.360       72.450       72.550       72.640
   500:       72.740       72.830       72.930       73.020       73.120
   505:       73.210       73.310       73.410       73.500       73.600
   510:       73.690       73.790       73.880       73.980       74.070
   515:       74.170       74.260       74.360       74.450       74.550
   520:       74.640       74.740       74.830       74.930       75.030
   525:       75.120       75.220       75.310       75.410       75.500
   530:       75.600       75.690       75.790       75.880       75.980
   535:       76.070       76.170       76.260       76.360       76.450
   540:       76.550       76.650       76.740       76.840       76.930
   545:       77.030       77.120       77.220       77.310       77.410
   550:       77.500       77.600       77.690       77.790       77.880
   555:       77.980       78.070       78.170       78.270       78.360
   560:       78.460       78.550       78.650       78.740       78.840
   565:       78.930       79.030       79.120       79.220       79.310
   570:       79.410       79.500       79.600       79.690       79.790
   575:       79.890       79.980      114.090      114.190      114.280
   580:      114.380      114.470      114.570      114.660      114.760
   585:      114.850      114.950      115.040      115.140      115.240
   590:      115.330      115.430      115.520      115.620      115.710
   595:      115.810      115.900      116.000      116.090      116.190
   600:      116.280      116.380      116.470      116.570      116.670
   605:      116.760      116.860      116.950      117.050      117.140
   610:      117.240      117.330      117.430      117.520      117.620
   615:      117.710      117.810      117.900      118.000      118.090
   620:      118.190      118.290      118.380      118.480      118.570
   625:      118.670      118.760      118.860      118.950      119.050
   630:      119.140      119.240      119.330      119.430      119.520
   635:      119.620      119.710      119.810      119.910      120.000
   640:      120.100      120.190      120.290      120.380      120.480
   645:      120.570      120.670      120.760      120.860      120.950
   650:      121.050      121.140      121.240      121.330      121.430
   655:      121.530      121.620      121.720      121.810      121.910
   660:      122.000      122.100      122.190      122.290      122.380
   665:      122.480      122.570      122.670      122.760      122.860
   670:      122.950      123.050      123.150      123.240      123.340
   675:      123.430      123.530      123.620      123.720      123.810
   680:      123.910      124.000      124.100      124.190      124.290
   685:      124.380      124.480      124.570      124.670      124.770
   690:      124.860      124.960      125.050      125.150      125.240
   695:      125.340      125.430      125.530      125.620      125.720
   700:      125.810      125.910      126.000      126.100      126.190
   705:      126.290      126.390      126.480      126.580      126.670
   710:      126.770      126.860      126.960      127.050      127.150
   715:      127.240      127.340      127.430      127.530      127.620
   720:      127.720      127.810      127.910      128.010      128.100
   725:      128.200      128.290      128.390      128.480      128.580
   730:      128.670      128.770      128.860      128.960      129.050
   735:      129.150      129.240      129.340      129.440      129.530
   740:      129.630      129.720      129.820      129.910      130.010
   745:      130.100      130.200      130.290      130.390      130.480
   750:      130.580      130.670      130.770      130.860      130.960
   755:      131.060      131.150      131.250      131.340      131.440
   760:      131.530      131.630      131.720      131.820      131.910
   765:      132.010      132.100      132.200      132.290      132.390
   770:      132.480      132.580      132.680      132.770      132.870
   775:      132.960      133.060      133.150      133.250      133.340
   780:      133.440      133.530      133.630      133.720      133.820
   785:      133.910      134.010      134.100      134.200      134.300
   790:      134.390      134.490      134.580      134.680      134.770
   795:      134.870      134.960      135.060      135.150      135.250
   800:      135.340      135.440      135.530      135.630      135.720
   805:      135.820      135.920      136.010      136.110      136.200
   810:      136.300      136.390      136.490      136.580      136.680
   815:      136.770      136.870      136.960      137.060      137.150
   820:      137.250      137.340      137.440      137.540      137.630
   825:      137.730      137.820      137.920      138.010      138.110
   830:      138.200      138.300      138.390      138.490      138.580
   835:      138.680      138.770      138.870      138.960      139.060
   840:      139.160      139.250      139.350      139.440      139.540
   845:      139.630      139.730      139.820      139.920      140.010
   850:      140.110      140.200      140.300      140.390      140.490
   855:      140.580      140.680      140.780      140.870      140.970
   860:      141.060      141.160      141.250      141.350      141.440
   865:      141.540      141.630      141.730      141.820      141.920
   870:      142.010      142.110      142.210      142.300      142.400
   875:      142.490      142.590      142.680      142.780      142.870
   880:      142.970      143.060      143.160      143.250      143.350
   885:      143.440      143.540      143.630      143.730      143.830
   890:      143.920      144.020      144.110      144.210      144.300
   895:      144.400      144.490      144.590      144.680      144.780
   900:      144.870      144.970      145.060      145.160      145.250
   905:      145.350      145.450      145.540      145.640      145.730
   910:      145.830      145.920      146.020      146.110      146.210
   915:      146.300      146.400      146.490      146.590      146.680
   920:      146.780      146.870      146.970      147.070      147.160
   925:      147.260      147.350      147.450      147.540      147.640
   930:      147.730      147.830      147.920      148.020      148.110
   935:      148.210      148.300      148.400      148.490      148.590
   940:      148.690      148.780      148.880      148.970      149.070
   945:      149.160      149.260      149.350      149.450      149.540
   950:      149.640      149.730      149.830      149.920      150.020
   955:      150.110      150.210      150.310      150.400      150.500
   960:      150.590      150.690      150.780      150.880      150.970
   965:      151.070      151.160      151.260      151.350      151.450
   970:      151.540      151.640      151.730      151.830      151.930
   975:      152.020      152.120      152.210      152.310      152.400
   980:      152.500      152.590      152.690      152.780      152.880
   985:      152.970      153.070      153.160      153.260      153.350
   990:      153.450      153.550      153.640      153.740      153.830
   995:      153.930      154.020      154.120      154.210      154.310
  1000:      154.400      154.500      154.590      154.690      154.780
  1005:      154.880      154.980      155.070      155.170      155.260
  1010:      155.360      155.450      155.550      155.640      155.740
  1015:      155.830      155.930      156.020      156.120      156.210
  1020:      156.310      156.400      156.500      156.600      156.690
  1025:      156.790      156.880      156.980      157.070      157.170
  1030:      157.260      157.360      157.450      157.550      157.640
  1035:      157.740      157.830      157.930      158.020      158.120
  1040:      158.220      158.310      158.410      158.500      158.600
  1045:      158.690      158.790      158.880      158.980      159.070
  1050:      159.170      159.260      159.360      159.450      159.550
  1055:      159.640      159.740      159.840      159.930      160.030
  1060:      160.120      160.220      160.310      160.410      160.500
  1065:      160.600      160.690      160.790      160.880      160.980
  1070:      161.070      161.170      161.260      161.360      161.460
  1075:      161.550      161.650      161.740      161.840      161.930
  1080:      162.030      162.120      162.220      162.310      162.410
  1085:      162.500      162.600      162.690      162.790      162.880
  1090:      162.980      163.080      163.170      163.270      163.360
  1095:      163.460      163.550      163.650      163.740      163.840
  1100:      163.930      164.030      164.120      164.220      164.310
  1105:      164.410      164.500      164.600      164.700      164.790
  1110:      164.890      164.980      165.080      165.170      165.270
  1115:      165.360      165.460      165.550      165.650      165.740
  1120:      165.840      165.930      166.030      166.120      166.220
  1125:      166.320      166.410      166.510      166.600      166.700
  1130:      166.790      166.890      166.980      167.080      167.170
  1135:      167.270      167.360      167.460      167.550      167.650
  1140:      167.750      167.840      167.940      168.030      168.130
  1145:      168.220      168.320      168.410      168.510      168.600
  1150:      168.700      168.790      168.890      168.980      205.100
  1155:      205.190      205.290      205.380      205.480      205.570
  1160:      205.670      205.760      205.860      205.960      206.050
  1165:      206.150      206.240      206.340      206.430      206.530
  1170:      206.620      206.720      206.810      206.910      207.000
  1175:      207.100      207.190      207.290      207.380      207.480
  1180:      207.580      207.670      207.770      207.860      207.960
  1185:      208.050      208.150      208.240      208.340      208.430
  1190:      208.530      208.620      208.720      208.810      208.910
  1195:      209.000      209.100      209.200      209.290      209.390
  1200:      209.480      209.580      209.670      209.770      209.860
  1205:      209.960      210.050      210.150      210.240      210.340
  1210:      210.430      210.530      210.620      210.720      210.820
  1215:      210.910      211.010      211.100      211.200      211.290
  1220:      211.390      211.480      211.580      211.670      211.770
  1225:      211.860      211.960      212.050      212.150      212.250
  1230:      212.340      212.440      212.530      212.630      212.720
  1235:      212.820      212.910      213.010      213.100      213.200
  1240:      213.290      213.390      213.480      213.580      213.670
  1245:      213.770      213.870      213.960      214.060      214.150
  1250:      214.250      214.340      214.440      214.530      214.630
  1255:      214.720      214.820      214.910      215.010      215.100
  1260:      215.200      215.290      215.390      215.490      215.580
  1265:      215.680      215.770      215.870      215.960      216.060
  1270:      216.150      216.250      216.340      216.440      216.530
  1275:      216.630      216.720      216.820      216.910      217.010
  1280:      217.110      217.200      217.300      217.390      217.490
  1285:      217.580      217.680      217.770      217.870      217.960
  1290:      218.060      218.150      218.250      218.340      218.440
  1295:      218.530      218.630      218.730      218.820      218.920
  1300:      219.010      219.110      219.200      219.300      219.390
  1305:      219.490      219.580      219.680      219.770      219.870
  1310:      219.960      220.060      220.150      220.250      220.350
  1315:      220.440      220.540      220.630      220.730      220.820
  1320:      220.920      221.010      221.110      221.200      221.300
  1325:      221.390      221.490      221.580      221.680      221.770
  1330:      221.870      221.970      222.060      222.160      222.250
  1335:      222.350      222.440      222.540      222.630      222.730
  1340:      222.820      222.920      223.010      223.110      223.200
  1345:      223.300      223.390      223.490      223.590      223.680
  1350:      223.780      223.870      223.970      224.060      224.160
  1355:      224.250      224.350      224.440      224.540      224.630
  1360:      224.730      224.820      224.920      225.010      225.110
  1365:      225.210      225.300      225.400      225.490      225.590
  1370:      225.680      225.780      225.870      225.970      226.060
  1375:      226.160      226.250      226.350      226.440      226.540
  1380:      226.640      226.730      226.830      226.920      227.020
  1385:      227.110      227.210      227.300      227.400      227.490
  1390:      227.590      227.680      227.780      227.870      227.970
  1395:      228.060      228.160      228.260      228.350      228.450
  1400:      228.540      228.640      228.730      228.830      228.920
  1405:      229.020      229.110      229.210      229.300      229.400
  1410:      229.490      229.590      229.680      229.780      229.880
  1415:      229.970      230.070      230.160      230.260      230.350
  1420:      230.450      230.540      230.640      230.730      230.830
  1425:      230.920      231.020      231.110      231.210      231.300
  1430:      231.400      231.500      231.590      231.690      231.780
  1435:      231.880      231.970      232.070      232.160      232.260
  1440:      232.350      232.450      232.540      232.640      232.730
  1445:      232.830      232.920      233.020      233.120      233.210
  1450:      233.310      233.400      233.500      233.590      233.690
  1455:      233.780      233.880      233.970      234.070      234.160
  1460:      234.260      234.350      234.450      234.540      234.640
  1465:      234.740      234.830      234.930      235.020      235.120
  1470:      235.210      235.310      235.400      235.500      235.590
  1475:      235.690      235.780      235.880      235.970      236.070
  1480:      236.160      236.260      236.360      236.450      236.550
  1485:      236.640      236.740      236.830      236.930      237.020
  1490:      237.120      237.210      237.310      237.400      237.500
  1495:      237.590      237.690      237.780      237.880      237.980
  1500:      238.070      238.170      238.260      238.360      238.450
  1505:      238.550      238.640      238.740      238.830      238.930
  1510:      239.020      239.120      239.210      239.310      239.410
  1515:      239.500      239.600      239.690      239.790      239.880
  1520:      239.980      240.070      240.170      240.260      240.360
  1525:      240.450      240.550      240.640      240.740      240.830
  1530:      240.930      241.030      241.120      241.220      241.310
  1535:      241.410      241.500      241.600      241.690      241.790
  1540:      241.880      241.980      242.070      242.170      242.260
  1545:      242.360      242.450      242.550      242.650      242.740
  1550:      242.840      242.930      243.030      243.120      243.220
  1555:      243.310      243.410      243.500      243.600      243.690
  1560:      243.790      243.880      243.980      244.070      244.170
  1565:      244.270      244.360      244.460      244.550      244.650
  1570:      244.740      244.840      244.930      245.030      245.120
  1575:      245.220      245.310      245.410      245.500      245.600
  1580:      245.690      245.790      245.890      245.980      246.080
  1585:      246.170      246.270      246.360      246.460      246.550
  1590:      246.650      246.740      246.840      246.930      247.030
  1595:      247.120      247.220      247.310      247.410      247.510
  1600:      247.600      247.700      247.790      247.890      247.980
  1605:      248.080      248.170      248.270      248.360      248.460
  1610:      248.550      248.650      248.740      248.840      248.930
  1615:      249.030      249.130      249.220      249.320      249.410
  1620:      249.510      249.600      249.700      249.790      249.890
  1625:      249.980      250.080      250.170      250.270      250.360
  1630:      250.460      250.550      250.650      250.750      250.840
  1635:      250.940      251.030      251.130      251.220      251.320
  1640:      251.410      251.510      251.600      251.700      251.790
  1645:      251.890      251.980      252.080      252.180      252.270
  1650:      252.370      252.460      252.560      252.650      252.750
  1655:      252.840      252.940      253.030      253.130      253.220
  1660:      253.320      253.410      253.510      253.600      253.700
  1665:      253.800      253.890      253.990      254.080      254.180
  1670:      254.270      254.370      254.460      254.560      254.650
  1675:      254.750      254.840      254.940      255.030      255.130
  1680:      255.220      255.320      255.420      255.510      255.610
  1685:      255.700      255.800      255.890      255.990      256.080
  1690:      256.180      256.270      256.370      256.460      256.560
  1695:      256.650      256.750      256.840      256.940      257.040
  1700:      257.130      257.230      257.320      257.420      257.510
  1705:      257.610      257.700      257.800      257.890      257.990
  1710:      258.080      258.180      258.270      258.370      258.460
  1715:      258.560      258.660      258.750      258.850      258.940
  1720:      259.040      259.130      259.230      259.320      259.420
  1725:      259.510      259.610      259.700      259.800      259.890
  1730:      259.990      296.060      296.150      296.250      296.340
  1735:      296.440      296.530      296.630      296.720      296.820
  1740:      296.910      297.010      297.100      297.200      297.290
  1745:      297.390      297.490      297.580      297.680      297.770
  1750:      297.870      297.960      298.060      298.150      298.250
  1755:      298.340      298.440      298.530      298.630      298.720
  1760:      298.820      298.910      299.010      299.110      299.200
  1765:      299.300      299.390      299.490      299.580      299.680
  1770:      299.770      299.870      299.960      300.060      300.150
  1775:      300.250      300.340      300.440      300.530      300.630
  1780:      300.730      300.820      300.920      301.010      301.110
  1785:      301.200      301.300      301.390      301.490      301.580
  1790:      301.680      301.770      301.870      301.960      302.060
  1795:      302.160      302.250      302.350      302.440      302.540
  1800:      302.630      302.730      302.820      302.920      303.010
  1805:      303.110      303.200      303.300      303.390      303.490
  1810:      303.580      303.680      303.780      303.870      303.970
  1815:      304.060      304.160      304.250      304.350      304.440
  1820:      304.540      304.630      304.730      304.820      304.920
  1825:      305.010      305.110      305.200      305.300      305.400
  1830:      305.490      305.590      305.680      305.780      305.870
  1835:      305.970      306.060      306.160      306.250      306.350
  1840:      306.440      306.540      306.630      306.730      306.820
  1845:      306.920      307.020      307.110      307.210      307.300
  1850:      307.400      307.490      307.590      307.680      307.780
  1855:      307.870      307.970      308.060      308.160      308.250
  1860:      308.350      308.440      308.540      308.640      308.730
  1865:      308.830      308.920      309.020      309.110      309.210
  1870:      309.300      309.400      309.490      309.590      309.680
  1875:      309.780      309.870      309.970      310.060      310.160
  1880:      310.260      310.350      310.450      310.540      310.640
  1885:      310.730      310.830      310.920      311.020      311.110
  1890:      311.210      311.300      311.400      311.490      311.590
  1895:      311.680      311.780      311.880      311.970      312.070
  1900:      312.160      312.260      312.350      312.450      312.540
  1905:      312.640      312.730      312.830      312.920      313.020
  1910:      313.110      313.210      313.300      313.400      313.500
  1915:      313.590      313.690      313.780      313.880      313.970
  1920:      314.070      314.160      314.260      314.350      314.450
  1925:      314.540      314.640      314.730      314.830      314.930
  1930:      315.020      315.120      315.210      315.310      315.400
  1935:      315.500      315.590      315.690      315.780      315.880
  1940:      315.970      316.070      316.160      316.260      316.350
  1945:      316.450      316.550      316.640      316.740      316.830
  1950:      316.930      317.020      317.120      317.210      317.310
  1955:      317.400      317.500      317.590      317.690      317.780
  1960:      317.880      317.970      318.070      318.170      318.260
  1965:      318.360      318.450      318.550      318.640      318.740
  1970:      318.830      318.930      319.020      319.120      319.210
  1975:      319.310      319.400      319.500      319.590      319.690
  1980:      319.790      319.880      319.980      320.070      320.170
  1985:      320.260      320.360      320.450      320.550      320.640
  1990:      320.740      320.830      320.930      321.020      321.120
  1995:      321.210      321.310      321.410      321.500      321.600
  2000:      321.690      321.790      321.880      321.980      322.070
  2005:      322.170      322.260      322.360      322.450      322.550
  2010:      322.640      322.740      322.830      322.930      323.030
  2015:      323.120      323.220      323.310      323.410      323.500
  2020:      323.600      323.690      323.790      323.880      323.980
  2025:      324.070      324.170      324.260      324.360      324.450
  2030:      324.550      324.650      324.740      324.840      324.930
  2035:      325.030      325.120      325.220      325.310      325.410
  2040:      325.500      325.600      325.690      325.790      325.880
  2045:      325.980      326.070      326.170      326.270      326.360
  2050:      326.460      326.550      326.650      326.740      326.840
  2055:      326.930      327.030      327.120      327.220      327.310
  2060:      327.410      327.500      327.600      327.700      327.790
  2065:      327.890      327.980      328.080      328.170      328.270
  2070:      328.360      328.460      328.550      328.650      328.740
  2075:      328.840      328.930      329.030      329.120      329.220
  2080:      329.320      329.410      329.510      329.600      329.700
  2085:      329.790      329.890      329.980      330.080      330.170
  2090:      330.270      330.360      330.460      330.550      330.650
  2095:      330.740      330.840      330.940      331.030      331.130
  2100:      331.220      331.320      331.410      331.510      331.600
  2105:      331.700      331.790      331.890      331.980      332.080
  2110:      332.170      332.270      332.360      332.460      332.560
  2115:      332.650      332.750      332.840      332.940      333.030
  2120:      333.130      333.220      333.320      333.410      333.510
  2125:      333.600      333.700      333.790      333.890      333.980
  2130:      334.080      334.180      334.270      334.370      334.460
  2135:      334.560      334.650      334.750      334.840      334.940
  2140:      335.030      335.130      335.220      335.320      335.410
  2145:      335.510      335.600      335.700      335.800      335.890
  2150:      335.990      336.080      336.180      336.270      336.370
  2155:      336.460      336.560      336.650      336.750      336.840
  2160:      336.940      337.030      337.130      337.220      337.320
  2165:      337.420      337.510      337.610      337.700      337.800
  2170:      337.890      337.990      338.080      338.180      338.270
  2175:      338.370      338.460      338.560      338.650      338.750
  2180:      338.840      338.940      339.040      339.130      339.230
  2185:      339.320      339.420      339.510      339.610      339.700
  2190:      339.800      339.890      339.990      340.080      340.180
  2195:      340.270      340.370      340.470      340.560      340.660
  2200:      340.750      340.850      340.940      341.040      341.130
  2205:      341.230      341.320      341.420      341.510      341.610
  2210:      341.700      341.800      341.890      341.990      342.090
  2215:      342.180      342.280      342.370      342.470      342.560
  2220:      342.660      342.750      342.850      342.940      343.040
  2225:      343.130      343.230      343.320      343.420      343.510
  2230:      343.610      343.710      343.800      343.900      343.990
  2235:      344.090      344.180      344.280      344.370      344.470
  2240:      344.560      344.660      344.750      344.850      344.940
  2245:      345.040      345.130      345.230      345.330      345.420
  2250:      345.520      345.610      345.710      345.800      345.900
  2255:      345.990      346.090      346.180      346.280      346.370
  2260:      346.470      346.560      346.660      346.750      346.850
  2265:      346.950      347.040      347.140      347.230      347.330
  2270:      347.420      347.520      347.610      347.710      347.800
  2275:      347.900      347.990      348.090      348.180      348.280
  2280:      348.370      348.470      348.570      348.660      348.760
  2285:      348.850      348.950      349.040      349.140      349.230
  2290:      349.330      349.420      349.520      349.610      349.710
  2295:      349.800      349.900      349.990      350.090      350.190
  2300:      350.280      350.380      350.470      350.570      350.660
  2305:      350.760      350.850      350.950      387.100      387.190
  2310:      387.290      387.390      387.480      387.580      387.670
  2315:      387.770      387.860      387.960      388.050      388.150
  2320:      388.240      388.340      388.430      388.530      388.620
  2325:      388.720      388.810      388.910      389.010      389.100
  2330:      389.200      389.290      389.390      389.480      389.580
  2335:      389.670      389.770      389.860      389.960      390.050
  2340:      390.150      390.240      390.340      390.430      390.530
  2345:      390.630      390.720      390.820      390.910      391.010
  2350:      391.100      391.200      391.290      391.390      391.480
  2355:      391.580      391.670      391.770      391.860      391.960
  2360:      392.050      392.150      392.250      392.340      392.440
  2365:      392.530      392.630      392.720      392.820      392.910
  2370:      393.010      393.100      393.200      393.290      393.390
  2375:      393.480      393.580      393.670      393.770      393.870
  2380:      393.960      394.060      394.150      394.250      394.340
  2385:      394.440      394.530      394.630      394.720      394.820
  2390:      394.910      395.010      395.100      395.200      395.290
  2395:      395.390      395.490      395.580      395.680      395.770
  2400:      395.870      395.960      396.060      396.150      396.250
  2405:      396.340      396.440      396.530      396.630      396.720
  2410:      396.820      396.910      397.010      397.110      397.200
  2415:      397.300      397.390      397.490      397.580      397.680
  2420:      397.770      397.870      397.960      398.060      398.150
  2425:      398.250      398.340      398.440      398.540      398.630
  2430:      398.730      398.820      398.920      399.010      399.110
  2435:      399.200      399.300      399.390      399.490      399.580
  2440:      399.680      399.770      399.870      399.960      400.060
  2445:      400.160      400.250      400.350      400.440      400.540
  2450:      400.630      400.730      400.820      400.920      401.010
  2455:      401.110      401.200      401.300      401.390      401.490
  2460:      401.580      401.680      401.780      401.870      401.970
  2465:      402.060      402.160      402.250      402.350      402.440
  2470:      402.540      402.630      402.730      402.820      402.920
  2475:      403.010      403.110      403.200      403.300      403.400
  2480:      403.490      403.590      403.680      403.780      403.870
  2485:      403.970      404.060      404.160      404.250      404.350
  2490:      404.440      404.540      404.630      404.730      404.820
  2495:      404.920      405.020      405.110      405.210      405.300
  2500:      405.400      405.490      405.590      405.680      405.780
  2505:      405.870      405.970      406.060      406.160      406.250
  2510:      406.350      406.440      406.540      406.640      406.730
  2515:      406.830      406.920      407.020      407.110      407.210
  2520:      407.300      407.400      407.490      407.590      407.680
  2525:      407.780      407.870      407.970      408.060      408.160
  2530:      408.260      408.350      408.450      408.540      408.640
  2535:      408.730      408.830      408.920      409.020      409.110
  2540:      409.210      409.300      409.400      409.490      409.590
  2545:      409.680      409.780      409.880      409.970      410.070
  2550:      410.160      410.260      410.350      410.450      410.540
  2555:      410.640      410.730      410.830      410.920      411.020
  2560:      411.110      411.210      411.310      411.400      411.500
  2565:      411.590      411.690      411.780      411.880      411.970
  2570:      412.070      412.160      412.260      412.350      412.450
  2575:      412.540      412.640      412.730      412.830      412.930
  2580:      413.020      413.120      413.210      413.310      413.400
  2585:      413.500      413.590      413.690      413.780      413.880
  2590:      413.970      414.070      414.160      414.260      414.350
  2595:      414.450      414.550      414.640      414.740      414.830
  2600:      414.930      415.020      415.120      415.210      415.310
  2605:      415.400      415.500      415.590      415.690      415.780
  2610:      415.880      415.970      416.070      416.170      416.260
  2615:      416.360      416.450      416.550      416.640      416.740
  2620:      416.830      416.930      417.020      417.120      417.210
  2625:      417.310      417.400      417.500      417.590      417.690
  2630:      417.790      417.880      417.980      418.070      418.170
  2635:      418.260      418.360      418.450      418.550      418.640
  2640:      418.740      418.830      418.930      419.020      419.120
  2645:      419.210      419.310      419.410      419.500      419.600
  2650:      419.690      419.790      419.880      419.980      420.070
  2655:      420.170      420.260      420.360      420.450      420.550
  2660:      420.640      420.740      420.830      420.930      421.030
  2665:      421.120      421.220      421.310      421.410      421.500
  2670:      421.600      421.690      421.790      421.880      421.980
  2675:      422.070      422.170      422.260      422.360      422.450
  2680:      422.550      422.650      422.740      422.840      422.930
  2685:      423.030      423.120      423.220      423.310      423.410
  2690:      423.500      423.600      423.690      423.790      423.880
  2695:      423.980      424.080      424.170      424.270      424.360
  2700:      424.460      424.550      424.650      424.740      424.840
  2705:      424.930      425.030      425.120      425.220      425.310
  2710:      425.410      425.500      425.600      425.700      425.790
  2715:      425.890      425.980      426.080      426.170      426.270
  2720:      426.360      426.460      426.550      426.650      426.740
  2725:      426.840      426.930      427.030      427.120      427.220
  2730:      427.320      427.410      427.510      427.600      427.700
  2735:      427.790      427.890      427.980      428.080      428.170
  2740:      428.270      428.360      428.460      428.550      428.650
  2745:      428.740      428.840      428.940      429.030      429.130
  2750:      429.220      429.320      429.410      429.510      429.600
  2755:      429.700      429.790      429.890      429.980      430.080
  2760:      430.170      430.270      430.360      430.460      430.560
  2765:      430.650      430.750      430.840      430.940      431.030
  2770:      431.130      431.220      431.320      431.410      431.510
  2775:      431.600      431.700      431.790      431.890      431.980
  2780:      432.080      432.180      432.270      432.370      432.460
  2785:      432.560      432.650      432.750      432.840      432.940
  2790:      433.030      433.130      433.220      433.320      433.410
  2795:      433.510      433.600      433.700      433.800      433.890
  2800:      433.990      434.080      434.180      434.270      434.370
  2805:      434.460      434.560      434.650      434.750      434.840
  2810:      434.940      435.030      435.130      435.220      435.320
  2815:      435.420      435.510      435.610      435.700      435.800
  2820:      435.890      435.990      436.080      436.180      436.270
  2825:      436.370      436.460      436.560      436.650      436.750
  2830:      436.850      436.940      437.040      437.130      437.230
  2835:      437.320      437.420      437.510      437.610      437.700
  2840:      437.800      437.890      437.990      438.080      438.180
  2845:      438.270      438.370      438.470      438.560      438.660
  2850:      438.750      438.850      438.940      439.040      439.130
  2855:      439.230      439.320      439.420      439.510      439.610
  2860:      439.700      439.800      439.890      439.990      440.090
  2865:      440.180      440.280      440.370      440.470      440.560
  2870:      440.660      440.750      440.850      440.940      441.040
  2875:      441.130      441.230      441.320      441.420      441.510
  2880:      441.610      441.710      441.800      441.900      441.990
Z:
     0:        0.000        2.000        6.000        0.000        1.000
     5:        0.000        0.000       10.000     2885.000     1115.000
    10:        0.000       63.000       25.000        0.000        5.000
    15:        0.000
