File: C:\MED-PC IV\Data\Tarun\RM-B12_RM036\postBaseplate\R10\S01_R10_FR1_20s_100trials


Start Date: 06/23/17
End Date: 06/23/17
Subject: 10
Experiment: 0
Group: 0
Box: 1
Start Time:  9:19:32
End Time: 11:50:31
MSN: MiniScope_FR1-3p_100trials_05222017
A:       0.000
E:       0.000
J:     101.000
N:       0.000
O:       0.000
Q:       0.000
S:       0.000
T:    9010.000
U:       0.000
B:
     0:        0.000       10.000       10.000       15.000       20.000
     5:       20.000       20.000       10.000       10.000      100.000
    10:        1.000        3.000       15.000        0.010        1.000
    15:        0.000        0.000        5.000       20.000        5.000
C:
     0:      100.000      100.000      387.000        0.000        1.132
     5:        0.000      300.000      100.000        4.000        1.132
    10:        0.000     1824.000      222.000        0.000       15.020
    15:        1.000        1.000        2.000        0.000        3.810
    20:        1.000        3.000        1.000        0.000        3.810
    25:        1.000        7.000        2.000        0.000       14.000
    30:        2.000        1.000        4.000        0.000        2.870
    35:        2.000        3.000        1.000        0.000        2.870
    40:        2.000       27.000        5.000        0.000       16.000
    45:        3.000        1.000        2.000        0.000        1.130
    50:        3.000        3.000        1.000        0.000        1.130
    55:        3.000       10.000        2.000        0.000       11.000
    60:        4.000        1.000        5.000        0.000        1.900
    65:        4.000        3.000        1.000        0.000        1.900
    70:        4.000       16.000        2.000        0.000       14.000
    75:        5.000        1.000        3.000        0.000        7.080
    80:        5.000        3.000        1.000        0.000        7.080
    85:        5.000       16.000        1.000        0.000       12.000
    90:        6.000        1.000        3.000        0.000        1.140
    95:        6.000        3.000        1.000        0.000        1.140
   100:        6.000       21.000        6.000        0.000       19.000
   105:        7.000        1.000        4.000        0.000        0.480
   110:        7.000        3.000        1.000        0.000        0.480
   115:        7.000       25.000        6.000        0.000       15.000
   120:        8.000        1.000        3.000        0.000        0.400
   125:        8.000        3.000        1.000        0.000        0.400
   130:        8.000       15.000       11.000        0.000       14.000
   135:        9.000        1.000        4.000        0.000        0.380
   140:        9.000        3.000        1.000        0.000        0.380
   145:        9.000       13.000        3.000        0.000       17.000
   150:       10.000        1.000        3.000        0.000        0.230
   155:       10.000        3.000        1.000        0.000        0.230
   160:       10.000       12.000        2.000        0.000       16.000
   165:       11.000        1.000        2.000        0.000        0.860
   170:       11.000        3.000        1.000        0.000        0.860
   175:       11.000       29.000        0.000        0.000       14.000
   180:       12.000        1.000        5.000        0.000       16.660
   185:       12.000        3.000        1.000        0.000       16.660
   190:       12.000       17.000        0.000        0.000       18.000
   195:       13.000        1.000        4.000        0.000        0.270
   200:       13.000        3.000        1.000        0.000        0.270
   205:       13.000       18.000        0.000        0.000       13.000
   210:       14.000        1.000        3.000        0.000        0.040
   215:       14.000        3.000        1.000        0.000        0.040
   220:       14.000       28.000       21.000        0.000       15.000
   225:       15.000        1.000        5.000        0.000        0.200
   230:       15.000        3.000        1.000        3.000        0.200
   235:       15.000       18.000       23.000        0.000       15.000
   240:       16.000        1.000        2.000        0.000        0.870
   245:       16.000        3.000        1.000        0.000        0.870
   250:       16.000       42.000        2.000        0.000       12.000
   255:       17.000        1.000        9.000        0.000        1.040
   260:       17.000        3.000        1.000        0.000        1.040
   265:       17.000       16.000        3.000        0.000       15.000
   270:       18.000        1.000        5.000        0.000        0.360
   275:       18.000        3.000        1.000        0.000        0.360
   280:       18.000       15.000       11.000        0.000       16.000
   285:       19.000        1.000        3.000        0.000        0.240
   290:       19.000        3.000        1.000        0.000        0.240
   295:       19.000       15.000        8.000        0.000       17.000
   300:       20.000        1.000        4.000        0.000        0.230
   305:       20.000        3.000        1.000        0.000        0.230
   310:       20.000       25.000        4.000        0.000       16.000
   315:       21.000        1.000        4.000        0.000        0.210
   320:       21.000        3.000        1.000        0.000        0.210
   325:       21.000       15.000        2.000        0.000       17.000
   330:       22.000        1.000        5.000        0.000        0.180
   335:       22.000        3.000        1.000        0.000        0.180
   340:       22.000       33.000        2.000        0.000       13.000
   345:       23.000        1.000        4.000        0.000        0.690
   350:       23.000        3.000        1.000        0.000        0.690
   355:       23.000       28.000        0.000        0.000       15.000
   360:       24.000        1.000        5.000        0.000        0.210
   365:       24.000        3.000        1.000        0.000        0.210
   370:       24.000       24.000        1.000        0.000       16.000
   375:       25.000        1.000        4.000        0.000        0.330
   380:       25.000        3.000        1.000        0.000        0.330
   385:       25.000       22.000        1.000        0.000       11.000
   390:       26.000        1.000        5.000        0.000        1.070
   395:       26.000        3.000        1.000        0.000        1.070
   400:       26.000       23.000        2.000        0.000       14.000
   405:       27.000        1.000        7.000        0.000        0.140
   410:       27.000        3.000        1.000        0.000        0.140
   415:       27.000       21.000        8.000        0.000       16.000
   420:       28.000        1.000        5.000        0.000        0.310
   425:       28.000        3.000        1.000        0.000        0.310
   430:       28.000       14.000        1.000        0.000       15.000
   435:       29.000        1.000        3.000        0.000        0.180
   440:       29.000        3.000        1.000        0.000        0.180
   445:       29.000       11.000        0.000        0.000       12.000
   450:       30.000        1.000        4.000        0.000        0.430
   455:       30.000        3.000        1.000        0.000        0.430
   460:       30.000        7.000        0.000        0.000       17.000
   465:       31.000        1.000        5.000        0.000        0.730
   470:       31.000        3.000        1.000        0.000        0.730
   475:       31.000       30.000        3.000        0.000       17.000
   480:       32.000        1.000        4.000        0.000        0.250
   485:       32.000        3.000        1.000        0.000        0.250
   490:       32.000       12.000        0.000        0.000       14.000
   495:       33.000        1.000        4.000        0.000        0.450
   500:       33.000        3.000        1.000        0.000        0.450
   505:       33.000       23.000        0.000        0.000       16.000
   510:       34.000        1.000        1.000        0.000        0.210
   515:       34.000        3.000        1.000        0.000        0.210
   520:       34.000       16.000        0.000        0.000       16.000
   525:       35.000        1.000        4.000        0.000        0.240
   530:       35.000        3.000        1.000        0.000        0.240
   535:       35.000       20.000       10.000        0.000       14.000
   540:       36.000        1.000        2.000        0.000        0.800
   545:       36.000        3.000        1.000        0.000        0.800
   550:       36.000       11.000        1.000        0.000       19.000
   555:       37.000        1.000        6.000        0.000        0.180
   560:       37.000        3.000        1.000        0.000        0.180
   565:       37.000       22.000        0.000        0.000       17.000
   570:       38.000        1.000        4.000        0.000        1.460
   575:       38.000        3.000        1.000        0.000        1.460
   580:       38.000       28.000        0.000        0.000       14.000
   585:       39.000        1.000        8.000        0.000        0.160
   590:       39.000        3.000        1.000        0.000        0.160
   595:       39.000       22.000        2.000        0.000       13.000
   600:       40.000        1.000        4.000        0.000        0.980
   605:       40.000        3.000        1.000        0.000        0.980
   610:       40.000       21.000        0.000        0.000       15.000
   615:       41.000        1.000        2.000        0.000        0.240
   620:       41.000        3.000        1.000        0.000        0.240
   625:       41.000       13.000        0.000        0.000       14.000
   630:       42.000        1.000        7.000        0.000        0.690
   635:       42.000        3.000        1.000        0.000        0.690
   640:       42.000       26.000        0.000        0.000       14.000
   645:       43.000        1.000        4.000        0.000        0.640
   650:       43.000        3.000        1.000        0.000        0.640
   655:       43.000       34.000        1.000        0.000       14.000
   660:       44.000        1.000        3.000        0.000        0.210
   665:       44.000        3.000        1.000        0.000        0.210
   670:       44.000       25.000        0.000        0.000       12.000
   675:       45.000        1.000        2.000        0.000        0.640
   680:       45.000        3.000        1.000        0.000        0.640
   685:       45.000       21.000        2.000        0.000       20.000
   690:       46.000        1.000        5.000        0.000        0.100
   695:       46.000        3.000        1.000        0.000        0.100
   700:       46.000       16.000        0.000        0.000       13.000
   705:       47.000        1.000        2.000        0.000        0.650
   710:       47.000        3.000        1.000        0.000        0.650
   715:       47.000        6.000        0.000        0.000       16.000
   720:       48.000        1.000        3.000        0.000        0.470
   725:       48.000        3.000        1.000        0.000        0.470
   730:       48.000       11.000        2.000        0.000       14.000
   735:       49.000        1.000        2.000        0.000        0.640
   740:       49.000        3.000        1.000        1.000        0.640
   745:       49.000       17.000        0.000        0.000       14.000
   750:       50.000        1.000        2.000        0.000        0.170
   755:       50.000        3.000        1.000        0.000        0.170
   760:       50.000       14.000        0.000        0.000       19.000
   765:       51.000        1.000        3.000        0.000        0.180
   770:       51.000        3.000        1.000        0.000        0.180
   775:       51.000       12.000        0.000        0.000       16.000
   780:       52.000        1.000        3.000        0.000        1.820
   785:       52.000        3.000        1.000        0.000        1.820
   790:       52.000       14.000        0.000        0.000       17.000
   795:       53.000        1.000        5.000        0.000       11.370
   800:       53.000        3.000        1.000        0.000       11.370
   805:       53.000       18.000       13.000        0.000       15.000
   810:       54.000        1.000        4.000        0.000        0.620
   815:       54.000        3.000        1.000        0.000        0.620
   820:       54.000       11.000        0.000        0.000       15.000
   825:       55.000        1.000        3.000        0.000        0.420
   830:       55.000        3.000        1.000        0.000        0.420
   835:       55.000       25.000       25.000        0.000       18.000
   840:       56.000        1.000        4.000        0.000        0.430
   845:       56.000        3.000        1.000        0.000        0.430
   850:       56.000       23.000        2.000        0.000       18.000
   855:       57.000        1.000        3.000        0.000        0.530
   860:       57.000        3.000        1.000        0.000        0.530
   865:       57.000       20.000        2.000        0.000       18.000
   870:       58.000        1.000        4.000        0.000        0.710
   875:       58.000        3.000        1.000        0.000        0.710
   880:       58.000       34.000        1.000        0.000       14.000
   885:       59.000        1.000        4.000        0.000        0.180
   890:       59.000        3.000        1.000        0.000        0.180
   895:       59.000       21.000        2.000        0.000       16.000
   900:       60.000        1.000        3.000        0.000        0.230
   905:       60.000        3.000        1.000        0.000        0.230
   910:       60.000       17.000        1.000        0.000       12.000
   915:       61.000        1.000        4.000        0.000        0.930
   920:       61.000        3.000        1.000        0.000        0.930
   925:       61.000       16.000        0.000        0.000       12.000
   930:       62.000        1.000        6.000        0.000        0.720
   935:       62.000        3.000        1.000        0.000        0.720
   940:       62.000       14.000        0.000        0.000       18.000
   945:       63.000        1.000        4.000        0.000        1.620
   950:       63.000        3.000        1.000        0.000        1.620
   955:       63.000       20.000        2.000        0.000       15.000
   960:       64.000        1.000        8.000        0.000        4.430
   965:       64.000        3.000        1.000        0.000        4.430
   970:       64.000       14.000        0.000        0.000       18.000
   975:       65.000        1.000        3.000        0.000        0.590
   980:       65.000        3.000        1.000        0.000        0.590
   985:       65.000       15.000        0.000        0.000       16.000
   990:       66.000        1.000        4.000        0.000        0.550
   995:       66.000        3.000        1.000        0.000        0.550
  1000:       66.000       26.000        1.000        0.000       16.000
  1005:       67.000        1.000        4.000        0.000        0.430
  1010:       67.000        3.000        1.000        0.000        0.430
  1015:       67.000       14.000        1.000        0.000       14.000
  1020:       68.000        1.000        5.000        0.000        0.110
  1025:       68.000        3.000        1.000        0.000        0.110
  1030:       68.000       34.000        1.000        0.000       15.000
  1035:       69.000        1.000        3.000        0.000        0.660
  1040:       69.000        3.000        1.000        0.000        0.660
  1045:       69.000       24.000        2.000        0.000       13.000
  1050:       70.000        1.000        2.000        0.000        0.790
  1055:       70.000        3.000        1.000        0.000        0.790
  1060:       70.000       19.000        2.000        0.000       13.000
  1065:       71.000        1.000        4.000        0.000        0.120
  1070:       71.000        3.000        1.000        0.000        0.120
  1075:       71.000       14.000        0.000        0.000       17.000
  1080:       72.000        1.000        5.000        0.000        0.250
  1085:       72.000        3.000        1.000        0.000        0.250
  1090:       72.000       14.000        0.000        0.000       13.000
  1095:       73.000        1.000        3.000        0.000        0.800
  1100:       73.000        3.000        1.000        0.000        0.800
  1105:       73.000       24.000        0.000        0.000       15.000
  1110:       74.000        1.000        3.000        0.000        0.870
  1115:       74.000        3.000        1.000        0.000        0.870
  1120:       74.000       15.000        1.000        0.000       14.000
  1125:       75.000        1.000        3.000        0.000        0.630
  1130:       75.000        3.000        1.000        0.000        0.630
  1135:       75.000       24.000        2.000        0.000       16.000
  1140:       76.000        1.000        4.000        0.000        0.200
  1145:       76.000        3.000        1.000        0.000        0.200
  1150:       76.000       15.000        0.000        0.000       19.000
  1155:       77.000        1.000        3.000        0.000        0.760
  1160:       77.000        3.000        1.000        0.000        0.760
  1165:       77.000       16.000        1.000        0.000       16.000
  1170:       78.000        1.000        7.000        0.000       10.090
  1175:       78.000        3.000        1.000        0.000       10.090
  1180:       78.000       31.000        3.000        0.000       15.000
  1185:       79.000        1.000        3.000        0.000        0.310
  1190:       79.000        3.000        1.000        0.000        0.310
  1195:       79.000       23.000        1.000        0.000       13.000
  1200:       80.000        1.000        6.000        0.000        0.950
  1205:       80.000        3.000        1.000        0.000        0.950
  1210:       80.000       20.000        0.000        0.000       13.000
  1215:       81.000        1.000        5.000        0.000        0.190
  1220:       81.000        3.000        1.000        0.000        0.190
  1225:       81.000       13.000        1.000        0.000       13.000
  1230:       82.000        1.000        1.000        0.000        0.690
  1235:       82.000        3.000        1.000        0.000        0.690
  1240:       82.000       11.000        0.000        0.000       15.000
  1245:       83.000        1.000        5.000        0.000        0.220
  1250:       83.000        3.000        1.000        0.000        0.220
  1255:       83.000       12.000        0.000        0.000       16.000
  1260:       84.000        1.000        4.000        0.000        1.110
  1265:       84.000        3.000        1.000        0.000        1.110
  1270:       84.000       18.000        4.000        0.000       17.000
  1275:       85.000        1.000        3.000        0.000        0.650
  1280:       85.000        3.000        1.000        0.000        0.650
  1285:       85.000       12.000        0.000        0.000       13.000
  1290:       86.000        1.000        4.000        0.000        0.260
  1295:       86.000        3.000        1.000        0.000        0.260
  1300:       86.000       15.000        0.000        0.000       14.000
  1305:       87.000        1.000        4.000        0.000        1.160
  1310:       87.000        3.000        1.000        0.000        1.160
  1315:       87.000        7.000        0.000        0.000       14.000
  1320:       88.000        1.000        3.000        0.000        2.350
  1325:       88.000        3.000        1.000        0.000        2.350
  1330:       88.000       15.000        0.000        0.000       16.000
  1335:       89.000        1.000        3.000        0.000        0.470
  1340:       89.000        3.000        1.000        0.000        0.470
  1345:       89.000        5.000        0.000        0.000       14.000
  1350:       90.000        1.000        1.000        0.000        0.390
  1355:       90.000        3.000        1.000        0.000        0.390
  1360:       90.000       10.000        0.000        0.000       19.000
  1365:       91.000        1.000        2.000        0.000        0.320
  1370:       91.000        3.000        1.000        0.000        0.320
  1375:       91.000       25.000        0.000        0.000       12.000
  1380:       92.000        1.000        7.000        0.000        0.100
  1385:       92.000        3.000        1.000        0.000        0.100
  1390:       92.000        2.000        0.000        0.000       10.000
  1395:       93.000        1.000        4.000        0.000        0.720
  1400:       93.000        3.000        1.000        0.000        0.720
  1405:       93.000       18.000        0.000        0.000       17.000
  1410:       94.000        1.000        3.000        0.000        0.580
  1415:       94.000        3.000        1.000        0.000        0.580
  1420:       94.000       15.000        0.000        0.000       17.000
  1425:       95.000        1.000        4.000        0.000        0.340
  1430:       95.000        3.000        1.000        0.000        0.340
  1435:       95.000       19.000        0.000        0.000       12.000
  1440:       96.000        1.000        3.000        0.000        0.590
  1445:       96.000        3.000        1.000        0.000        0.590
  1450:       96.000       19.000        0.000        0.000       15.000
  1455:       97.000        1.000        4.000        0.000        3.780
  1460:       97.000        3.000        1.000        0.000        3.780
  1465:       97.000       10.000        0.000        0.000       10.000
  1470:       98.000        1.000        4.000        0.000        2.170
  1475:       98.000        3.000        1.000        0.000        2.170
  1480:       98.000       10.000        0.000        0.000       15.000
  1485:       99.000        1.000        4.000        0.000        0.270
  1490:       99.000        3.000        1.000        0.000        0.270
  1495:       99.000       10.000        2.000        0.000       16.000
  1500:      100.000        1.000        4.000        0.000        0.690
  1505:      100.000        3.000        1.000        0.000        0.690
  1510:      100.000       20.000        2.000        0.000       10.000
D:
     0:        0.000        0.000        0.000        0.000        0.000
     5:        0.000        0.000        0.000        0.000        0.000
    10:        0.000        0.000        0.000        0.000        0.000
    15:        1.000       15.000       90.000       40.000       48.810
    20:        1.000       63.810       64.810       43.810       63.810
    25:        1.000       25.000       80.000       15.000       15.150
    30:        2.000      104.000      179.000      129.000      136.870
    35:        2.000      151.870      152.870      131.870      151.870
    40:        2.000      114.000      169.000      104.000      104.150
    45:        3.000      195.000      270.000      220.000      226.130
    50:        3.000      241.130      242.130      221.130      241.130
    55:        3.000      205.000      260.000      195.000      195.150
    60:        4.000      281.000      356.000      306.000      312.900
    65:        4.000      327.900      328.900      307.900      327.900
    70:        4.000      291.000      346.000      281.000      281.150
    75:        5.000      370.000      445.000      395.000      407.080
    80:        5.000      422.080      423.080      402.080      422.080
    85:        5.000      380.000      435.000      370.000      370.150
    90:        6.000      457.000      532.000      482.000      488.140
    95:        6.000      503.140      504.140      483.140      503.140
   100:        6.000      467.000      522.000      457.000      457.150
   105:        7.000      551.000      626.000      576.000      581.480
   110:        7.000      596.480      597.480      576.480      596.480
   115:        7.000      561.000      616.000      551.000      551.150
   120:        8.000      641.000      716.000      666.000      671.400
   125:        8.000      686.400      687.400      666.400      686.400
   130:        8.000      651.000      706.000      641.000      641.150
   135:        9.000      730.000      805.000      755.000      760.380
   140:        9.000      775.380      776.380      755.380      775.380
   145:        9.000      740.000      795.000      730.000      730.150
   150:       10.000      822.000      897.000      847.000      852.230
   155:       10.000      867.230      868.230      847.230      867.230
   160:       10.000      832.000      887.000      822.000      822.150
   165:       11.000      913.000      988.000      938.000      943.860
   170:       11.000      958.860      959.860      938.860      958.860
   175:       11.000      923.000      978.000      913.000      913.150
   180:       12.000     1002.000     1077.000     1027.000     1048.660
   185:       12.000     1063.660     1064.660     1043.660     1063.660
   190:       12.000     1012.000     1067.000     1002.000     1002.150
   195:       13.000     1095.000     1170.000     1120.000     1125.270
   200:       13.000     1140.270     1141.270     1120.270     1140.270
   205:       13.000     1105.000     1160.000     1095.000     1095.150
   210:       14.000     1183.000     1258.000     1208.000     1213.040
   215:       14.000     1228.040     1229.040     1208.040     1228.040
   220:       14.000     1193.000     1248.000     1183.000     1183.150
   225:       15.000     1273.000     1348.000     1298.000     1303.200
   230:       15.000     1318.200     1319.200     1298.200     1318.200
   235:       15.000     1283.000     1338.000     1273.000     1273.150
   240:       16.000     1363.000     1438.000     1388.000     1393.870
   245:       16.000     1408.870     1409.870     1388.870     1408.870
   250:       16.000     1373.000     1428.000     1363.000     1363.150
   255:       17.000     1450.000     1525.000     1475.000     1481.040
   260:       17.000     1496.040     1497.040     1476.040     1496.040
   265:       17.000     1460.000     1515.000     1450.000     1450.150
   270:       18.000     1540.000     1615.000     1565.000     1570.360
   275:       18.000     1585.360     1586.360     1565.360     1585.360
   280:       18.000     1550.000     1605.000     1540.000     1540.150
   285:       19.000     1631.000     1706.000     1656.000     1661.240
   290:       19.000     1676.240     1677.240     1656.240     1676.240
   295:       19.000     1641.000     1696.000     1631.000     1631.150
   300:       20.000     1723.000     1798.000     1748.000     1753.230
   305:       20.000     1768.230     1769.230     1748.230     1768.230
   310:       20.000     1733.000     1788.000     1723.000     1723.150
   315:       21.000     1814.000     1889.000     1839.000     1844.210
   320:       21.000     1859.210     1860.210     1839.210     1859.210
   325:       21.000     1824.000     1879.000     1814.000     1814.150
   330:       22.000     1906.000     1981.000     1931.000     1936.180
   335:       22.000     1951.180     1952.180     1931.180     1951.180
   340:       22.000     1916.000     1971.000     1906.000     1906.150
   345:       23.000     1994.000     2069.000     2019.000     2024.690
   350:       23.000     2039.690     2040.690     2019.690     2039.690
   355:       23.000     2004.000     2059.000     1994.000     1994.150
   360:       24.000     2084.000     2159.000     2109.000     2114.210
   365:       24.000     2129.210     2130.210     2109.210     2129.210
   370:       24.000     2094.000     2149.000     2084.000     2084.150
   375:       25.000     2175.000     2250.000     2200.000     2205.330
   380:       25.000     2220.330     2221.330     2200.330     2220.330
   385:       25.000     2185.000     2240.000     2175.000     2175.150
   390:       26.000     2261.000     2336.000     2286.000     2292.070
   395:       26.000     2307.070     2308.070     2287.070     2307.070
   400:       26.000     2271.000     2326.000     2261.000     2261.150
   405:       27.000     2350.000     2425.000     2375.000     2380.140
   410:       27.000     2395.140     2396.140     2375.140     2395.140
   415:       27.000     2360.000     2415.000     2350.000     2350.150
   420:       28.000     2441.000     2516.000     2466.000     2471.310
   425:       28.000     2486.310     2487.310     2466.310     2486.310
   430:       28.000     2451.000     2506.000     2441.000     2441.150
   435:       29.000     2531.000     2606.000     2556.000     2561.180
   440:       29.000     2576.180     2577.180     2556.180     2576.180
   445:       29.000     2541.000     2596.000     2531.000     2531.150
   450:       30.000     2618.000     2693.000     2643.000     2648.430
   455:       30.000     2663.430     2664.430     2643.430     2663.430
   460:       30.000     2628.000     2683.000     2618.000     2618.150
   465:       31.000     2710.000     2785.000     2735.000     2740.730
   470:       31.000     2755.730     2756.730     2735.730     2755.730
   475:       31.000     2720.000     2775.000     2710.000     2710.150
   480:       32.000     2802.000     2877.000     2827.000     2832.250
   485:       32.000     2847.250     2848.250     2827.250     2847.250
   490:       32.000     2812.000     2867.000     2802.000     2802.150
   495:       33.000     2891.000     2966.000     2916.000     2921.450
   500:       33.000     2936.450     2937.450     2916.450     2936.450
   505:       33.000     2901.000     2956.000     2891.000     2891.150
   510:       34.000     2982.000     3057.000     3007.000     3012.210
   515:       34.000     3027.210     3028.210     3007.210     3027.210
   520:       34.000     2992.000     3047.000     2982.000     2982.150
   525:       35.000     3073.000     3148.000     3098.000     3103.240
   530:       35.000     3118.240     3119.240     3098.240     3118.240
   535:       35.000     3083.000     3138.000     3073.000     3073.150
   540:       36.000     3162.000     3237.000     3187.000     3192.800
   545:       36.000     3207.800     3208.800     3187.800     3207.800
   550:       36.000     3172.000     3227.000     3162.000     3162.150
   555:       37.000     3256.000     3331.000     3281.000     3286.180
   560:       37.000     3301.180     3302.180     3281.180     3301.180
   565:       37.000     3266.000     3321.000     3256.000     3256.150
   570:       38.000     3348.000     3423.000     3373.000     3379.460
   575:       38.000     3394.460     3395.460     3374.460     3394.460
   580:       38.000     3358.000     3413.000     3348.000     3348.150
   585:       39.000     3437.000     3512.000     3462.000     3467.160
   590:       39.000     3482.160     3483.160     3462.160     3482.160
   595:       39.000     3447.000     3502.000     3437.000     3437.150
   600:       40.000     3525.000     3600.000     3550.000     3555.980
   605:       40.000     3570.980     3571.980     3550.980     3570.980
   610:       40.000     3535.000     3590.000     3525.000     3525.150
   615:       41.000     3615.000     3690.000     3640.000     3645.240
   620:       41.000     3660.240     3661.240     3640.240     3660.240
   625:       41.000     3625.000     3680.000     3615.000     3615.150
   630:       42.000     3704.000     3779.000     3729.000     3734.690
   635:       42.000     3749.690     3750.690     3729.690     3749.690
   640:       42.000     3714.000     3769.000     3704.000     3704.150
   645:       43.000     3793.000     3868.000     3818.000     3823.640
   650:       43.000     3838.640     3839.640     3818.640     3838.640
   655:       43.000     3803.000     3858.000     3793.000     3793.150
   660:       44.000     3882.000     3957.000     3907.000     3912.210
   665:       44.000     3927.210     3928.210     3907.210     3927.210
   670:       44.000     3892.000     3947.000     3882.000     3882.150
   675:       45.000     3969.000     4044.000     3994.000     3999.640
   680:       45.000     4014.640     4015.640     3994.640     4014.640
   685:       45.000     3979.000     4034.000     3969.000     3969.150
   690:       46.000     4064.000     4139.000     4089.000     4094.100
   695:       46.000     4109.100     4110.100     4089.100     4109.100
   700:       46.000     4074.000     4129.000     4064.000     4064.150
   705:       47.000     4152.000     4227.000     4177.000     4182.650
   710:       47.000     4197.650     4198.650     4177.650     4197.650
   715:       47.000     4162.000     4217.000     4152.000     4152.150
   720:       48.000     4243.000     4318.000     4268.000     4273.470
   725:       48.000     4288.470     4289.470     4268.470     4288.470
   730:       48.000     4253.000     4308.000     4243.000     4243.150
   735:       49.000     4332.000     4407.000     4357.000     4362.640
   740:       49.000     4377.640     4378.640     4357.640     4377.640
   745:       49.000     4342.000     4397.000     4332.000     4332.150
   750:       50.000     4421.000     4496.000     4446.000     4451.170
   755:       50.000     4466.170     4467.170     4446.170     4466.170
   760:       50.000     4431.000     4486.000     4421.000     4421.150
   765:       51.000     4515.000     4590.000     4540.000     4545.180
   770:       51.000     4560.180     4561.180     4540.180     4560.180
   775:       51.000     4525.000     4580.000     4515.000     4515.150
   780:       52.000     4606.000     4681.000     4631.000     4637.820
   785:       52.000     4652.820     4653.820     4632.820     4652.820
   790:       52.000     4616.000     4671.000     4606.000     4606.150
   795:       53.000     4698.000     4773.000     4723.000     4739.370
   800:       53.000     4754.370     4755.370     4734.370     4754.370
   805:       53.000     4708.000     4763.000     4698.000     4698.150
   810:       54.000     4788.000     4863.000     4813.000     4818.620
   815:       54.000     4833.620     4834.620     4813.620     4833.620
   820:       54.000     4798.000     4853.000     4788.000     4788.150
   825:       55.000     4878.000     4953.000     4903.000     4908.420
   830:       55.000     4923.420     4924.420     4903.420     4923.420
   835:       55.000     4888.000     4943.000     4878.000     4878.150
   840:       56.000     4971.000     5046.000     4996.000     5001.430
   845:       56.000     5016.430     5017.430     4996.430     5016.430
   850:       56.000     4981.000     5036.000     4971.000     4971.150
   855:       57.000     5064.000     5139.000     5089.000     5094.530
   860:       57.000     5109.530     5110.530     5089.530     5109.530
   865:       57.000     5074.000     5129.000     5064.000     5064.150
   870:       58.000     5157.000     5232.000     5182.000     5187.710
   875:       58.000     5202.710     5203.710     5182.710     5202.710
   880:       58.000     5167.000     5222.000     5157.000     5157.150
   885:       59.000     5246.000     5321.000     5271.000     5276.180
   890:       59.000     5291.180     5292.180     5271.180     5291.180
   895:       59.000     5256.000     5311.000     5246.000     5246.150
   900:       60.000     5337.000     5412.000     5362.000     5367.230
   905:       60.000     5382.230     5383.230     5362.230     5382.230
   910:       60.000     5347.000     5402.000     5337.000     5337.150
   915:       61.000     5424.000     5499.000     5449.000     5454.930
   920:       61.000     5469.930     5470.930     5449.930     5469.930
   925:       61.000     5434.000     5489.000     5424.000     5424.150
   930:       62.000     5511.000     5586.000     5536.000     5541.720
   935:       62.000     5556.720     5557.720     5536.720     5556.720
   940:       62.000     5521.000     5576.000     5511.000     5511.150
   945:       63.000     5604.000     5679.000     5629.000     5635.620
   950:       63.000     5650.620     5651.620     5630.620     5650.620
   955:       63.000     5614.000     5669.000     5604.000     5604.150
   960:       64.000     5694.000     5769.000     5719.000     5728.430
   965:       64.000     5743.430     5744.430     5723.430     5743.430
   970:       64.000     5704.000     5759.000     5694.000     5694.150
   975:       65.000     5787.000     5862.000     5812.000     5817.590
   980:       65.000     5832.590     5833.590     5812.590     5832.590
   985:       65.000     5797.000     5852.000     5787.000     5787.150
   990:       66.000     5878.000     5953.000     5903.000     5908.550
   995:       66.000     5923.550     5924.550     5903.550     5923.550
  1000:       66.000     5888.000     5943.000     5878.000     5878.150
  1005:       67.000     5969.000     6044.000     5994.000     5999.430
  1010:       67.000     6014.430     6015.430     5994.430     6014.430
  1015:       67.000     5979.000     6034.000     5969.000     5969.150
  1020:       68.000     6058.000     6133.000     6083.000     6088.110
  1025:       68.000     6103.110     6104.110     6083.110     6103.110
  1030:       68.000     6068.000     6123.000     6058.000     6058.150
  1035:       69.000     6148.000     6223.000     6173.000     6178.660
  1040:       69.000     6193.660     6194.660     6173.660     6193.660
  1045:       69.000     6158.000     6213.000     6148.000     6148.150
  1050:       70.000     6236.000     6311.000     6261.000     6266.790
  1055:       70.000     6281.790     6282.790     6261.790     6281.790
  1060:       70.000     6246.000     6301.000     6236.000     6236.150
  1065:       71.000     6324.000     6399.000     6349.000     6354.120
  1070:       71.000     6369.120     6370.120     6349.120     6369.120
  1075:       71.000     6334.000     6389.000     6324.000     6324.150
  1080:       72.000     6416.000     6491.000     6441.000     6446.250
  1085:       72.000     6461.250     6462.250     6441.250     6461.250
  1090:       72.000     6426.000     6481.000     6416.000     6416.150
  1095:       73.000     6504.000     6579.000     6529.000     6534.800
  1100:       73.000     6549.800     6550.800     6529.800     6549.800
  1105:       73.000     6514.000     6569.000     6504.000     6504.150
  1110:       74.000     6594.000     6669.000     6619.000     6624.870
  1115:       74.000     6639.870     6640.870     6619.870     6639.870
  1120:       74.000     6604.000     6659.000     6594.000     6594.150
  1125:       75.000     6683.000     6758.000     6708.000     6713.630
  1130:       75.000     6728.630     6729.630     6708.630     6728.630
  1135:       75.000     6693.000     6748.000     6683.000     6683.150
  1140:       76.000     6774.000     6849.000     6799.000     6804.200
  1145:       76.000     6819.200     6820.200     6799.200     6819.200
  1150:       76.000     6784.000     6839.000     6774.000     6774.150
  1155:       77.000     6868.000     6943.000     6893.000     6898.760
  1160:       77.000     6913.760     6914.760     6893.760     6913.760
  1165:       77.000     6878.000     6933.000     6868.000     6868.150
  1170:       78.000     6959.000     7034.000     6984.000     6999.090
  1175:       78.000     7014.090     7015.090     6994.090     7014.090
  1180:       78.000     6969.000     7024.000     6959.000     6959.150
  1185:       79.000     7049.000     7124.000     7074.000     7079.310
  1190:       79.000     7094.310     7095.310     7074.310     7094.310
  1195:       79.000     7059.000     7114.000     7049.000     7049.150
  1200:       80.000     7137.000     7212.000     7162.000     7167.950
  1205:       80.000     7182.950     7183.950     7162.950     7182.950
  1210:       80.000     7147.000     7202.000     7137.000     7137.150
  1215:       81.000     7225.000     7300.000     7250.000     7255.190
  1220:       81.000     7270.190     7271.190     7250.190     7270.190
  1225:       81.000     7235.000     7290.000     7225.000     7225.150
  1230:       82.000     7313.000     7388.000     7338.000     7343.690
  1235:       82.000     7358.690     7359.690     7338.690     7358.690
  1240:       82.000     7323.000     7378.000     7313.000     7313.150
  1245:       83.000     7403.000     7478.000     7428.000     7433.220
  1250:       83.000     7448.220     7449.220     7428.220     7448.220
  1255:       83.000     7413.000     7468.000     7403.000     7403.150
  1260:       84.000     7494.000     7569.000     7519.000     7525.110
  1265:       84.000     7540.110     7541.110     7520.110     7540.110
  1270:       84.000     7504.000     7559.000     7494.000     7494.150
  1275:       85.000     7586.000     7661.000     7611.000     7616.650
  1280:       85.000     7631.650     7632.650     7611.650     7631.650
  1285:       85.000     7596.000     7651.000     7586.000     7586.150
  1290:       86.000     7674.000     7749.000     7699.000     7704.260
  1295:       86.000     7719.260     7720.260     7699.260     7719.260
  1300:       86.000     7684.000     7739.000     7674.000     7674.150
  1305:       87.000     7763.000     7838.000     7788.000     7794.160
  1310:       87.000     7809.160     7810.160     7789.160     7809.160
  1315:       87.000     7773.000     7828.000     7763.000     7763.150
  1320:       88.000     7852.000     7927.000     7877.000     7884.350
  1325:       88.000     7899.350     7900.350     7879.350     7899.350
  1330:       88.000     7862.000     7917.000     7852.000     7852.150
  1335:       89.000     7943.000     8018.000     7968.000     7973.470
  1340:       89.000     7988.470     7989.470     7968.470     7988.470
  1345:       89.000     7953.000     8008.000     7943.000     7943.150
  1350:       90.000     8032.000     8107.000     8057.000     8062.390
  1355:       90.000     8077.390     8078.390     8057.390     8077.390
  1360:       90.000     8042.000     8097.000     8032.000     8032.150
  1365:       91.000     8126.000     8201.000     8151.000     8156.320
  1370:       91.000     8171.320     8172.320     8151.320     8171.320
  1375:       91.000     8136.000     8191.000     8126.000     8126.150
  1380:       92.000     8213.000     8288.000     8238.000     8243.100
  1385:       92.000     8258.100     8259.100     8238.100     8258.100
  1390:       92.000     8223.000     8278.000     8213.000     8213.150
  1395:       93.000     8298.000     8373.000     8323.000     8328.720
  1400:       93.000     8343.720     8344.720     8323.720     8343.720
  1405:       93.000     8308.000     8363.000     8298.000     8298.150
  1410:       94.000     8390.000     8465.000     8415.000     8420.580
  1415:       94.000     8435.580     8436.580     8415.580     8435.580
  1420:       94.000     8400.000     8455.000     8390.000     8390.150
  1425:       95.000     8482.000     8557.000     8507.000     8512.340
  1430:       95.000     8527.340     8528.340     8507.340     8527.340
  1435:       95.000     8492.000     8547.000     8482.000     8482.150
  1440:       96.000     8569.000     8644.000     8594.000     8599.590
  1445:       96.000     8614.590     8615.590     8594.590     8614.590
  1450:       96.000     8579.000     8634.000     8569.000     8569.150
  1455:       97.000     8659.000     8734.000     8684.000     8692.780
  1460:       97.000     8707.780     8708.780     8687.780     8707.780
  1465:       97.000     8669.000     8724.000     8659.000     8659.150
  1470:       98.000     8744.000     8819.000     8769.000     8776.170
  1475:       98.000     8791.170     8792.170     8771.170     8791.170
  1480:       98.000     8754.000     8809.000     8744.000     8744.150
  1485:       99.000     8834.000     8909.000     8859.000     8864.270
  1490:       99.000     8879.270     8880.270     8859.270     8879.270
  1495:       99.000     8844.000     8899.000     8834.000     8834.150
  1500:      100.000     8925.000     9000.000     8950.000     8955.690
  1505:      100.000     8970.690     8971.690     8950.690     8970.690
  1510:      100.000     8935.000     8990.000     8925.000     8925.150
F:
     0:       50.230       52.480       55.650       65.160       65.240
     5:       65.350       70.240      127.400      127.770      127.880
    10:      130.720      137.710      141.060      145.650      145.930
    15:      147.050      148.190      148.960      149.490      150.940
    20:      152.210      155.710      156.260      156.360      156.480
    25:      156.560      156.660      156.770      157.300      160.660
    30:      160.720      168.800      168.880      168.980      205.470
    35:      207.190      209.730      212.960      231.010      232.500
    40:      240.290      245.920      246.750      254.300      313.660
    45:      314.290      316.410      317.210      317.640      319.080
    50:      320.490      320.730      322.090      322.130      323.870
    55:      325.540      326.490      327.420      331.490      331.820
    60:      397.750      409.040      410.150      412.440      413.170
    65:      413.690      414.780      415.000      417.940      419.720
    70:      422.750      427.510      427.660      428.740      432.390
    75:      432.440      476.890      481.910      482.150      488.890
    80:      493.000      493.880      495.020      495.220      496.100
    85:      497.070      497.240      499.010      499.050      499.780
    90:      500.140      501.340      501.770      502.840      507.790
    95:      507.910      511.710      566.670      571.000      573.410
   100:      583.030      584.450      586.080      587.850      588.440
   105:      590.040      590.530      591.080      591.210      591.450
   110:      591.490      591.990      594.040      595.330      595.370
   115:      595.390      595.540      596.230      601.410      602.170
   120:      610.780      615.610      655.010      657.200      660.620
   125:      661.560      675.700      677.370      678.630      680.710
   130:      681.690      682.150      682.280      682.430      683.170
   135:      685.840      685.880      742.340      742.410      742.970
   140:      762.470      762.930      764.150      768.400      770.750
   145:      778.530      779.700      780.700      781.010      790.050
   150:      854.890      857.560      857.700      858.610      872.130
   155:      872.200      873.650      874.840      875.500      877.300
   160:      877.470      880.960      936.950      944.710      944.830
   165:      944.940      945.520      946.670      947.430      947.480
   170:      955.660      955.810      957.620      957.780      963.060
   175:      963.280      963.370      963.490      964.460      964.810
   180:      968.410      968.530      968.920      969.380      970.440
   185:      971.240      972.230      972.630      973.980      976.280
   190:      976.330     1022.100     1023.700     1024.870     1024.950
   195:     1025.320     1026.330     1027.960     1029.510     1037.890
   200:     1039.510     1039.830     1039.890     1041.510     1042.020
   205:     1052.080     1057.350     1060.440     1127.230     1128.340
   210:     1128.650     1128.980     1129.390     1129.810     1130.060
   215:     1130.090     1133.010     1134.150     1134.980     1136.410
   220:     1137.650     1140.520     1144.960     1147.860     1149.430
   225:     1149.610     1193.510     1194.470     1194.630     1194.660
   230:     1195.240     1196.750     1197.680     1197.710     1198.130
   235:     1198.340     1199.600     1201.600     1202.690     1202.810
   240:     1203.060     1203.130     1204.750     1204.780     1217.040
   245:     1218.170     1218.980     1219.570     1219.800     1222.000
   250:     1228.080     1231.640     1237.510     1238.300     1285.780
   255:     1295.350     1310.160     1313.890     1315.980     1316.140
   260:     1316.240     1316.990     1317.090     1317.850     1318.080
   265:     1318.260     1320.660     1320.990     1321.110     1321.950
   270:     1322.520     1336.330     1379.290     1380.470     1380.610
   275:     1382.000     1382.460     1382.660     1383.650     1383.810
   280:     1383.960     1384.480     1384.650     1386.060     1387.140
   285:     1387.260     1388.070     1395.150     1396.250     1397.500
   290:     1397.820     1398.210     1398.250     1399.160     1399.230
   295:     1399.290     1399.790     1400.110     1400.170     1400.280
   300:     1400.460     1401.720     1401.950     1402.230     1403.180
   305:     1403.270     1404.670     1404.710     1406.310     1407.760
   310:     1407.810     1408.400     1412.140     1412.890     1483.720
   315:     1485.480     1485.990     1486.450     1486.910     1487.320
   320:     1487.680     1490.560     1490.690     1491.650     1492.910
   325:     1493.440     1493.540     1493.930     1494.340     1502.920
   330:     1551.820     1551.950     1552.660     1552.820     1553.050
   335:     1556.350     1574.590     1575.280     1576.310     1577.480
   340:     1577.820     1579.130     1580.360     1582.730     1585.070
   345:     1644.750     1663.770     1665.500     1667.050     1667.160
   350:     1670.000     1670.030     1671.810     1674.480     1674.890
   355:     1675.120     1675.260     1675.440     1682.580     1682.710
   360:     1746.420     1755.660     1755.740     1755.900     1756.880
   365:     1757.940     1758.170     1758.880     1758.890     1759.290
   370:     1759.350     1759.930     1760.460     1760.790     1760.960
   375:     1764.390     1764.480     1764.520     1765.500     1765.660
   380:     1766.800     1767.530     1767.560     1772.480     1777.370
   385:     1835.710     1846.580     1848.700     1850.050     1850.280
   390:     1850.870     1851.470     1851.540     1851.890     1851.980
   395:     1852.210     1852.670     1856.640     1859.150     1859.410
   400:     1940.500     1941.180     1941.760     1942.390     1943.420
   405:     1943.490     1943.910     1944.050     1944.780     1945.410
   410:     1945.510     1945.660     1946.470     1946.570     1946.750
   415:     1946.860     1948.140     1954.210     1954.290     1954.370
   420:     1956.420     1957.910     1962.120     1962.250     1963.470
   425:     1967.290     1967.690     1967.810     1967.840     1969.030
   430:     1969.080     1969.500     1970.790     2016.300     2025.440
   435:     2025.490     2025.710     2025.870     2026.300     2027.320
   440:     2027.580     2027.840     2027.910     2028.450     2028.610
   445:     2033.570     2034.070     2034.350     2034.510     2039.160
   450:     2039.240     2046.250     2049.240     2051.300     2051.980
   455:     2052.510     2053.000     2053.160     2053.230     2054.250
   460:     2056.630     2115.970     2117.030     2117.470     2118.170
   465:     2118.640     2118.780     2118.830     2119.630     2121.380
   470:     2123.160     2123.430     2124.820     2127.040     2127.590
   475:     2128.380     2133.880     2134.030     2134.080     2134.170
   480:     2134.280     2134.420     2137.320     2140.100     2140.780
   485:     2193.550     2207.540     2209.590     2209.650     2210.180
   490:     2211.220     2211.790     2211.910     2212.520     2212.700
   495:     2212.720     2212.850     2213.870     2214.610     2214.800
   500:     2215.540     2215.770     2216.270     2218.260     2225.900
   505:     2226.410     2227.320     2273.010     2273.600     2274.660
   510:     2275.260     2275.520     2276.540     2276.750     2278.920
   515:     2293.120     2294.360     2297.180     2298.240     2300.420
   520:     2303.020     2303.110     2304.070     2309.010     2310.310
   525:     2310.570     2310.690     2310.780     2310.900     2322.570
   530:     2368.180     2382.310     2383.280     2384.080     2384.610
   535:     2384.810     2385.680     2387.330     2387.450     2387.540
   540:     2387.950     2388.160     2388.880     2388.980     2390.190
   545:     2390.320     2392.800     2393.920     2398.660     2399.040
   550:     2400.430     2464.650     2475.450     2479.020     2481.390
   555:     2481.790     2483.030     2483.410     2484.510     2484.660
   560:     2485.210     2489.600     2492.830     2493.840     2494.430
   565:     2553.670     2554.260     2567.720     2569.470     2569.490
   570:     2569.980     2570.290     2570.480     2573.860     2573.910
   575:     2587.500     2629.670     2650.340     2652.940     2654.000
   580:     2656.450     2658.340     2658.510     2722.780     2723.450
   585:     2723.710     2724.270     2724.620     2742.420     2743.090
   590:     2744.570     2745.700     2745.790     2746.360     2746.570
   595:     2746.770     2747.120     2747.420     2747.930     2748.460
   600:     2748.580     2748.850     2749.070     2749.140     2758.520
   605:     2758.620     2758.800     2765.430     2765.510     2765.530
   610:     2767.650     2770.030     2771.200     2835.540     2838.900
   615:     2839.720     2840.800     2842.000     2842.330     2842.480
   620:     2842.550     2843.210     2843.300     2843.420     2849.390
   625:     2902.900     2903.010     2923.520     2924.610     2924.630
   630:     2925.130     2925.690     2926.180     2928.600     2940.710
   635:     2941.020     2942.480     2944.960     2945.300     2945.590
   640:     2947.100     2947.150     2947.190     2947.430     2949.950
   645:     2950.040     2950.440     2950.640     3005.750     3014.890
   650:     3015.820     3016.000     3016.410     3016.630     3016.930
   655:     3018.020     3018.080     3018.670     3018.930     3026.340
   660:     3026.390     3026.940     3031.120     3033.040     3106.050
   665:     3106.680     3106.820     3106.840     3107.080     3107.100
   670:     3107.210     3108.170     3108.340     3108.460     3108.910
   675:     3109.060     3109.170     3109.660     3110.020     3115.480
   680:     3117.580     3117.930     3118.140     3121.770     3195.180
   685:     3196.030     3196.800     3196.990     3197.950     3198.830
   690:     3199.090     3199.230     3201.570     3202.400     3202.430
   695:     3288.490     3289.450     3289.890     3291.580     3292.420
   700:     3292.620     3292.830     3292.940     3293.110     3293.160
   705:     3294.080     3294.360     3295.220     3295.550     3295.610
   710:     3295.770     3295.830     3299.380     3305.450     3305.680
   715:     3305.790     3306.340     3358.170     3362.580     3365.120
   720:     3366.380     3366.970     3367.090     3367.920     3367.940
   725:     3367.990     3368.060     3368.530     3368.640     3370.760
   730:     3372.320     3372.390     3372.860     3380.270     3381.340
   735:     3381.620     3381.710     3383.660     3383.740     3383.850
   740:     3383.940     3384.260     3384.560     3385.120     3385.290
   745:     3470.270     3475.330     3475.980     3478.720     3479.410
   750:     3479.430     3479.720     3480.260     3480.770     3480.910
   755:     3481.010     3481.110     3481.740     3485.590     3485.680
   760:     3486.190     3486.340     3486.980     3487.190     3487.430
   765:     3487.560     3490.200     3557.170     3559.170     3559.890
   770:     3561.600     3562.620     3562.820     3562.950     3563.490
   775:     3563.720     3563.870     3563.970     3564.390     3564.410
   780:     3564.440     3565.170     3565.250     3573.590     3574.960
   785:     3575.060     3575.220     3576.510     3651.470     3652.270
   790:     3652.580     3652.670     3652.710     3653.180     3653.290
   795:     3653.410     3653.620     3653.750     3654.620     3654.690
   800:     3664.490     3724.750     3728.620     3735.660     3735.980
   805:     3736.810     3737.120     3737.210     3737.340     3737.570
   810:     3737.690     3737.830     3737.920     3738.110     3739.440
   815:     3739.630     3739.720     3739.810     3739.970     3740.330
   820:     3740.470     3740.680     3741.660     3741.800     3741.930
   825:     3748.960     3749.990     3805.060     3805.260     3824.440
   830:     3825.290     3825.410     3826.640     3827.310     3827.470
   835:     3827.590     3827.860     3828.110     3828.500     3828.520
   840:     3828.940     3829.200     3829.760     3829.970     3830.110
   845:     3830.240     3830.550     3832.300     3832.500     3832.560
   850:     3833.020     3833.080     3833.300     3833.540     3833.630
   855:     3836.020     3836.190     3838.310     3843.760     3843.890
   860:     3848.160     3916.350     3916.810     3917.000     3917.240
   865:     3918.780     3918.850     3919.270     3919.410     3919.600
   870:     3919.880     3920.010     3921.100     3921.230     3921.370
   875:     3921.690     3922.530     3922.710     3923.050     3923.310
   880:     3923.750     3923.890     3924.710     3931.120     3931.270
   885:     3931.360     4000.710     4002.290     4002.940     4003.200
   890:     4004.270     4008.290     4009.290     4009.430     4009.690
   895:     4009.930     4010.190     4010.430     4010.560     4010.690
   900:     4017.610     4018.130     4018.360     4018.760     4018.960
   905:     4019.030     4022.640     4086.170     4095.510     4100.220
   910:     4105.100     4106.600     4106.770     4107.450     4107.630
   915:     4107.960     4108.800     4109.010     4109.330     4112.620
   920:     4113.120     4113.190     4114.170     4187.270     4194.640
   925:     4195.040     4195.200     4201.080     4201.790     4276.850
   930:     4277.760     4278.360     4278.990     4281.070     4281.980
   935:     4282.380     4291.820     4293.350     4293.500     4293.630
   940:     4366.730     4367.270     4368.490     4369.150     4369.200
   945:     4369.850     4370.440     4371.320     4371.780     4371.930
   950:     4372.230     4372.320     4372.890     4373.380     4373.430
   955:     4376.900     4377.030     4438.380     4443.420     4458.690
   960:     4459.760     4460.610     4461.190     4461.250     4462.280
   965:     4462.960     4462.990     4463.310     4465.840     4469.840
   970:     4470.070     4530.760     4530.840     4530.990     4558.110
   975:     4559.250     4559.670     4560.200     4560.450     4563.660
   980:     4564.190     4564.270     4564.670     4629.360     4629.870
   985:     4642.970     4644.330     4644.680     4645.010     4645.230
   990:     4645.490     4645.990     4656.090     4656.280     4656.340
   995:     4660.980     4661.610     4708.080     4708.210     4709.460
  1000:     4713.680     4713.860     4717.540     4717.750     4718.870
  1005:     4728.520     4743.720     4746.090     4746.310     4748.500
  1010:     4749.340     4749.910     4753.630     4753.800     4754.340
  1015:     4828.660     4829.050     4829.910     4830.040     4830.170
  1020:     4830.320     4832.730     4833.330     4833.560     4833.960
  1025:     4837.250     4909.860     4911.860     4912.790     4913.020
  1030:     4913.540     4914.090     4914.810     4914.920     4915.020
  1035:     4915.300     4915.560     4915.850     4915.900     4916.250
  1040:     4916.730     4916.890     4917.010     4917.250     4917.340
  1045:     4918.650     4923.200     4923.400     4926.640     4926.800
  1050:     4927.050     4988.680     4988.970     4989.760     4990.240
  1055:     5004.380     5004.510     5004.580     5004.800     5005.320
  1060:     5005.760     5006.510     5006.710     5007.470     5007.560
  1065:     5007.950     5008.090     5008.390     5008.690     5014.980
  1070:     5015.080     5020.890     5021.120     5021.250     5097.260
  1075:     5098.290     5098.950     5100.190     5100.200     5100.650
  1080:     5100.770     5100.830     5105.050     5105.100     5105.690
  1085:     5105.820     5107.020     5107.220     5107.370     5108.080
  1090:     5108.300     5108.470     5108.730     5108.910     5181.800
  1095:     5188.910     5189.590     5189.790     5190.820     5190.990
  1100:     5191.030     5191.610     5191.850     5192.210     5192.790
  1105:     5193.190     5193.210     5193.390     5194.570     5196.820
  1110:     5197.000     5198.520     5198.900     5199.560     5199.650
  1115:     5199.760     5201.360     5201.670     5201.810     5202.160
  1120:     5202.260     5202.290     5202.530     5205.470     5205.570
  1125:     5205.670     5206.050     5206.500     5277.030     5277.430
  1130:     5281.670     5282.870     5283.180     5283.320     5284.680
  1135:     5284.780     5284.900     5285.070     5285.630     5285.800
  1140:     5286.050     5286.230     5286.260     5286.360     5286.530
  1145:     5288.000     5288.050     5288.110     5295.590     5360.040
  1150:     5371.250     5373.900     5374.660     5375.240     5376.770
  1155:     5378.310     5378.540     5378.660     5378.830     5378.960
  1160:     5380.040     5380.280     5380.460     5380.580     5381.190
  1165:     5381.210     5460.550     5460.890     5461.910     5462.870
  1170:     5463.170     5463.490     5463.640     5464.620     5464.740
  1175:     5465.570     5465.620     5467.620     5467.720     5469.280
  1180:     5469.340     5477.580     5546.920     5548.990     5549.070
  1185:     5549.360     5550.060     5550.320     5550.840     5550.970
  1190:     5553.390     5553.520     5553.860     5553.920     5556.840
  1195:     5559.990     5623.230     5623.520     5636.380     5636.970
  1200:     5637.140     5638.600     5639.570     5639.740     5639.950
  1205:     5640.030     5641.110     5641.230     5641.670     5643.240
  1210:     5643.290     5646.310     5646.880     5648.490     5648.620
  1215:     5648.730     5729.340     5732.770     5736.180     5736.850
  1220:     5738.710     5739.470     5740.990     5741.200     5741.670
  1225:     5741.890     5742.010     5742.340     5742.450     5750.290
  1230:     5821.920     5823.000     5824.060     5824.120     5825.150
  1235:     5825.260     5825.410     5825.450     5825.510     5826.940
  1240:     5827.160     5827.410     5827.560     5829.180     5838.700
  1245:     5910.620     5911.390     5911.600     5912.240     5912.600
  1250:     5912.890     5913.040     5913.910     5914.010     5914.390
  1255:     5915.390     5915.660     5915.730     5915.880     5916.200
  1260:     5916.280     5916.730     5916.970     5919.270     5919.650
  1265:     5919.780     5923.300     5923.400     5926.910     5927.030
  1270:     5929.720     6006.200     6009.970     6011.150     6011.810
  1275:     6012.160     6012.790     6013.050     6013.800     6014.240
  1280:     6014.250     6014.410     6014.720     6017.340     6017.420
  1285:     6070.950     6079.520     6080.360     6089.580     6090.050
  1290:     6091.680     6091.870     6092.440     6093.050     6093.130
  1295:     6093.320     6093.390     6093.550     6093.660     6093.750
  1300:     6096.360     6096.460     6097.120     6097.300     6097.380
  1305:     6097.570     6097.790     6097.900     6098.040     6098.120
  1310:     6098.290     6098.430     6098.520     6098.810     6099.080
  1315:     6099.220     6099.290     6101.330     6101.460     6172.940
  1320:     6179.390     6179.920     6181.100     6181.820     6182.030
  1325:     6182.180     6183.450     6183.480     6183.630     6183.700
  1330:     6183.760     6184.580     6184.730     6184.800     6184.900
  1335:     6185.040     6185.270     6185.290     6191.550     6191.660
  1340:     6192.930     6193.000     6193.070     6270.810     6271.080
  1345:     6271.480     6273.260     6274.960     6275.590     6275.750
  1350:     6276.060     6276.390     6276.860     6277.020     6277.250
  1355:     6277.430     6277.460     6277.560     6277.700     6278.110
  1360:     6285.920     6291.020     6347.840     6347.990     6357.260
  1365:     6360.410     6361.340     6361.690     6361.980     6362.120
  1370:     6362.230     6362.510     6362.540     6362.900     6367.580
  1375:     6367.640     6436.080     6449.790     6450.570     6450.580
  1380:     6450.610     6450.880     6451.020     6451.440     6451.640
  1385:     6453.620     6453.820     6459.880     6459.900     6477.460
  1390:     6526.630     6527.450     6528.110     6528.260     6535.740
  1395:     6536.950     6538.070     6538.350     6538.460     6538.610
  1400:     6539.050     6539.180     6539.260     6540.450     6544.610
  1405:     6544.640     6544.730     6546.240     6548.270     6548.330
  1410:     6548.650     6553.050     6553.490     6556.990     6628.870
  1415:     6630.870     6632.020     6632.070     6632.960     6633.060
  1420:     6633.410     6633.580     6636.130     6636.410     6636.490
  1425:     6636.760     6639.710     6642.100     6642.180     6697.630
  1430:     6716.330     6716.480     6716.770     6717.140     6717.180
  1435:     6719.040     6719.900     6720.140     6720.730     6720.770
  1440:     6721.100     6721.200     6721.510     6721.880     6722.020
  1445:     6722.970     6726.640     6726.680     6731.810     6732.000
  1450:     6732.090     6732.160     6732.360     6797.630     6807.850
  1455:     6809.080     6809.150     6809.540     6809.710     6810.590
  1460:     6811.190     6814.040     6814.410     6814.700     6814.880
  1465:     6814.990     6815.160     6822.950     6884.960     6904.920
  1470:     6906.420     6907.370     6908.340     6909.200     6911.670
  1475:     6911.710     6913.160     6913.330     6913.500     6913.580
  1480:     6917.190     6920.140     6920.250     6920.760     6979.920
  1485:     6980.290     6980.430     6981.050     6981.800     6982.940
  1490:     6982.990     6987.850     6989.320     6989.350     6990.080
  1495:     6990.260     6990.810     6991.200     6991.350     6991.490
  1500:     6992.310     7000.350     7002.010     7003.930     7004.670
  1505:     7005.720     7010.570     7010.670     7017.880     7019.090
  1510:     7019.230     7019.480     7019.750     7020.080     7023.980
  1515:     7081.710     7082.400     7082.530     7085.370     7086.190
  1520:     7087.110     7088.530     7088.680     7088.870     7089.090
  1525:     7089.270     7089.480     7089.560     7089.820     7090.090
  1530:     7090.650     7090.680     7091.050     7091.140     7096.040
  1535:     7097.750     7104.600     7105.030     7175.570     7176.420
  1540:     7176.570     7177.050     7177.480     7177.630     7177.770
  1545:     7178.200     7178.390     7178.640     7179.160     7179.470
  1550:     7179.740     7180.070     7180.300     7180.330     7180.580
  1555:     7180.770     7180.920     7181.440     7238.800     7258.950
  1560:     7259.520     7262.910     7264.420     7265.280     7265.500
  1565:     7265.620     7265.760     7265.820     7273.910     7274.070
  1570:     7275.680     7345.420     7350.320     7350.620     7350.920
  1575:     7351.350     7355.640     7356.280     7356.550     7362.560
  1580:     7364.330     7369.220     7437.330     7441.260     7442.510
  1585:     7442.810     7444.740     7444.970     7445.170     7445.560
  1590:     7445.600     7451.440     7455.650     7456.290     7509.990
  1595:     7512.650     7515.330     7515.410     7516.180     7516.500
  1600:     7525.770     7528.500     7533.450     7533.510     7533.640
  1605:     7534.530     7536.410     7543.160     7543.330     7543.460
  1610:     7545.790     7545.890     7618.920     7619.240     7619.790
  1615:     7620.270     7620.870     7620.910     7621.630     7621.680
  1620:     7621.780     7629.150     7638.140     7638.470     7707.760
  1625:     7708.230     7708.340     7708.380     7711.460     7712.880
  1630:     7712.970     7714.260     7714.470     7714.830     7715.230
  1635:     7715.450     7715.550     7716.500     7716.820     7778.090
  1640:     7795.160     7798.850     7801.340     7803.020     7806.300
  1645:     7816.950     7890.580     7894.790     7894.890     7895.220
  1650:     7896.300     7897.080     7897.310     7897.690     7897.800
  1655:     7902.700     7902.900     7902.950     7905.400     7906.500
  1660:     7907.070     7977.400     7979.470     7979.590     7979.740
  1665:     7992.800     8065.590     8066.580     8068.090     8070.140
  1670:     8070.510     8073.520     8073.720     8073.780     8076.930
  1675:     8080.090     8148.350     8157.460     8157.810     8158.650
  1680:     8158.670     8158.960     8160.150     8161.160     8162.250
  1685:     8165.990     8166.210     8167.170     8167.500     8168.610
  1690:     8168.810     8168.930     8169.220     8169.600     8174.690
  1695:     8175.390     8175.490     8176.280     8178.570     8179.240
  1700:     8182.030     8256.080     8261.460     8321.070     8321.700
  1705:     8322.620     8335.140     8338.430     8339.420     8339.590
  1710:     8339.650     8340.430     8340.540     8341.080     8342.040
  1715:     8342.550     8342.580     8342.740     8342.780     8346.070
  1720:     8352.530     8410.070     8414.570     8423.200     8423.870
  1725:     8424.300     8424.310     8424.880     8424.900     8425.960
  1730:     8426.410     8426.940     8427.000     8430.930     8431.570
  1735:     8431.640     8495.680     8519.330     8520.610     8521.290
  1740:     8522.250     8522.570     8523.440     8523.850     8523.920
  1745:     8525.090     8525.370     8525.440     8530.850     8530.990
  1750:     8531.370     8531.550     8531.760     8531.890     8532.560
  1755:     8601.390     8602.840     8604.950     8605.640     8605.890
  1760:     8606.530     8607.380     8607.910     8608.160     8608.950
  1765:     8609.270     8609.320     8613.460     8613.700     8617.560
  1770:     8617.630     8617.790     8618.080     8621.230     8703.380
  1775:     8705.190     8706.860     8706.930     8707.210     8707.400
  1780:     8711.480     8711.620     8714.770     8714.910     8779.930
  1785:     8782.680     8782.770     8783.800     8786.820     8787.440
  1790:     8787.850     8788.290     8788.910     8790.300     8868.640
  1795:     8869.630     8869.730     8870.030     8870.280     8870.760
  1800:     8873.420     8873.500     8882.070     8884.860     8958.540
  1805:     8959.130     8959.170     8959.570     8959.850     8959.950
  1810:     8960.550     8961.230     8961.380     8961.420     8961.560
  1815:     8961.790     8961.830     8961.890     8966.280     8966.430
  1820:     8967.930     8968.050     8970.070     8975.910
G:
     0:       89.370       89.420       96.520      172.960      176.620
     5:      177.140      178.750      180.350      186.390      275.800
    10:      276.480      372.060      452.360      463.300      464.790
    15:      527.360      527.610      531.880      532.740      532.940
    20:      544.030      616.030      616.160      616.410      630.770
    25:      632.410      636.040      638.620      640.460      642.050
    30:      642.260      646.510      707.860      708.250      708.910
    35:      735.410      736.800      736.980      809.610      831.410
    40:     1183.950     1184.700     1185.520     1186.100     1186.320
    45:     1187.420     1187.960     1188.000     1189.190     1189.440
    50:     1189.620     1190.500     1190.560     1191.080     1191.460
    55:     1192.880     1255.850     1255.920     1256.080     1257.490
    60:     1257.620     1258.430     1258.490     1259.030     1259.880
    65:     1261.540     1262.980     1263.290     1266.870     1267.120
    70:     1272.590     1274.000     1277.180     1279.720     1281.040
    75:     1281.230     1281.320     1340.430     1340.980     1343.130
    80:     1343.630     1343.860     1344.030     1345.140     1433.530
    85:     1433.810     1454.040     1515.240     1515.340     1538.150
    90:     1540.380     1540.550     1540.580     1540.880     1541.450
    95:     1541.850     1545.290     1545.870     1546.000     1546.070
   100:     1621.500     1623.070     1623.280     1624.160     1624.320
   105:     1625.010     1625.050     1633.930     1706.370     1707.370
   110:     1731.030     1732.850     1886.870     1887.260     1896.200
   115:     1972.070     2079.610     2180.920     2268.270     2268.280
   120:     2349.740     2349.960     2350.080     2350.250     2350.460
   125:     2353.100     2422.530     2424.500     2427.190     2697.510
   130:     2697.520     2781.500     3060.080     3067.480     3067.720
   135:     3068.070     3068.140     3068.410     3068.910     3069.130
   140:     3069.270     3069.530     3166.580     3503.730     3504.300
   145:     3798.080     3968.820     3969.100     4244.280     4251.500
   150:     4697.760     4699.230     4701.100     4703.700     4704.090
   155:     4705.110     4705.960     4706.320     4706.920     4707.360
   160:     4707.710     4707.880     4765.380     4873.840     4875.750
   165:     4875.920     4876.050     4876.570     4876.720     4877.150
   170:     4877.330     4877.350     4877.510     4878.350     4878.530
   175:     4878.640     4878.750     4879.620     4880.000     4880.900
   180:     4881.000     4882.550     4882.670     4883.080     4883.270
   185:     4884.470     4884.600     4884.680     4966.690     4966.770
   190:     5136.770     5136.930     5166.820     5247.410     5247.650
   195:     5342.590     5590.850     5594.530     5863.790     5974.090
   200:     6055.800     6152.360     6157.310     6231.890     6232.140
   205:     6583.820     6671.720     6671.830     6850.700     6967.890
   210:     6967.990     6968.260     7057.300     7216.830     7501.750
   215:     7502.680     7502.930     7502.980     8820.370     8820.550
   220:     8930.460     8934.660
H:
     0:     1268.520     1270.180     1271.810     4405.830
I:
K:
L:
     0:       43.810       45.550      131.870      133.120      133.870
     5:      135.670      221.130      224.400      307.900      308.370
    10:      309.960      310.780      312.150      402.080      404.300
    15:      406.170      483.140      485.640      487.540      576.480
    20:      577.790      579.700      580.940      666.400      667.890
    25:      669.630      755.380      756.300      757.170      759.260
    30:      847.230      847.860      848.910      938.860      941.180
    35:     1043.660     1044.830     1045.090     1045.950     1047.850
    40:     1120.270     1121.360     1122.820     1124.740     1208.040
    45:     1208.500     1210.350     1298.200     1298.330     1299.740
    50:     1300.560     1301.310     1388.870     1391.620     1476.040
    55:     1476.280     1477.340     1477.940     1478.380     1478.620
    60:     1479.390     1479.820     1479.880     1565.360     1566.040
    65:     1566.740     1567.810     1568.810     1656.240     1657.660
    70:     1658.990     1748.230     1748.960     1749.670     1752.800
    75:     1839.210     1839.940     1840.390     1841.440     1931.180
    80:     1931.340     1932.790     1934.840     1935.990     2019.690
    85:     2020.830     2022.660     2023.910     2109.210     2109.990
    90:     2111.360     2112.330     2113.110     2200.330     2200.720
    95:     2201.890     2205.060     2287.070     2287.310     2288.420
   100:     2290.400     2291.570     2375.140     2375.270     2375.710
   105:     2377.680     2377.820     2378.600     2379.880     2466.310
   110:     2467.210     2467.900     2469.920     2470.820     2556.180
   115:     2557.160     2561.060     2643.430     2643.730     2645.120
   120:     2647.810     2735.730     2735.850     2736.460     2736.590
   125:     2738.760     2827.250     2827.450     2828.300     2828.700
   130:     2916.450     2917.320     2918.050     2920.440     3007.210
   135:     3098.240     3098.940     3099.280     3100.160     3187.800
   140:     3189.300     3281.180     3281.320     3282.330     3283.010
   145:     3283.340     3284.920     3374.460     3376.020     3378.060
   150:     3378.660     3462.160     3462.500     3462.910     3463.930
   155:     3464.140     3464.360     3466.440     3466.670     3550.980
   160:     3552.190     3553.260     3554.630     3640.240     3644.590
   165:     3729.690     3730.770     3730.910     3731.330     3733.710
   170:     3734.260     3734.470     3818.640     3818.950     3820.130
   175:     3821.060     3907.210     3907.820     3912.090     3994.640
   180:     3998.050     4089.100     4089.260     4089.810     4090.340
   185:     4092.290     4177.650     4178.300     4268.470     4268.880
   190:     4269.280     4357.640     4359.420     4446.170     4446.690
   195:     4540.180     4541.750     4541.960     4632.820     4632.970
   200:     4636.310     4734.370     4735.140     4735.430     4736.920
   205:     4738.050     4813.620     4815.930     4816.160     4817.840
   210:     4903.420     4904.530     4907.660     4996.430     4997.040
   215:     4997.530     5000.630     5089.530     5090.250     5093.160
   220:     5182.710     5185.270     5185.860     5186.050     5271.180
   225:     5271.720     5272.330     5273.230     5362.230     5363.300
   230:     5366.590     5449.930     5450.720     5451.510     5452.660
   235:     5536.720     5537.340     5538.590     5539.310     5540.620
   240:     5541.280     5630.620     5631.260     5631.500     5632.390
   245:     5723.430     5724.090     5724.390     5725.390     5725.830
   250:     5725.930     5726.130     5727.840     5812.590     5812.900
   255:     5813.290     5903.550     5907.040     5907.480     5907.540
   260:     5994.430     5994.740     5995.070     5997.470     6083.110
   265:     6083.430     6083.540     6084.350     6086.340     6173.660
   270:     6176.770     6178.150     6261.790     6266.410     6349.120
   275:     6350.560     6353.160     6353.840     6441.250     6442.300
   280:     6443.280     6443.540     6443.710     6529.800     6532.560
   285:     6534.620     6619.870     6622.170     6623.220     6708.630
   290:     6711.500     6712.800     6799.200     6799.960     6801.210
   295:     6802.290     6893.760     6896.960     6898.380     6994.090
   300:     6994.210     6994.590     6994.750     6995.730     6997.320
   305:     6997.920     7074.310     7076.660     7077.780     7162.950
   310:     7164.530     7165.910     7166.280     7166.830     7167.110
   315:     7250.190     7250.740     7251.090     7251.460     7251.840
   320:     7338.690     7428.220     7428.710     7429.100     7431.320
   325:     7433.080     7520.110     7520.740     7522.540     7524.500
   330:     7611.650     7611.780     7612.730     7699.260     7699.720
   335:     7700.530     7700.990     7789.160     7791.500     7792.800
   340:     7793.040     7879.350     7880.760     7881.530     7968.470
   345:     7968.820     7969.380     8057.390     8151.320     8151.860
   350:     8238.100     8238.700     8239.280     8240.800     8241.110
   355:     8242.480     8242.930     8323.720     8325.350     8327.990
   360:     8328.280     8415.580     8415.840     8419.270     8507.340
   365:     8508.230     8510.250     8511.900     8594.590     8596.290
   370:     8597.970     8687.780     8688.570     8689.010     8691.790
   375:     8771.170     8771.470     8772.440     8774.160     8859.270
   380:     8859.790     8860.750     8862.660     8950.690     8952.470
   385:     8953.890     8954.350
M:
     0:       10.000       12.000       12.000       13.000       14.000
     5:       17.000       12.000       15.000       16.000       14.000
    10:       12.000       15.000       14.000       14.000       12.000
    15:       14.000       15.000       14.000       16.000       10.000
    20:       15.000       14.000       16.000       17.000       15.000
    25:       14.000       18.000       12.000       14.000       16.000
    30:       11.000       13.000       13.000       14.000       15.000
    35:       18.000       13.000       16.000       17.000       15.000
    40:       13.000       16.000       15.000       15.000       13.000
    45:       15.000       16.000       15.000       17.000       11.000
    50:       16.000       15.000       17.000       18.000       16.000
    55:       15.000       19.000       13.000       15.000       17.000
    60:       12.000       14.000       14.000       15.000       16.000
    65:       19.000       14.000       17.000       18.000       16.000
    70:       14.000       17.000       16.000       16.000       14.000
    75:       16.000       17.000       16.000       18.000       12.000
    80:       17.000       16.000       18.000       19.000       17.000
    85:       16.000       20.000       14.000       16.000       19.000
    90:       13.000       14.000       13.000       19.000       13.000
    95:       15.000       14.000       13.000       14.000
P:
     0:       63.810       64.310       64.810      151.870      152.370
     5:      152.870      241.130      241.630      242.130      327.900
    10:      328.400      328.900      422.080      422.580      423.080
    15:      503.140      503.640      504.140      596.480      596.980
    20:      597.480      686.400      686.900      687.400      775.380
    25:      775.880      776.380      867.230      867.730      868.230
    30:      958.860      959.360      959.860     1063.660     1064.160
    35:     1064.660     1140.270     1140.770     1141.270     1228.040
    40:     1228.540     1229.040     1318.200     1318.700     1319.200
    45:     1408.870     1409.370     1409.870     1496.040     1496.540
    50:     1497.040     1585.360     1585.860     1586.360     1676.240
    55:     1676.740     1677.240     1768.230     1768.730     1769.230
    60:     1859.210     1859.710     1860.210     1951.180     1951.680
    65:     1952.180     2039.690     2040.190     2040.690     2129.210
    70:     2129.710     2130.210     2220.330     2220.830     2221.330
    75:     2307.070     2307.570     2308.070     2395.140     2395.640
    80:     2396.140     2486.310     2486.810     2487.310     2576.180
    85:     2576.680     2577.180     2663.430     2663.930     2664.430
    90:     2755.730     2756.230     2756.730     2847.250     2847.750
    95:     2848.250     2936.450     2936.950     2937.450     3027.210
   100:     3027.710     3028.210     3118.240     3118.740     3119.240
   105:     3207.800     3208.300     3208.800     3301.180     3301.680
   110:     3302.180     3394.460     3394.960     3395.460     3482.160
   115:     3482.660     3483.160     3570.980     3571.480     3571.980
   120:     3660.240     3660.740     3661.240     3749.690     3750.190
   125:     3750.690     3838.640     3839.140     3839.640     3927.210
   130:     3927.710     3928.210     4014.640     4015.140     4015.640
   135:     4109.100     4109.600     4110.100     4197.650     4198.150
   140:     4198.650     4288.470     4288.970     4289.470     4377.640
   145:     4378.140     4378.640     4466.170     4466.670     4467.170
   150:     4560.180     4560.680     4561.180     4652.820     4653.320
   155:     4653.820     4754.370     4754.870     4755.370     4833.620
   160:     4834.120     4834.620     4923.420     4923.920     4924.420
   165:     5016.430     5016.930     5017.430     5109.530     5110.030
   170:     5110.530     5202.710     5203.210     5203.710     5291.180
   175:     5291.680     5292.180     5382.230     5382.730     5383.230
   180:     5469.930     5470.430     5470.930     5556.720     5557.220
   185:     5557.720     5650.620     5651.120     5651.620     5743.430
   190:     5743.930     5744.430     5832.590     5833.090     5833.590
   195:     5923.550     5924.050     5924.550     6014.430     6014.930
   200:     6015.430     6103.110     6103.610     6104.110     6193.660
   205:     6194.160     6194.660     6281.790     6282.290     6282.790
   210:     6369.120     6369.620     6370.120     6461.250     6461.750
   215:     6462.250     6549.800     6550.300     6550.800     6639.870
   220:     6640.370     6640.870     6728.630     6729.130     6729.630
   225:     6819.200     6819.700     6820.200     6913.760     6914.260
   230:     6914.760     7014.090     7014.590     7015.090     7094.310
   235:     7094.810     7095.310     7182.950     7183.450     7183.950
   240:     7270.190     7270.690     7271.190     7358.690     7359.190
   245:     7359.690     7448.220     7448.720     7449.220     7540.110
   250:     7540.610     7541.110     7631.650     7632.150     7632.650
   255:     7719.260     7719.760     7720.260     7809.160     7809.660
   260:     7810.160     7899.350     7899.850     7900.350     7988.470
   265:     7988.970     7989.470     8077.390     8077.890     8078.390
   270:     8171.320     8171.820     8172.320     8258.100     8258.600
   275:     8259.100     8343.720     8344.220     8344.720     8435.580
   280:     8436.080     8436.580     8527.340     8527.840     8528.340
   285:     8614.590     8615.090     8615.590     8707.780     8708.280
   290:     8708.780     8791.170     8791.670     8792.170     8879.270
   295:     8879.770     8880.270     8970.690     8971.190     8971.690
R:
     0:       43.810      131.870      221.130      307.900      402.080
     5:      483.140      576.480      666.400      755.380      847.230
    10:      938.860     1043.660     1120.270     1208.040     1298.200
    15:     1388.870     1476.040     1565.360     1656.240     1748.230
    20:     1839.210     1931.180     2019.690     2109.210     2200.330
    25:     2287.070     2375.140     2466.310     2556.180     2643.430
    30:     2735.730     2827.250     2916.450     3007.210     3098.240
    35:     3187.800     3281.180     3374.460     3462.160     3550.980
    40:     3640.240     3729.690     3818.640     3907.210     3994.640
    45:     4089.100     4177.650     4268.470     4357.640     4446.170
    50:     4540.180     4632.820     4734.370     4813.620     4903.420
    55:     4996.430     5089.530     5182.710     5271.180     5362.230
    60:     5449.930     5536.720     5630.620     5723.430     5812.590
    65:     5903.550     5994.430     6083.110     6173.660     6261.790
    70:     6349.120     6441.250     6529.800     6619.870     6708.630
    75:     6799.200     6893.760     6994.090     7074.310     7162.950
    80:     7250.190     7338.690     7428.220     7520.110     7611.650
    85:     7699.260     7789.160     7879.350     7968.470     8057.390
    90:     8151.320     8238.100     8323.720     8415.580     8507.340
    95:     8594.590     8687.780     8771.170     8859.270     8950.690
V:
W:
     0:        1.000        1.000        1.000        1.000        1.000
     5:        1.000        1.000        1.000        1.000        1.000
    10:        1.000        1.000        1.000        1.000        1.000
    15:        1.000        1.000        1.000        1.000        1.000
    20:        1.000        1.000        1.000        1.000        1.000
    25:        1.000        1.000        1.000        1.000        1.000
    30:        1.000        1.000        1.000        1.000        1.000
    35:        1.000        1.000        1.000        1.000        1.000
    40:        1.000        1.000        1.000        1.000        1.000
    45:        1.000        1.000        1.000        1.000        1.000
    50:        1.000        1.000        1.000        1.000        1.000
    55:        1.000        1.000        1.000        1.000        1.000
    60:        1.000        1.000        1.000        1.000        1.000
    65:        1.000        1.000        1.000        1.000        1.000
    70:        1.000        1.000        1.000        1.000        1.000
    75:        1.000        1.000        1.000        1.000        1.000
    80:        1.000        1.000        1.000        1.000        1.000
    85:        1.000        1.000        1.000        1.000        1.000
    90:        1.000        1.000        1.000        1.000        1.000
    95:        1.000        1.000        1.000        1.000        1.000
   100:        1.000        1.000        1.000        1.000        1.000
   105:        1.000        1.000        1.000        1.000        1.000
X:
     0:       15.000       15.150      104.000      104.150      195.000
     5:      195.150      281.000      281.150      370.000      370.150
    10:      457.000      457.150      551.000      551.150      641.000
    15:      641.150      730.000      730.150      822.000      822.150
    20:      913.000      913.150     1002.000     1002.150     1095.000
    25:     1095.150     1183.000     1183.150     1273.000     1273.150
    30:     1363.000     1363.150     1450.000     1450.150     1540.000
    35:     1540.150     1631.000     1631.150     1723.000     1723.150
    40:     1814.000     1814.150     1906.000     1906.150     1994.000
    45:     1994.150     2084.000     2084.150     2175.000     2175.150
    50:     2261.000     2261.150     2350.000     2350.150     2441.000
    55:     2441.150     2531.000     2531.150     2618.000     2618.150
    60:     2710.000     2710.150     2802.000     2802.150     2891.000
    65:     2891.150     2982.000     2982.150     3073.000     3073.150
    70:     3162.000     3162.150     3256.000     3256.150     3348.000
    75:     3348.150     3437.000     3437.150     3525.000     3525.150
    80:     3615.000     3615.150     3704.000     3704.150     3793.000
    85:     3793.150     3882.000     3882.150     3969.000     3969.150
    90:     4064.000     4064.150     4152.000     4152.150     4243.000
    95:     4243.150     4332.000     4332.150     4421.000     4421.150
   100:     4515.000     4515.150     4606.000     4606.150     4698.000
   105:     4698.150     4788.000     4788.150     4878.000     4878.150
   110:     4971.000     4971.150     5064.000     5064.150     5157.000
   115:     5157.150     5246.000     5246.150     5337.000     5337.150
   120:     5424.000     5424.150     5511.000     5511.150     5604.000
   125:     5604.150     5694.000     5694.150     5787.000     5787.150
   130:     5878.000     5878.150     5969.000     5969.150     6058.000
   135:     6058.150     6148.000     6148.150     6236.000     6236.150
   140:     6324.000     6324.150     6416.000     6416.150     6504.000
   145:     6504.150     6594.000     6594.150     6683.000     6683.150
   150:     6774.000     6774.150     6868.000     6868.150     6959.000
   155:     6959.150     7049.000     7049.150     7137.000     7137.150
   160:     7225.000     7225.150     7313.000     7313.150     7403.000
   165:     7403.150     7494.000     7494.150     7586.000     7586.150
   170:     7674.000     7674.150     7763.000     7763.150     7852.000
   175:     7852.150     7943.000     7943.150     8032.000     8032.150
   180:     8126.000     8126.150     8213.000     8213.150     8298.000
   185:     8298.150     8390.000     8390.150     8482.000     8482.150
   190:     8569.000     8569.150     8659.000     8659.150     8744.000
   195:     8744.150     8834.000     8834.150     8925.000     8925.150
Y:
Z:
     0:        0.000      100.000      387.000        0.000        4.000
     5:        0.000      300.000      200.000        0.000        0.000
    10:        0.000     1824.000      222.000        0.000        0.000
    15:        0.000
