File: C:\MED-PC IV\Data\Tarun\RM-B12_RM036\postBaseplate\R10\S02_R10_FR1_20s_100trials


Start Date: 06/24/17
End Date: 06/24/17
Subject: 10
Experiment: 0
Group: 0
Box: 1
Start Time:  8:58:43
End Time: 11:30:09
MSN: MiniScope_FR1-3p_100trials_05222017
A:       0.000
E:       0.000
J:     101.000
N:       0.000
O:       0.000
Q:       0.000
S:       0.000
T:    9016.000
U:       0.000
B:
     0:        0.000       10.000       10.000       15.000       20.000
     5:       20.000       20.000       10.000       16.000      100.000
    10:        1.000        3.000       15.000        0.010        1.000
    15:        0.000        0.000        5.000       20.000        5.000
C:
     0:      100.000       98.000      395.000        0.000        1.624
     5:        0.000      294.000       98.000        0.000        1.624
    10:        0.000     1511.000       25.000        0.000       15.020
    15:        1.000        1.000        3.000        0.000        3.940
    20:        1.000        3.000        1.000        0.000        3.940
    25:        1.000       12.000        3.000        0.000       17.000
    30:        2.000        1.000        4.000        0.000        1.830
    35:        2.000        3.000        1.000        0.000        1.830
    40:        2.000        8.000        0.000        0.000       17.000
    45:        3.000        1.000        4.000        0.000        2.010
    50:        3.000        3.000        1.000        0.000        2.010
    55:        3.000       18.000        0.000        0.000       19.000
    60:        4.000        1.000        4.000        0.000        0.520
    65:        4.000        3.000        1.000        0.000        0.520
    70:        4.000       15.000        2.000        0.000       13.000
    75:        5.000        1.000        5.000        0.000        0.290
    80:        5.000        3.000        1.000        0.000        0.290
    85:        5.000       18.000        0.000        0.000       14.000
    90:        6.000        1.000        2.000        0.000        0.750
    95:        6.000        3.000        1.000        0.000        0.750
   100:        6.000       18.000        0.000        0.000       13.000
   105:        7.000        1.000        5.000        0.000        0.150
   110:        7.000        3.000        1.000        0.000        0.150
   115:        7.000       10.000        0.000        0.000       14.000
   120:        8.000        1.000        3.000        0.000        0.810
   125:        8.000        3.000        1.000        0.000        0.810
   130:        8.000       11.000        0.000        0.000       13.000
   135:        9.000        1.000        4.000        0.000        0.580
   140:        9.000        3.000        1.000        0.000        0.580
   145:        9.000       12.000        0.000        0.000       14.000
   150:       10.000        1.000        6.000        0.000        0.330
   155:       10.000        3.000        1.000        0.000        0.330
   160:       10.000       10.000        0.000        0.000       16.000
   165:       11.000        1.000        4.000        0.000        0.220
   170:       11.000        3.000        1.000        0.000        0.220
   175:       11.000       12.000        0.000        0.000       19.000
   180:       12.000        1.000        6.000        0.000        0.500
   185:       12.000        3.000        1.000        0.000        0.500
   190:       12.000       16.000        0.000        0.000       14.000
   195:       13.000        1.000        5.000        0.000        0.730
   200:       13.000        3.000        1.000        0.000        0.730
   205:       13.000        9.000        0.000        0.000       19.000
   210:       14.000        1.000        6.000        0.000        0.230
   215:       14.000        3.000        1.000        0.000        0.230
   220:       14.000        7.000        0.000        0.000       14.000
   225:       15.000        1.000        6.000        0.000        0.930
   230:       15.000        3.000        1.000        0.000        0.930
   235:       15.000        8.000        0.000        0.000       16.000
   240:       16.000        1.000        4.000        0.000        0.940
   245:       16.000        3.000        1.000        0.000        0.940
   250:       16.000       18.000        1.000        0.000       16.000
   255:       17.000        1.000        4.000        0.000        0.390
   260:       17.000        3.000        1.000        0.000        0.390
   265:       17.000       31.000        4.000        0.000       14.000
   270:       18.000        1.000        4.000        0.000        0.190
   275:       18.000        3.000        1.000        0.000        0.190
   280:       18.000       22.000        0.000        0.000       13.000
   285:       19.000        1.000        3.000        0.000        1.150
   290:       19.000        3.000        1.000        0.000        1.150
   295:       19.000       18.000        0.000        0.000       16.000
   300:       20.000        1.000        7.000        0.000        0.190
   305:       20.000        3.000        1.000        0.000        0.190
   310:       20.000       18.000        0.000        0.000       12.000
   315:       21.000        1.000        5.000        0.000        0.210
   320:       21.000        3.000        1.000        0.000        0.210
   325:       21.000       17.000        0.000        0.000       16.000
   330:       22.000        1.000        3.000        0.000        0.820
   335:       22.000        3.000        1.000        0.000        0.820
   340:       22.000       12.000        0.000        0.000       15.000
   345:       23.000        1.000        6.000        0.000        0.820
   350:       23.000        3.000        1.000        0.000        0.820
   355:       23.000       20.000        0.000        0.000       12.000
   360:       24.000        1.000        5.000        0.000        0.540
   365:       24.000        3.000        1.000        0.000        0.540
   370:       24.000       29.000        0.000        0.000       17.000
   375:       25.000        1.000        6.000        0.000        0.800
   380:       25.000        3.000        1.000        0.000        0.800
   385:       25.000       24.000        0.000        0.000       16.000
   390:       26.000        1.000        5.000        0.000        0.620
   395:       26.000        3.000        1.000        0.000        0.620
   400:       26.000       21.000        0.000        0.000       16.000
   405:       27.000        1.000        2.000        0.000        0.230
   410:       27.000        3.000        1.000        0.000        0.230
   415:       27.000       27.000        0.000        0.000       19.000
   420:       28.000        1.000        1.000        0.000        5.110
   425:       28.000        3.000        1.000        0.000        5.110
   430:       28.000       11.000        0.000        0.000       15.000
   435:       29.000        1.000        4.000        0.000        0.670
   440:       29.000        3.000        1.000        0.000        0.670
   445:       29.000       17.000        0.000        0.000       18.000
   450:       30.000        1.000        1.000        0.000        0.790
   455:       30.000        3.000        1.000        0.000        0.790
   460:       30.000       13.000        0.000        0.000       14.000
   465:       31.000        1.000        3.000        0.000        1.010
   470:       31.000        3.000        1.000        0.000        1.010
   475:       31.000       10.000        0.000        0.000       15.000
   480:       32.000        1.000        6.000        0.000        0.120
   485:       32.000        3.000        1.000        0.000        0.120
   490:       32.000       23.000        0.000        0.000       14.000
   495:       33.000        1.000        3.000        0.000        1.080
   500:       33.000        3.000        1.000        0.000        1.080
   505:       33.000       13.000        0.000        0.000       16.000
   510:       34.000        1.000        4.000        0.000        0.150
   515:       34.000        3.000        1.000        0.000        0.150
   520:       34.000       12.000        0.000        0.000       16.000
   525:       35.000        1.000        3.000        0.000        0.160
   530:       35.000        3.000        1.000        0.000        0.160
   535:       35.000       21.000        0.000        0.000       15.000
   540:       36.000        1.000        4.000        0.000        0.390
   545:       36.000        3.000        1.000        0.000        0.390
   550:       36.000       26.000        0.000        0.000       16.000
   555:       37.000        1.000        4.000        0.000        0.760
   560:       37.000        3.000        1.000        0.000        0.760
   565:       37.000       22.000        1.000        0.000       17.000
   570:       38.000        1.000        3.000        0.000        2.800
   575:       38.000        3.000        1.000        0.000        2.800
   580:       38.000        9.000        0.000        0.000       12.000
   585:       39.000        1.000        1.000        0.000        0.520
   590:       39.000        3.000        1.000        0.000        0.520
   595:       39.000       11.000        0.000        0.000       14.000
   600:       40.000        1.000        4.000        0.000        0.150
   605:       40.000        3.000        1.000        0.000        0.150
   610:       40.000       30.000        0.000        0.000       16.000
   615:       41.000        1.000        4.000        0.000        0.170
   620:       41.000        3.000        1.000        0.000        0.170
   625:       41.000       23.000        0.000        0.000       14.000
   630:       42.000        1.000        4.000        0.000        0.130
   635:       42.000        3.000        1.000        0.000        0.130
   640:       42.000       21.000        0.000        0.000       14.000
   645:       43.000        1.000        7.000        0.000        0.390
   650:       43.000        3.000        1.000        0.000        0.390
   655:       43.000       18.000        0.000        0.000       14.000
   660:       44.000        1.000        4.000        0.000        0.470
   665:       44.000        3.000        1.000        0.000        0.470
   670:       44.000       32.000        0.000        0.000       17.000
   675:       45.000        1.000        6.000        0.000        0.190
   680:       45.000        3.000        1.000        0.000        0.190
   685:       45.000       25.000        0.000        0.000       13.000
   690:       46.000        1.000        4.000        0.000        0.570
   695:       46.000        3.000        1.000        0.000        0.570
   700:       46.000       25.000        0.000        0.000       17.000
   705:       47.000        1.000        3.000        0.000        1.560
   710:       47.000        3.000        1.000        0.000        1.560
   715:       47.000       11.000        0.000        0.000       15.000
   720:       48.000        1.000        5.000        0.000        0.100
   725:       48.000        3.000        1.000        0.000        0.100
   730:       48.000        2.000        0.000        0.000       11.000
   735:       49.000        1.000        3.000        0.000        1.510
   740:       49.000        3.000        1.000        0.000        1.510
   745:       49.000        9.000        0.000        0.000       14.000
   750:       50.000        1.000        1.000        0.000        2.300
   755:       50.000        3.000        1.000        0.000        2.300
   760:       50.000        9.000        0.000        0.000       15.000
   765:       51.000        1.000        5.000        0.000        2.220
   770:       51.000        3.000        1.000        0.000        2.220
   775:       51.000       15.000        0.000        0.000       17.000
   780:       52.000        1.000        5.000        0.000        2.410
   785:       52.000        3.000        1.000        0.000        2.410
   790:       52.000       10.000        0.000        0.000       15.000
   795:       53.000        1.000        2.000        0.000        1.450
   800:       53.000        3.000        1.000        0.000        1.450
   805:       53.000        5.000        0.000        0.000       17.000
   810:       54.000        1.000        4.000        0.000        0.970
   815:       54.000        3.000        1.000        0.000        0.970
   820:       54.000        5.000        0.000        0.000       16.000
   825:       55.000        1.000        2.000        0.000        2.270
   830:       55.000        3.000        1.000        0.000        2.270
   835:       55.000       25.000        1.000        0.000       18.000
   840:       56.000        1.000        5.000        0.000        0.130
   845:       56.000        3.000        1.000        0.000        0.130
   850:       56.000       18.000        0.000        0.000       13.000
   855:       57.000        1.000        5.000        0.000        0.710
   860:       57.000        3.000        1.000        0.000        0.710
   865:       57.000       13.000        0.000        0.000       14.000
   870:       58.000        1.000        5.000        0.000        0.120
   875:       58.000        3.000        1.000        0.000        0.120
   880:       58.000       18.000        1.000        0.000       14.000
   885:       59.000        1.000        7.000        0.000        0.180
   890:       59.000        3.000        1.000        0.000        0.180
   895:       59.000       14.000        0.000        0.000       14.000
   900:       60.000        1.000        3.000        0.000        0.170
   905:       60.000        3.000        1.000        0.000        0.170
   910:       60.000       11.000        0.000        0.000       13.000
   915:       61.000        1.000        6.000        0.000        0.450
   920:       61.000        3.000        1.000        0.000        0.450
   925:       61.000       17.000        0.000        0.000       13.000
   930:       62.000        1.000        4.000        0.000        0.180
   935:       62.000        3.000        1.000        0.000        0.180
   940:       62.000       19.000        0.000        0.000       15.000
   945:       63.000        1.000        3.000        0.000       17.980
   950:       63.000        3.000        1.000        0.000       17.980
   955:       63.000       20.000        1.000        0.000       15.000
   960:       64.000        1.000        5.000        0.000        2.920
   965:       64.000        3.000        1.000        0.000        2.920
   970:       64.000       14.000        0.000        0.000       15.000
   975:       65.000        1.000        3.000        0.000        1.440
   980:       65.000        3.000        1.000        0.000        1.440
   985:       65.000       20.000        0.000        0.000       14.000
   990:       66.000        1.000        4.000        0.000        1.630
   995:       66.000        3.000        1.000        0.000        1.630
  1000:       66.000       20.000        0.000        0.000       17.000
  1005:       67.000        1.000        3.000        0.000        1.100
  1010:       67.000        3.000        1.000        0.000        1.100
  1015:       67.000       11.000        0.000        0.000       12.000
  1020:       68.000        1.000        7.000        0.000        1.900
  1025:       68.000        3.000        1.000        0.000        1.900
  1030:       68.000       13.000        0.000        0.000       12.000
  1035:       69.000        1.000        5.000        0.000        1.020
  1040:       69.000        3.000        1.000        0.000        1.020
  1045:       69.000       17.000        0.000        0.000       15.000
  1050:       70.000        1.000        4.000        0.000        5.130
  1055:       70.000        3.000        1.000        0.000        5.130
  1060:       70.000       11.000        0.000        0.000       16.000
  1065:       71.000        1.000        4.000        0.000        3.090
  1070:       71.000        3.000        1.000        0.000        3.090
  1075:       71.000       13.000        0.000        0.000       12.000
  1080:       72.000        1.000        5.000        0.000        1.860
  1085:       72.000        3.000        1.000        0.000        1.860
  1090:       72.000       16.000        0.000        0.000       16.000
  1095:       73.000        1.000        4.000        0.000        1.040
  1100:       73.000        3.000        1.000        0.000        1.040
  1105:       73.000       16.000        0.000        0.000       18.000
  1110:       74.000        1.000        6.000        0.000        1.300
  1115:       74.000        3.000        1.000        0.000        1.300
  1120:       74.000       12.000        0.000        0.000       20.000
  1125:       75.000        1.000        5.000        0.000        0.210
  1130:       75.000        3.000        1.000        0.000        0.210
  1135:       75.000       14.000        0.000        0.000       15.000
  1140:       76.000        1.000        6.000        0.000        1.460
  1145:       76.000        3.000        1.000        0.000        1.460
  1150:       76.000       12.000        0.000        0.000       18.000
  1155:       77.000        1.000        5.000        0.000        0.730
  1160:       77.000        3.000        1.000        0.000        0.730
  1165:       77.000       11.000        0.000        0.000       10.000
  1170:       78.000        1.000        4.000        0.000        1.450
  1175:       78.000        3.000        1.000        0.000        1.450
  1180:       78.000       13.000        0.000        0.000       16.000
  1185:       79.000        1.000        6.000        0.000        0.910
  1190:       79.000        3.000        1.000        0.000        0.910
  1195:       79.000       13.000        2.000        0.000       15.000
  1200:       80.000        1.000        5.000        0.000        2.470
  1205:       80.000        3.000        1.000        0.000        2.470
  1210:       80.000       15.000        0.000        0.000       11.000
  1215:       81.000        1.000        4.000        0.000        1.800
  1220:       81.000        3.000        1.000        0.000        1.800
  1225:       81.000        9.000        0.000        0.000       15.000
  1230:       82.000        1.000        3.000        0.000        2.060
  1235:       82.000        3.000        1.000        0.000        2.060
  1240:       82.000       20.000        0.000        0.000       12.000
  1245:       83.000        1.000        5.000        0.000        0.170
  1250:       83.000        3.000        1.000        0.000        0.170
  1255:       83.000       16.000        0.000        0.000       13.000
  1260:       84.000        1.000        3.000        0.000        8.310
  1265:       84.000        3.000        1.000        0.000        8.310
  1270:       84.000       21.000        0.000        0.000       17.000
  1275:       85.000        0.000        0.000        0.000       20.000
  1280:       85.000        0.000        0.000        0.000       20.000
  1285:       85.000       11.000        4.000        0.000       14.000
  1290:       86.000        1.000        1.000        0.000        6.890
  1295:       86.000        3.000        1.000        0.000        6.890
  1300:       86.000       11.000        2.000        0.000       12.000
  1305:       87.000        1.000        2.000        0.000        8.690
  1310:       87.000        3.000        1.000        0.000        8.690
  1315:       87.000        8.000        0.000        0.000       18.000
  1320:       88.000        1.000        2.000        0.000        2.540
  1325:       88.000        3.000        1.000        0.000        2.540
  1330:       88.000        5.000        0.000        0.000       18.000
  1335:       89.000        1.000        4.000        0.000        2.320
  1340:       89.000        3.000        1.000        0.000        2.320
  1345:       89.000       14.000        0.000        0.000       19.000
  1350:       90.000        1.000        5.000        0.000        0.860
  1355:       90.000        3.000        1.000        0.000        0.860
  1360:       90.000       11.000        1.000        0.000       16.000
  1365:       91.000        1.000        5.000        0.000        0.740
  1370:       91.000        3.000        1.000        0.000        0.740
  1375:       91.000        8.000        0.000        0.000       13.000
  1380:       92.000        1.000        2.000        0.000       16.120
  1385:       92.000        3.000        1.000        0.000       16.120
  1390:       92.000       18.000        0.000        0.000       10.000
  1395:       93.000        1.000        2.000        0.000        0.180
  1400:       93.000        3.000        1.000        0.000        0.180
  1405:       93.000       16.000        0.000        0.000       14.000
  1410:       94.000        1.000        1.000        0.000        0.090
  1415:       94.000        3.000        1.000        0.000        0.090
  1420:       94.000        7.000        0.000        0.000       15.000
  1425:       95.000        1.000        2.000        0.000        0.680
  1430:       95.000        3.000        1.000        0.000        0.680
  1435:       95.000       12.000        0.000        0.000       15.000
  1440:       96.000        1.000        4.000        0.000        3.330
  1445:       96.000        3.000        1.000        0.000        3.330
  1450:       96.000       12.000        2.000        0.000       16.000
  1455:       97.000        0.000        0.000        0.000       20.000
  1460:       97.000        0.000        0.000        0.000       20.000
  1465:       97.000       17.000        0.000        0.000       13.000
  1470:       98.000        1.000        4.000        0.000        1.570
  1475:       98.000        3.000        1.000        0.000        1.570
  1480:       98.000        8.000        0.000        0.000       17.000
  1485:       99.000        1.000        3.000        0.000        0.160
  1490:       99.000        3.000        1.000        0.000        0.160
  1495:       99.000       10.000        0.000        0.000       16.000
  1500:      100.000        1.000        3.000        0.000        1.920
  1505:      100.000        3.000        1.000        0.000        1.920
  1510:      100.000       12.000        0.000        0.000       16.000
D:
     0:        0.000        0.000        0.000        0.000        0.000
     5:        0.000        0.000        0.000        0.000        0.000
    10:        0.000        0.000        0.000        0.000        0.000
    15:        1.000       15.000       90.000       40.000       48.940
    20:        1.000       63.940       64.940       43.940       63.940
    25:        1.000       25.000       80.000       15.000       15.150
    30:        2.000      107.000      182.000      132.000      138.830
    35:        2.000      153.830      154.830      133.830      153.830
    40:        2.000      117.000      172.000      107.000      107.150
    45:        3.000      199.000      274.000      224.000      231.010
    50:        3.000      246.010      247.010      226.010      246.010
    55:        3.000      209.000      264.000      199.000      199.150
    60:        4.000      293.000      368.000      318.000      323.520
    65:        4.000      338.520      339.520      318.520      338.520
    70:        4.000      303.000      358.000      293.000      293.150
    75:        5.000      381.000      456.000      406.000      411.290
    80:        5.000      426.290      427.290      406.290      426.290
    85:        5.000      391.000      446.000      381.000      381.150
    90:        6.000      470.000      545.000      495.000      500.750
    95:        6.000      515.750      516.750      495.750      515.750
   100:        6.000      480.000      535.000      470.000      470.150
   105:        7.000      558.000      633.000      583.000      588.150
   110:        7.000      603.150      604.150      583.150      603.150
   115:        7.000      568.000      623.000      558.000      558.150
   120:        8.000      647.000      722.000      672.000      677.810
   125:        8.000      692.810      693.810      672.810      692.810
   130:        8.000      657.000      712.000      647.000      647.150
   135:        9.000      735.000      810.000      760.000      765.580
   140:        9.000      780.580      781.580      760.580      780.580
   145:        9.000      745.000      800.000      735.000      735.150
   150:       10.000      824.000      899.000      849.000      854.330
   155:       10.000      869.330      870.330      849.330      869.330
   160:       10.000      834.000      889.000      824.000      824.150
   165:       11.000      915.000      990.000      940.000      945.220
   170:       11.000      960.220      961.220      940.220      960.220
   175:       11.000      925.000      980.000      915.000      915.150
   180:       12.000     1009.000     1084.000     1034.000     1039.500
   185:       12.000     1054.500     1055.500     1034.500     1054.500
   190:       12.000     1019.000     1074.000     1009.000     1009.150
   195:       13.000     1098.000     1173.000     1123.000     1128.730
   200:       13.000     1143.730     1144.730     1123.730     1143.730
   205:       13.000     1108.000     1163.000     1098.000     1098.150
   210:       14.000     1192.000     1267.000     1217.000     1222.230
   215:       14.000     1237.230     1238.230     1217.230     1237.230
   220:       14.000     1202.000     1257.000     1192.000     1192.150
   225:       15.000     1281.000     1356.000     1306.000     1311.930
   230:       15.000     1326.930     1327.930     1306.930     1326.930
   235:       15.000     1291.000     1346.000     1281.000     1281.150
   240:       16.000     1372.000     1447.000     1397.000     1402.940
   245:       16.000     1417.940     1418.940     1397.940     1417.940
   250:       16.000     1382.000     1437.000     1372.000     1372.150
   255:       17.000     1463.000     1538.000     1488.000     1493.390
   260:       17.000     1508.390     1509.390     1488.390     1508.390
   265:       17.000     1473.000     1528.000     1463.000     1463.150
   270:       18.000     1552.000     1627.000     1577.000     1582.190
   275:       18.000     1597.190     1598.190     1577.190     1597.190
   280:       18.000     1562.000     1617.000     1552.000     1552.150
   285:       19.000     1640.000     1715.000     1665.000     1671.150
   290:       19.000     1686.150     1687.150     1666.150     1686.150
   295:       19.000     1650.000     1705.000     1640.000     1640.150
   300:       20.000     1731.000     1806.000     1756.000     1761.190
   305:       20.000     1776.190     1777.190     1756.190     1776.190
   310:       20.000     1741.000     1796.000     1731.000     1731.150
   315:       21.000     1818.000     1893.000     1843.000     1848.210
   320:       21.000     1863.210     1864.210     1843.210     1863.210
   325:       21.000     1828.000     1883.000     1818.000     1818.150
   330:       22.000     1909.000     1984.000     1934.000     1939.820
   335:       22.000     1954.820     1955.820     1934.820     1954.820
   340:       22.000     1919.000     1974.000     1909.000     1909.150
   345:       23.000     1999.000     2074.000     2024.000     2029.820
   350:       23.000     2044.820     2045.820     2024.820     2044.820
   355:       23.000     2009.000     2064.000     1999.000     1999.150
   360:       24.000     2086.000     2161.000     2111.000     2116.540
   365:       24.000     2131.540     2132.540     2111.540     2131.540
   370:       24.000     2096.000     2151.000     2086.000     2086.150
   375:       25.000     2178.000     2253.000     2203.000     2208.800
   380:       25.000     2223.800     2224.800     2203.800     2223.800
   385:       25.000     2188.000     2243.000     2178.000     2178.150
   390:       26.000     2269.000     2344.000     2294.000     2299.620
   395:       26.000     2314.620     2315.620     2294.620     2314.620
   400:       26.000     2279.000     2334.000     2269.000     2269.150
   405:       27.000     2360.000     2435.000     2385.000     2390.230
   410:       27.000     2405.230     2406.230     2385.230     2405.230
   415:       27.000     2370.000     2425.000     2360.000     2360.150
   420:       28.000     2454.000     2529.000     2479.000     2489.110
   425:       28.000     2504.110     2505.110     2484.110     2504.110
   430:       28.000     2464.000     2519.000     2454.000     2454.150
   435:       29.000     2544.000     2619.000     2569.000     2574.670
   440:       29.000     2589.670     2590.670     2569.670     2589.670
   445:       29.000     2554.000     2609.000     2544.000     2544.150
   450:       30.000     2637.000     2712.000     2662.000     2667.790
   455:       30.000     2682.790     2683.790     2662.790     2682.790
   460:       30.000     2647.000     2702.000     2637.000     2637.150
   465:       31.000     2726.000     2801.000     2751.000     2757.010
   470:       31.000     2772.010     2773.010     2752.010     2772.010
   475:       31.000     2736.000     2791.000     2726.000     2726.150
   480:       32.000     2816.000     2891.000     2841.000     2846.120
   485:       32.000     2861.120     2862.120     2841.120     2861.120
   490:       32.000     2826.000     2881.000     2816.000     2816.150
   495:       33.000     2905.000     2980.000     2930.000     2936.080
   500:       33.000     2951.080     2952.080     2931.080     2951.080
   505:       33.000     2915.000     2970.000     2905.000     2905.150
   510:       34.000     2996.000     3071.000     3021.000     3026.150
   515:       34.000     3041.150     3042.150     3021.150     3041.150
   520:       34.000     3006.000     3061.000     2996.000     2996.150
   525:       35.000     3087.000     3162.000     3112.000     3117.160
   530:       35.000     3132.160     3133.160     3112.160     3132.160
   535:       35.000     3097.000     3152.000     3087.000     3087.150
   540:       36.000     3177.000     3252.000     3202.000     3207.390
   545:       36.000     3222.390     3223.390     3202.390     3222.390
   550:       36.000     3187.000     3242.000     3177.000     3177.150
   555:       37.000     3268.000     3343.000     3293.000     3298.760
   560:       37.000     3313.760     3314.760     3293.760     3313.760
   565:       37.000     3278.000     3333.000     3268.000     3268.150
   570:       38.000     3360.000     3435.000     3385.000     3392.800
   575:       38.000     3407.800     3408.800     3387.800     3407.800
   580:       38.000     3370.000     3425.000     3360.000     3360.150
   585:       39.000     3447.000     3522.000     3472.000     3477.520
   590:       39.000     3492.520     3493.520     3472.520     3492.520
   595:       39.000     3457.000     3512.000     3447.000     3447.150
   600:       40.000     3536.000     3611.000     3561.000     3566.150
   605:       40.000     3581.150     3582.150     3561.150     3581.150
   610:       40.000     3546.000     3601.000     3536.000     3536.150
   615:       41.000     3627.000     3702.000     3652.000     3657.170
   620:       41.000     3672.170     3673.170     3652.170     3672.170
   625:       41.000     3637.000     3692.000     3627.000     3627.150
   630:       42.000     3716.000     3791.000     3741.000     3746.130
   635:       42.000     3761.130     3762.130     3741.130     3761.130
   640:       42.000     3726.000     3781.000     3716.000     3716.150
   645:       43.000     3805.000     3880.000     3830.000     3835.390
   650:       43.000     3850.390     3851.390     3830.390     3850.390
   655:       43.000     3815.000     3870.000     3805.000     3805.150
   660:       44.000     3894.000     3969.000     3919.000     3924.470
   665:       44.000     3939.470     3940.470     3919.470     3939.470
   670:       44.000     3904.000     3959.000     3894.000     3894.150
   675:       45.000     3986.000     4061.000     4011.000     4016.190
   680:       45.000     4031.190     4032.190     4011.190     4031.190
   685:       45.000     3996.000     4051.000     3986.000     3986.150
   690:       46.000     4074.000     4149.000     4099.000     4104.570
   695:       46.000     4119.570     4120.570     4099.570     4119.570
   700:       46.000     4084.000     4139.000     4074.000     4074.150
   705:       47.000     4166.000     4241.000     4191.000     4197.560
   710:       47.000     4212.560     4213.560     4192.560     4212.560
   715:       47.000     4176.000     4231.000     4166.000     4166.150
   720:       48.000     4256.000     4331.000     4281.000     4286.100
   725:       48.000     4301.100     4302.100     4281.100     4301.100
   730:       48.000     4266.000     4321.000     4256.000     4256.150
   735:       49.000     4342.000     4417.000     4367.000     4373.510
   740:       49.000     4388.510     4389.510     4368.510     4388.510
   745:       49.000     4352.000     4407.000     4342.000     4342.150
   750:       50.000     4431.000     4506.000     4456.000     4463.300
   755:       50.000     4478.300     4479.300     4458.300     4478.300
   760:       50.000     4441.000     4496.000     4431.000     4431.150
   765:       51.000     4521.000     4596.000     4546.000     4553.220
   770:       51.000     4568.220     4569.220     4548.220     4568.220
   775:       51.000     4531.000     4586.000     4521.000     4521.150
   780:       52.000     4613.000     4688.000     4638.000     4645.410
   785:       52.000     4660.410     4661.410     4640.410     4660.410
   790:       52.000     4623.000     4678.000     4613.000     4613.150
   795:       53.000     4703.000     4778.000     4728.000     4734.450
   800:       53.000     4749.450     4750.450     4729.450     4749.450
   805:       53.000     4713.000     4768.000     4703.000     4703.150
   810:       54.000     4795.000     4870.000     4820.000     4825.970
   815:       54.000     4840.970     4841.970     4820.970     4840.970
   820:       54.000     4805.000     4860.000     4795.000     4795.150
   825:       55.000     4886.000     4961.000     4911.000     4918.270
   830:       55.000     4933.270     4934.270     4913.270     4933.270
   835:       55.000     4896.000     4951.000     4886.000     4886.150
   840:       56.000     4979.000     5054.000     5004.000     5009.130
   845:       56.000     5024.130     5025.130     5004.130     5024.130
   850:       56.000     4989.000     5044.000     4979.000     4979.150
   855:       57.000     5067.000     5142.000     5092.000     5097.710
   860:       57.000     5112.710     5113.710     5092.710     5112.710
   865:       57.000     5077.000     5132.000     5067.000     5067.150
   870:       58.000     5156.000     5231.000     5181.000     5186.120
   875:       58.000     5201.120     5202.120     5181.120     5201.120
   880:       58.000     5166.000     5221.000     5156.000     5156.150
   885:       59.000     5245.000     5320.000     5270.000     5275.180
   890:       59.000     5290.180     5291.180     5270.180     5290.180
   895:       59.000     5255.000     5310.000     5245.000     5245.150
   900:       60.000     5334.000     5409.000     5359.000     5364.170
   905:       60.000     5379.170     5380.170     5359.170     5379.170
   910:       60.000     5344.000     5399.000     5334.000     5334.150
   915:       61.000     5422.000     5497.000     5447.000     5452.450
   920:       61.000     5467.450     5468.450     5447.450     5467.450
   925:       61.000     5432.000     5487.000     5422.000     5422.150
   930:       62.000     5510.000     5585.000     5535.000     5540.180
   935:       62.000     5555.180     5556.180     5535.180     5555.180
   940:       62.000     5520.000     5575.000     5510.000     5510.150
   945:       63.000     5600.000     5675.000     5625.000     5647.980
   950:       63.000     5662.980     5663.980     5642.980     5662.980
   955:       63.000     5610.000     5665.000     5600.000     5600.150
   960:       64.000     5690.000     5765.000     5715.000     5722.920
   965:       64.000     5737.920     5738.920     5717.920     5737.920
   970:       64.000     5700.000     5755.000     5690.000     5690.150
   975:       65.000     5780.000     5855.000     5805.000     5811.440
   980:       65.000     5826.440     5827.440     5806.440     5826.440
   985:       65.000     5790.000     5845.000     5780.000     5780.150
   990:       66.000     5869.000     5944.000     5894.000     5900.630
   995:       66.000     5915.630     5916.630     5895.630     5915.630
  1000:       66.000     5879.000     5934.000     5869.000     5869.150
  1005:       67.000     5961.000     6036.000     5986.000     5992.100
  1010:       67.000     6007.100     6008.100     5987.100     6007.100
  1015:       67.000     5971.000     6026.000     5961.000     5961.150
  1020:       68.000     6048.000     6123.000     6073.000     6079.900
  1025:       68.000     6094.900     6095.900     6074.900     6094.900
  1030:       68.000     6058.000     6113.000     6048.000     6048.150
  1035:       69.000     6135.000     6210.000     6160.000     6166.020
  1040:       69.000     6181.020     6182.020     6161.020     6181.020
  1045:       69.000     6145.000     6200.000     6135.000     6135.150
  1050:       70.000     6225.000     6300.000     6250.000     6260.130
  1055:       70.000     6275.130     6276.130     6255.130     6275.130
  1060:       70.000     6235.000     6290.000     6225.000     6225.150
  1065:       71.000     6316.000     6391.000     6341.000     6349.090
  1070:       71.000     6364.090     6365.090     6344.090     6364.090
  1075:       71.000     6326.000     6381.000     6316.000     6316.150
  1080:       72.000     6403.000     6478.000     6428.000     6434.860
  1085:       72.000     6449.860     6450.860     6429.860     6449.860
  1090:       72.000     6413.000     6468.000     6403.000     6403.150
  1095:       73.000     6494.000     6569.000     6519.000     6525.040
  1100:       73.000     6540.040     6541.040     6520.040     6540.040
  1105:       73.000     6504.000     6559.000     6494.000     6494.150
  1110:       74.000     6587.000     6662.000     6612.000     6618.300
  1115:       74.000     6633.300     6634.300     6613.300     6633.300
  1120:       74.000     6597.000     6652.000     6587.000     6587.150
  1125:       75.000     6682.000     6757.000     6707.000     6712.210
  1130:       75.000     6727.210     6728.210     6707.210     6727.210
  1135:       75.000     6692.000     6747.000     6682.000     6682.150
  1140:       76.000     6772.000     6847.000     6797.000     6803.460
  1145:       76.000     6818.460     6819.460     6798.460     6818.460
  1150:       76.000     6782.000     6837.000     6772.000     6772.150
  1155:       77.000     6865.000     6940.000     6890.000     6895.730
  1160:       77.000     6910.730     6911.730     6890.730     6910.730
  1165:       77.000     6875.000     6930.000     6865.000     6865.150
  1170:       78.000     6950.000     7025.000     6975.000     6981.450
  1175:       78.000     6996.450     6997.450     6976.450     6996.450
  1180:       78.000     6960.000     7015.000     6950.000     6950.150
  1185:       79.000     7041.000     7116.000     7066.000     7071.910
  1190:       79.000     7086.910     7087.910     7066.910     7086.910
  1195:       79.000     7051.000     7106.000     7041.000     7041.150
  1200:       80.000     7131.000     7206.000     7156.000     7163.470
  1205:       80.000     7178.470     7179.470     7158.470     7178.470
  1210:       80.000     7141.000     7196.000     7131.000     7131.150
  1215:       81.000     7217.000     7292.000     7242.000     7248.800
  1220:       81.000     7263.800     7264.800     7243.800     7263.800
  1225:       81.000     7227.000     7282.000     7217.000     7217.150
  1230:       82.000     7307.000     7382.000     7332.000     7339.060
  1235:       82.000     7354.060     7355.060     7334.060     7354.060
  1240:       82.000     7317.000     7372.000     7307.000     7307.150
  1245:       83.000     7394.000     7469.000     7419.000     7424.170
  1250:       83.000     7439.170     7440.170     7419.170     7439.170
  1255:       83.000     7404.000     7459.000     7394.000     7394.150
  1260:       84.000     7482.000     7557.000     7507.000     7520.310
  1265:       84.000     7535.310     7536.310     7515.310     7535.310
  1270:       84.000     7492.000     7547.000     7482.000     7482.150
  1275:       85.000     7574.000     7649.000     7599.000     7619.000
  1280:       85.000        0.000        0.000        0.000        0.000
  1285:       85.000     7584.000     7639.000     7574.000     7574.150
  1290:       86.000     7663.000     7738.000     7688.000     7699.890
  1295:       86.000     7714.890     7715.890     7694.890     7714.890
  1300:       86.000     7673.000     7728.000     7663.000     7663.150
  1305:       87.000     7750.000     7825.000     7775.000     7788.690
  1310:       87.000     7803.690     7804.690     7783.690     7803.690
  1315:       87.000     7760.000     7815.000     7750.000     7750.150
  1320:       88.000     7843.000     7918.000     7868.000     7875.540
  1325:       88.000     7890.540     7891.540     7870.540     7890.540
  1330:       88.000     7853.000     7908.000     7843.000     7843.150
  1335:       89.000     7936.000     8011.000     7961.000     7968.320
  1340:       89.000     7983.320     7984.320     7963.320     7983.320
  1345:       89.000     7946.000     8001.000     7936.000     7936.150
  1350:       90.000     8030.000     8105.000     8055.000     8060.860
  1355:       90.000     8075.860     8076.860     8055.860     8075.860
  1360:       90.000     8040.000     8095.000     8030.000     8030.150
  1365:       91.000     8121.000     8196.000     8146.000     8151.740
  1370:       91.000     8166.740     8167.740     8146.740     8166.740
  1375:       91.000     8131.000     8186.000     8121.000     8121.150
  1380:       92.000     8209.000     8284.000     8234.000     8255.120
  1385:       92.000     8270.120     8271.120     8250.120     8270.120
  1390:       92.000     8219.000     8274.000     8209.000     8209.150
  1395:       93.000     8294.000     8369.000     8319.000     8324.180
  1400:       93.000     8339.180     8340.180     8319.180     8339.180
  1405:       93.000     8304.000     8359.000     8294.000     8294.150
  1410:       94.000     8383.000     8458.000     8408.000     8413.090
  1415:       94.000     8428.090     8429.090     8408.090     8428.090
  1420:       94.000     8393.000     8448.000     8383.000     8383.150
  1425:       95.000     8473.000     8548.000     8498.000     8503.680
  1430:       95.000     8518.680     8519.680     8498.680     8518.680
  1435:       95.000     8483.000     8538.000     8473.000     8473.150
  1440:       96.000     8563.000     8638.000     8588.000     8596.330
  1445:       96.000     8611.330     8612.330     8591.330     8611.330
  1450:       96.000     8573.000     8628.000     8563.000     8563.150
  1455:       97.000     8654.000     8729.000     8679.000     8699.000
  1460:       97.000        0.000        0.000        0.000        0.000
  1465:       97.000     8664.000     8719.000     8654.000     8654.150
  1470:       98.000     8742.000     8817.000     8767.000     8773.570
  1475:       98.000     8788.570     8789.570     8768.570     8788.570
  1480:       98.000     8752.000     8807.000     8742.000     8742.150
  1485:       99.000     8834.000     8909.000     8859.000     8864.160
  1490:       99.000     8879.160     8880.160     8859.160     8879.160
  1495:       99.000     8844.000     8899.000     8834.000     8834.150
  1500:      100.000     8925.000     9000.000     8950.000     8956.920
  1505:      100.000     8971.920     8972.920     8951.920     8971.920
  1510:      100.000     8935.000     8990.000     8925.000     8925.150
F:
     0:       51.450       55.520       58.290       60.350       64.290
     5:       69.190       70.490       71.250       71.460       73.910
    10:       73.950       74.050      144.460      145.480      149.350
    15:      150.260      153.420      154.120      155.930      156.060
    20:      233.690      235.140      236.400      238.430      238.810
    25:      239.550      240.800      241.420      242.190      242.240
    30:      242.380      242.420      242.940      243.890      245.550
    35:      254.820      254.930      255.180      332.280      333.530
    40:      333.670      334.140      335.260      336.620      336.790
    45:      338.140      338.280      341.760      342.010      342.230
    50:      342.410      342.700      343.050      413.640      414.140
    55:      414.280      416.640      417.580      418.210      418.320
    60:      420.150      420.340      420.470      421.410      421.900
    65:      422.550      422.700      424.170      429.260      429.360
    70:      430.280      494.810      502.990      503.400      505.810
    75:      506.640      506.920      507.490      508.170      508.230
    80:      510.790      512.140      512.260      520.290      520.900
    85:      521.580      522.650      522.810      523.650      591.660
    90:      591.970      592.410      595.650      596.650      596.760
    95:      597.060      597.370      598.270      598.430      683.550
   100:      684.530      685.800      686.040      686.810      692.040
   105:      695.940      696.140      696.290      696.390      697.060
   110:      754.880      769.510      770.330      770.910      771.080
   115:      771.110      772.870      773.620      774.130      774.170
   120:      778.410      778.490      859.660      860.250      860.890
   125:      861.320      861.740      861.840      862.660      862.840
   130:      863.080      874.250      950.180      953.390      953.960
   135:      954.620      954.670      955.600      955.900      956.830
   140:      957.030      962.830      963.470      965.150     1045.400
   145:     1045.500     1045.930     1046.380     1046.700     1046.790
   150:     1048.000     1048.210     1048.430     1048.550     1053.130
   155:     1053.950     1054.100     1054.450     1054.600     1064.740
   160:     1135.010     1135.480     1136.010     1136.390     1139.950
   165:     1140.060     1140.170     1143.100     1143.210     1224.650
   170:     1225.370     1226.080     1226.210     1226.520     1227.170
   175:     1250.820     1317.060     1317.500     1318.620     1319.950
   180:     1321.960     1324.280     1330.140     1332.200     1408.510
   185:     1408.930     1409.330     1409.380     1409.840     1410.200
   190:     1410.900     1411.200     1411.770     1413.290     1413.440
   195:     1413.550     1413.640     1417.560     1421.330     1426.190
   200:     1426.300     1426.840     1495.860     1496.180     1496.290
   205:     1496.710     1497.000     1497.210     1497.550     1497.720
   210:     1497.900     1498.310     1498.730     1499.280     1499.310
   215:     1499.910     1500.030     1500.680     1500.800     1500.930
   220:     1501.000     1501.110     1501.660     1501.740     1503.670
   225:     1503.870     1503.990     1504.800     1504.940     1505.330
   230:     1513.810     1514.190     1516.950     1573.870     1590.390
   235:     1591.110     1591.370     1591.530     1591.680     1591.800
   240:     1592.180     1592.920     1593.060     1593.200     1593.280
   245:     1593.510     1593.900     1593.950     1596.500     1596.930
   250:     1597.130     1600.300     1600.490     1600.690     1613.070
   255:     1674.580     1674.820     1675.210     1675.820     1676.250
   260:     1676.370     1676.600     1676.850     1677.140     1680.580
   265:     1680.670     1680.860     1685.160     1689.680     1690.600
   270:     1692.070     1692.220     1692.590     1753.590     1753.990
   275:     1771.360     1771.880     1772.250     1774.310     1774.700
   280:     1774.910     1775.070     1775.380     1775.510     1775.790
   285:     1776.310     1779.940     1780.220     1782.190     1782.390
   290:     1782.480     1830.440     1852.040     1852.580     1852.830
   295:     1852.890     1853.190     1853.410     1853.680     1853.930
   300:     1854.110     1855.490     1859.240     1859.650     1859.960
   305:     1859.990     1868.060     1868.260     1947.630     1947.810
   310:     1948.220     1948.860     1949.030     1949.330     1949.460
   315:     1950.410     1950.630     1950.920     1950.990     1957.380
   320:     2033.750     2034.240     2034.810     2034.900     2035.040
   325:     2035.300     2035.470     2035.620     2035.840     2036.020
   330:     2036.330     2036.470     2039.980     2040.260     2040.370
   335:     2044.220     2044.440     2044.450     2044.560     2047.090
   340:     2104.880     2119.760     2120.180     2120.380     2120.890
   345:     2121.100     2121.520     2121.710     2122.020     2122.600
   350:     2122.750     2122.910     2122.960     2123.280     2123.940
   355:     2125.580     2125.690     2125.970     2126.050     2126.200
   360:     2126.590     2131.050     2135.020     2135.170     2135.410
   365:     2135.630     2135.830     2136.010     2136.200     2202.400
   370:     2202.980     2209.890     2211.200     2211.500     2211.730
   375:     2212.030     2213.080     2213.190     2213.360     2215.480
   380:     2215.590     2215.900     2216.080     2217.700     2217.870
   385:     2218.070     2218.180     2220.410     2220.520     2220.930
   390:     2221.020     2221.270     2228.070     2293.770     2302.410
   395:     2302.800     2303.020     2303.180     2304.660     2304.900
   400:     2305.250     2305.640     2306.650     2309.010     2310.690
   405:     2310.840     2311.130     2311.200     2318.860     2319.400
   410:     2319.540     2321.960     2322.940     2323.920     2383.690
   415:     2392.600     2392.720     2392.900     2393.540     2393.860
   420:     2394.210     2394.780     2394.900     2395.030     2395.070
   425:     2395.120     2395.670     2395.710     2396.360     2396.840
   430:     2397.250     2398.510     2399.900     2400.120     2400.310
   435:     2400.430     2400.620     2409.560     2410.120     2410.370
   440:     2410.720     2475.130     2492.510     2495.350     2495.760
   445:     2497.060     2497.380     2498.140     2498.350     2499.380
   450:     2500.170     2502.750     2580.260     2580.940     2582.510
   455:     2583.270     2583.420     2583.580     2584.130     2584.230
   460:     2584.400     2588.100     2588.190     2588.290     2588.360
   465:     2593.150     2593.290     2593.400     2593.550     2656.740
   470:     2668.740     2668.930     2669.440     2670.510     2670.940
   475:     2672.290     2672.760     2673.220     2675.160     2675.240
   480:     2680.740     2680.790     2764.050     2764.330     2764.780
   485:     2766.770     2767.250     2767.610     2768.050     2769.900
   490:     2769.930     2776.750     2838.970     2838.980     2851.400
   495:     2852.560     2852.690     2853.580     2854.030     2854.110
   500:     2854.800     2855.560     2855.940     2856.340     2864.910
   505:     2865.100     2865.580     2865.770     2865.900     2866.030
   510:     2866.370     2866.900     2867.040     2867.230     2867.390
   515:     2938.970     2942.500     2942.850     2943.140     2944.200
   520:     2944.580     2945.090     2945.470     2946.180     2946.290
   525:     2946.400     2960.090     2960.810     3012.580     3028.960
   530:     3030.280     3030.430     3031.480     3031.840     3031.960
   535:     3033.000     3033.150     3033.290     3033.500     3036.430
   540:     3104.210     3120.210     3120.850     3120.930     3121.850
   545:     3122.010     3122.110     3122.520     3124.590     3125.630
   550:     3125.810     3125.950     3130.330     3130.600     3130.650
   555:     3134.460     3134.680     3135.130     3135.410     3135.740
   560:     3136.710     3210.650     3213.300     3213.850     3214.280
   565:     3214.700     3214.830     3215.050     3215.220     3215.810
   570:     3216.000     3216.110     3216.550     3217.110     3218.820
   575:     3218.920     3219.780     3219.960     3220.050     3220.950
   580:     3228.620     3228.720     3229.140     3229.420     3230.360
   585:     3230.520     3230.880     3299.820     3300.060     3301.420
   590:     3301.830     3302.060     3302.180     3302.490     3302.780
   595:     3303.440     3304.500     3304.750     3305.320     3305.500
   600:     3307.750     3309.540     3309.810     3310.340     3311.820
   605:     3313.740     3318.250     3318.490     3319.150     3395.540
   610:     3401.550     3401.950     3404.820     3405.170     3405.920
   615:     3407.270     3407.330     3411.460     3479.420     3479.770
   620:     3480.420     3481.080     3481.740     3482.250     3482.540
   625:     3482.830     3483.280     3488.110     3490.620     3567.170
   630:     3567.590     3569.130     3570.420     3570.600     3570.690
   635:     3570.750     3570.820     3571.210     3572.030     3572.140
   640:     3572.270     3573.700     3575.820     3575.900     3579.570
   645:     3584.420     3587.000     3587.370     3587.640     3587.830
   650:     3587.850     3587.960     3588.110     3588.320     3588.440
   655:     3588.680     3588.900     3589.860     3591.250     3658.850
   660:     3659.280     3659.680     3659.900     3660.090     3660.550
   665:     3660.820     3660.960     3661.310     3661.860     3662.310
   670:     3664.540     3664.930     3667.710     3667.860     3668.000
   675:     3668.150     3668.190     3674.950     3675.460     3675.870
   680:     3676.540     3677.030     3747.650     3748.080     3749.960
   685:     3750.150     3750.540     3751.220     3751.300     3751.980
   690:     3752.220     3752.430     3752.750     3752.860     3752.880
   695:     3752.930     3754.720     3758.930     3759.070     3759.230
   700:     3759.430     3759.510     3764.620     3839.130     3839.550
   705:     3840.160     3841.450     3841.910     3842.550     3843.170
   710:     3843.190     3844.300     3845.870     3848.310     3848.540
   715:     3848.680     3848.790     3848.940     3850.420     3850.490
   720:     3853.790     3918.250     3927.320     3927.580     3927.620
   725:     3928.450     3928.700     3929.010     3929.230     3929.370
   730:     3929.650     3929.760     3930.020     3930.650     3930.830
   735:     3931.150     3931.400     3931.530     3932.550     3932.700
   740:     3932.860     3933.200     3934.420     3937.240     3937.410
   745:     3937.510     3938.300     3941.690     3942.940     3943.340
   750:     3943.490     3947.030     3947.580     4017.480     4017.910
   755:     4018.470     4018.890     4019.240     4019.300     4019.510
   760:     4019.790     4019.810     4019.900     4020.440     4020.970
   765:     4021.110     4021.400     4022.680     4022.950     4022.990
   770:     4030.070     4033.600     4033.750     4033.910     4034.010
   775:     4034.460     4034.660     4035.180     4089.570     4090.450
   780:     4105.490     4105.960     4106.730     4106.830     4107.240
   785:     4107.420     4107.650     4107.790     4108.680     4108.730
   790:     4108.840     4108.880     4109.020     4109.100     4109.370
   795:     4109.420     4114.490     4114.540     4115.880     4117.520
   800:     4117.660     4117.700     4127.360     4180.910     4200.890
   805:     4201.390     4204.570     4204.750     4204.950     4205.120
   810:     4205.740     4206.090     4209.320     4209.420     4301.830
   815:     4304.410     4380.620     4381.840     4382.760     4382.940
   820:     4384.280     4384.700     4385.370     4386.630     4391.420
   825:     4472.510     4472.630     4477.520     4477.580     4481.730
   830:     4481.790     4481.890     4482.030     4485.880     4538.320
   835:     4560.000     4560.580     4561.150     4561.830     4562.090
   840:     4562.380     4562.710     4563.230     4563.280     4564.210
   845:     4564.370     4571.960     4573.990     4575.250     4652.040
   850:     4653.350     4654.810     4655.020     4655.060     4655.160
   855:     4656.260     4657.360     4658.020     4658.080     4740.890
   860:     4742.530     4743.820     4747.950     4749.810     4838.600
   865:     4839.680     4840.380     4841.010     4841.080     4901.510
   870:     4901.930     4902.500     4903.460     4903.950     4904.420
   875:     4904.600     4906.090     4907.790     4907.850     4919.250
   880:     4923.340     4924.540     4925.240     4925.360     4925.920
   885:     4926.040     4926.130     4926.650     4926.850     4927.050
   890:     4928.430     4937.290     4937.520     4937.840     5012.780
   895:     5014.800     5017.740     5019.070     5019.390     5019.780
   900:     5020.240     5020.290     5020.930     5021.210     5021.310
   905:     5021.430     5021.860     5022.060     5026.880     5027.050
   910:     5027.390     5030.400     5104.060     5104.960     5105.320
   915:     5105.860     5106.140     5106.800     5106.970     5107.170
   920:     5107.520     5112.430     5115.760     5116.650     5117.400
   925:     5188.760     5190.500     5190.510     5190.840     5191.040
   930:     5191.920     5192.630     5192.790     5192.960     5193.060
   935:     5194.220     5194.430     5194.660     5197.690     5197.720
   940:     5204.380     5208.560     5208.750     5276.940     5279.840
   945:     5280.870     5281.100     5281.560     5281.940     5282.380
   950:     5282.520     5282.810     5282.990     5283.320     5283.470
   955:     5284.000     5293.550     5351.230     5368.180     5369.720
   960:     5370.460     5370.870     5371.270     5373.570     5374.070
   965:     5379.190     5379.340     5383.700     5443.530     5453.380
   970:     5453.930     5455.260     5455.390     5455.890     5456.390
   975:     5457.070     5457.620     5457.720     5457.880     5458.070
   980:     5458.140     5460.360     5462.030     5470.590     5475.380
   985:     5544.330     5544.850     5545.710     5546.060     5546.200
   990:     5546.360     5546.520     5546.800     5547.270     5547.930
   995:     5548.180     5548.410     5548.440     5549.020     5553.840
  1000:     5554.150     5554.300     5554.390     5558.000     5643.920
  1005:     5644.460     5650.230     5652.390     5652.560     5652.770
  1010:     5653.340     5653.490     5653.620     5653.860     5654.430
  1015:     5654.880     5655.030     5655.130     5655.190     5658.440
  1020:     5659.210     5662.960     5663.100     5663.250     5728.830
  1025:     5730.230     5733.080     5733.890     5734.620     5735.190
  1030:     5735.790     5736.380     5736.820     5737.680     5737.900
  1035:     5738.090     5741.140     5741.470     5817.700     5818.930
  1040:     5819.380     5819.640     5819.820     5820.260     5820.420
  1045:     5820.450     5820.840     5820.910     5821.060     5821.410
  1050:     5821.450     5822.600     5824.960     5825.100     5825.240
  1055:     5825.350     5825.460     5825.580     5887.110     5903.130
  1060:     5911.720     5911.780     5911.910     5912.280     5913.470
  1065:     5913.800     5913.810     5913.910     5914.010     5914.630
  1070:     5915.080     5915.240     5915.400     5918.820     5919.680
  1075:     5920.400     5920.520     5922.000     5980.600     5995.950
  1080:     6001.050     6003.750     6003.970     6004.280     6004.380
  1085:     6006.050     6006.300     6010.280     6010.450     6085.120
  1090:     6085.320     6085.740     6086.450     6087.090     6087.980
  1095:     6088.150     6088.460     6088.940     6089.040     6089.730
  1100:     6093.870     6097.790     6168.980     6169.380     6170.210
  1105:     6170.740     6170.930     6171.090     6171.150     6171.370
  1110:     6171.570     6171.680     6175.620     6178.930     6179.040
  1115:     6179.270     6179.710     6179.850     6179.990     6263.730
  1120:     6264.860     6264.900     6265.960     6266.990     6268.110
  1125:     6269.540     6270.460     6274.390     6274.520     6274.780
  1130:     6356.920     6357.140     6357.900     6358.990     6360.820
  1135:     6361.420     6361.620     6361.730     6362.480     6362.600
  1140:     6366.930     6367.500     6368.810     6440.620     6440.900
  1145:     6441.710     6442.090     6442.100     6442.750     6443.070
  1150:     6443.200     6443.400     6443.790     6444.170     6445.330
  1155:     6445.610     6445.980     6446.090     6452.610     6511.090
  1160:     6531.360     6532.240     6532.460     6533.160     6533.730
  1165:     6534.180     6534.640     6535.310     6535.550     6535.720
  1170:     6535.800     6538.230     6538.360     6538.490     6538.580
  1175:     6624.040     6624.940     6625.710     6626.200     6626.450
  1180:     6626.990     6627.220     6627.310     6628.080     6629.260
  1185:     6630.640     6630.680     6713.680     6714.470     6714.980
  1190:     6716.610     6716.950     6717.740     6717.790     6718.650
  1195:     6719.050     6719.270     6719.360     6719.550     6733.110
  1200:     6733.160     6807.450     6810.580     6810.960     6811.260
  1205:     6811.690     6811.760     6812.540     6812.690     6812.910
  1210:     6817.760     6817.830     6822.980     6901.750     6902.180
  1215:     6902.340     6902.880     6903.900     6904.960     6910.470
  1220:     6910.550     6910.780     6910.860     6925.810     6990.040
  1225:     6991.260     6991.590     6991.870     6991.950     6992.700
  1230:     6992.950     6993.390     6993.490     6994.430     6995.560
  1235:     6998.800     6998.980     7073.750     7075.340     7077.410
  1240:     7078.840     7078.940     7079.440     7079.750     7081.500
  1245:     7081.730     7081.980     7085.250     7085.400     7093.380
  1250:     7169.560     7171.940     7172.360     7172.900     7173.110
  1255:     7173.380     7174.050     7174.150     7174.210     7174.720
  1260:     7175.470     7175.730     7176.640     7176.790     7181.620
  1265:     7258.220     7258.330     7259.830     7260.960     7261.820
  1270:     7262.350     7262.460     7266.510     7269.180     7331.970
  1275:     7342.630     7343.400     7344.150     7344.660     7344.790
  1280:     7345.190     7345.540     7345.970     7346.080     7346.730
  1285:     7347.190     7351.420     7351.560     7357.460     7357.590
  1290:     7358.110     7358.380     7363.230     7364.570     7416.280
  1295:     7427.470     7432.320     7433.010     7435.180     7435.400
  1300:     7435.650     7436.410     7436.640     7436.990     7437.170
  1305:     7437.230     7441.910     7442.110     7442.440     7443.460
  1310:     7524.830     7526.800     7527.190     7527.960     7528.950
  1315:     7529.330     7529.600     7530.450     7531.800     7532.230
  1320:     7532.350     7532.530     7532.590     7532.670     7532.740
  1325:     7532.840     7533.030     7533.130     7538.130     7538.340
  1330:     7540.910     7631.680     7633.020     7633.560     7633.940
  1335:     7634.470     7634.550     7634.620     7636.050     7636.090
  1340:     7637.280     7637.360     7704.670     7706.490     7706.880
  1345:     7707.020     7707.510     7708.610     7709.390     7711.700
  1350:     7712.520     7715.210     7717.690     7774.780     7789.670
  1355:     7800.060     7800.120     7800.400     7803.010     7803.840
  1360:     7810.710     7887.800     7889.450     7890.320     7893.750
  1365:     7893.860     7948.870     7971.610     7971.780     7972.500
  1370:     7973.610     7974.220     7975.960     7976.140     7976.470
  1375:     7978.830     7979.220     7979.480     7979.780     7979.880
  1380:     8064.800     8066.520     8069.380     8069.950     8071.210
  1385:     8071.890     8072.960     8073.940     8074.080     8078.390
  1390:     8078.440     8145.410     8154.330     8160.560     8164.410
  1395:     8165.170     8165.640     8165.730     8170.150     8255.140
  1400:     8256.840     8257.490     8258.690     8259.750     8260.260
  1405:     8260.350     8260.500     8260.990     8261.260     8261.510
  1410:     8262.430     8262.690     8262.830     8263.150     8264.720
  1415:     8264.760     8265.740     8331.060     8331.780     8332.420
  1420:     8332.830     8332.980     8333.970     8334.090     8334.410
  1425:     8334.570     8334.860     8335.310     8335.900     8337.250
  1430:     8337.520     8337.750     8342.500     8418.560     8420.820
  1435:     8421.430     8423.170     8424.420     8432.910     8434.000
  1440:     8505.380     8506.690     8508.470     8509.570     8509.790
  1445:     8510.320     8510.490     8510.650     8510.720     8517.050
  1450:     8521.170     8523.800     8578.320     8583.560     8597.150
  1455:     8605.210     8608.100     8608.520     8609.050     8609.370
  1460:     8614.330     8614.940     8615.550     8616.090     8675.570
  1465:     8677.540     8677.870     8679.640     8680.280     8682.190
  1470:     8682.620     8686.670     8692.160     8695.340     8695.820
  1475:     8696.520     8697.060     8705.170     8705.510     8706.240
  1480:     8716.230     8778.860     8779.840     8781.290     8783.780
  1485:     8785.100     8785.490     8785.810     8792.120     8858.910
  1490:     8866.210     8867.320     8868.310     8869.490     8870.290
  1495:     8870.470     8870.800     8884.390     8889.660     8960.620
  1500:     8967.360     8969.050     8970.100     8970.140     8971.400
  1505:     8971.420     8971.550     8974.350     8974.480     8974.700
  1510:     8980.060
G:
     0:       85.390       87.540       87.910      291.930      291.960
     5:     1381.170     1464.710     1464.840     1465.150     1465.700
    10:     3270.000     4890.170     5164.190     5666.670     7034.740
    15:     7050.280     7641.940     7642.030     7645.750     7646.040
    20:     7652.870     7653.310     8020.880     8629.310     8629.420
H:
I:
K:
L:
     0:       43.940       45.360       48.750      133.830      134.400
     5:      136.600      137.620      226.010      226.880      228.310
    10:      230.800      318.520      318.980      320.000      322.680
    15:      406.290      406.890      407.540      408.670      411.030
    20:      495.750      497.880      583.150      583.820      585.610
    25:      585.910      588.020      672.810      673.510      675.020
    30:      760.580      761.380      761.750      764.120      849.330
    35:      849.660      850.360      851.420      851.740      853.150
    40:      940.220      941.010      942.220      943.200     1034.500
    45:     1035.060     1035.630     1037.180     1038.800     1039.000
    50:     1123.730     1125.220     1125.500     1126.240     1127.860
    55:     1217.230     1217.760     1218.100     1219.520     1220.540
    60:     1220.700     1306.930     1307.380     1307.500     1308.440
    65:     1309.560     1310.840     1397.940     1398.570     1399.920
    70:     1401.110     1488.390     1488.580     1489.020     1492.190
    75:     1577.190     1579.090     1580.400     1581.680     1666.150
    80:     1667.420     1668.730     1756.190     1756.410     1756.610
    85:     1757.530     1759.550     1760.720     1760.980     1843.210
    90:     1843.550     1844.440     1847.800     1847.960     1934.820
    95:     1935.250     1938.870     2024.820     2025.320     2025.770
   100:     2026.860     2028.240     2029.640     2111.540     2112.200
   105:     2112.490     2113.010     2113.640     2203.800     2204.050
   110:     2204.830     2205.350     2206.000     2208.600     2294.620
   115:     2295.640     2296.720     2297.850     2299.040     2385.230
   120:     2386.840     2484.110     2569.670     2569.870     2571.060
   125:     2571.330     2662.790     2752.010     2752.270     2755.350
   130:     2841.120     2841.580     2842.150     2842.760     2844.270
   135:     2845.680     2931.080     2934.450     2934.890     3021.150
   140:     3022.280     3024.020     3024.260     3112.160     3113.390
   145:     3116.350     3202.390     3203.780     3204.730     3206.590
   150:     3293.760     3293.890     3294.790     3298.200     3387.800
   155:     3390.420     3392.800     3472.520     3561.150     3562.740
   160:     3563.050     3563.250     3652.170     3653.010     3654.560
   165:     3655.770     3741.130     3741.740     3742.230     3742.990
   170:     3830.390     3830.780     3831.000     3831.590     3833.050
   175:     3833.360     3834.740     3919.470     3919.810     3920.070
   180:     3923.190     4011.190     4011.820     4012.580     4012.870
   185:     4014.520     4014.790     4099.570     4100.580     4101.300
   190:     4103.410     4192.560     4192.800     4193.930     4281.100
   195:     4281.690     4281.820     4282.930     4285.800     4368.510
   200:     4372.350     4372.840     4458.300     4548.220     4548.530
   205:     4549.440     4551.890     4552.650     4640.410     4641.280
   210:     4641.640     4641.950     4644.500     4729.450     4733.030
   215:     4820.970     4822.930     4823.200     4824.630     4913.270
   220:     4916.990     5004.130     5004.920     5006.050     5007.740
   225:     5008.340     5092.710     5093.920     5095.200     5095.390
   230:     5097.180     5181.120     5182.910     5183.230     5184.810
   235:     5185.030     5270.180     5270.440     5270.960     5271.690
   240:     5273.310     5273.440     5275.030     5359.170     5359.820
   245:     5361.660     5447.450     5448.280     5448.840     5450.210
   250:     5452.160     5452.380     5535.180     5536.820     5537.970
   255:     5538.240     5642.980     5645.550     5646.100     5717.920
   260:     5718.270     5719.850     5719.910     5720.540     5806.440
   265:     5808.020     5809.970     5895.630     5898.290     5899.220
   270:     5900.150     5987.100     5989.280     5991.750     6074.900
   275:     6075.190     6075.450     6075.730     6076.390     6077.750
   280:     6079.450     6161.020     6161.550     6162.470     6162.760
   285:     6163.670     6255.130     6257.090     6258.740     6259.190
   290:     6344.090     6345.190     6346.170     6347.750     6429.860
   295:     6430.480     6431.600     6433.250     6434.610     6520.040
   300:     6520.330     6521.660     6522.280     6613.300     6613.560
   305:     6614.610     6614.850     6616.650     6618.190     6707.210
   310:     6708.360     6708.690     6709.430     6711.360     6798.460
   315:     6799.300     6799.540     6800.460     6801.370     6802.730
   320:     6890.730     6891.590     6893.150     6893.280     6894.750
   325:     6976.450     6977.450     6977.570     6980.010     7066.910
   330:     7067.200     7067.820     7070.450     7070.810     7071.640
   335:     7158.470     7159.220     7160.510     7160.750     7163.160
   340:     7243.800     7244.190     7246.800     7247.930     7334.060
   345:     7335.530     7336.310     7419.170     7420.190     7422.020
   350:     7422.320     7423.020     7515.310     7517.460     7518.420
   355:     7694.890     7783.690     7784.110     7870.540     7872.700
   360:     7963.320     7964.920     7966.440     7967.410     8055.860
   365:     8056.100     8056.340     8059.530     8059.750     8146.740
   370:     8146.970     8147.200     8148.400     8150.470     8250.120
   375:     8253.810     8319.180     8323.280     8408.090     8498.680
   380:     8501.980     8591.330     8591.710     8594.230     8594.490
   385:     8768.570     8770.300     8771.080     8771.990     8859.160
   390:     8860.590     8862.790     8951.920     8953.170     8955.230
M:
     0:       10.000       12.000       12.000       13.000       14.000
     5:       17.000       12.000       15.000       16.000       14.000
    10:       12.000       15.000       14.000       14.000       12.000
    15:       14.000       15.000       14.000       16.000       10.000
    20:       15.000       14.000       16.000       17.000       15.000
    25:       14.000       18.000       12.000       14.000       16.000
    30:       11.000       13.000       13.000       14.000       15.000
    35:       18.000       13.000       16.000       17.000       15.000
    40:       13.000       16.000       15.000       15.000       13.000
    45:       15.000       16.000       15.000       17.000       11.000
    50:       16.000       15.000       17.000       18.000       16.000
    55:       15.000       19.000       13.000       15.000       17.000
    60:       12.000       14.000       14.000       15.000       16.000
    65:       19.000       14.000       17.000       18.000       16.000
    70:       14.000       17.000       16.000       16.000       14.000
    75:       16.000       17.000       16.000       18.000       12.000
    80:       17.000       16.000       18.000       19.000       17.000
    85:       16.000       20.000       14.000       16.000       19.000
    90:       13.000       14.000       13.000       19.000       13.000
    95:       15.000       14.000       13.000       14.000
P:
     0:       63.940       64.440       64.940      153.830      154.330
     5:      154.830      246.010      246.510      247.010      338.520
    10:      339.020      339.520      426.290      426.790      427.290
    15:      515.750      516.250      516.750      603.150      603.650
    20:      604.150      692.810      693.310      693.810      780.580
    25:      781.080      781.580      869.330      869.830      870.330
    30:      960.220      960.720      961.220     1054.500     1055.000
    35:     1055.500     1143.730     1144.230     1144.730     1237.230
    40:     1237.730     1238.230     1326.930     1327.430     1327.930
    45:     1417.940     1418.440     1418.940     1508.390     1508.890
    50:     1509.390     1597.190     1597.690     1598.190     1686.150
    55:     1686.650     1687.150     1776.190     1776.690     1777.190
    60:     1863.210     1863.710     1864.210     1954.820     1955.320
    65:     1955.820     2044.820     2045.320     2045.820     2131.540
    70:     2132.040     2132.540     2223.800     2224.300     2224.800
    75:     2314.620     2315.120     2315.620     2405.230     2405.730
    80:     2406.230     2504.110     2504.610     2505.110     2589.670
    85:     2590.170     2590.670     2682.790     2683.290     2683.790
    90:     2772.010     2772.510     2773.010     2861.120     2861.620
    95:     2862.120     2951.080     2951.580     2952.080     3041.150
   100:     3041.650     3042.150     3132.160     3132.660     3133.160
   105:     3222.390     3222.890     3223.390     3313.760     3314.260
   110:     3314.760     3407.800     3408.300     3408.800     3492.520
   115:     3493.020     3493.520     3581.150     3581.650     3582.150
   120:     3672.170     3672.670     3673.170     3761.130     3761.630
   125:     3762.130     3850.390     3850.890     3851.390     3939.470
   130:     3939.970     3940.470     4031.190     4031.690     4032.190
   135:     4119.570     4120.070     4120.570     4212.560     4213.060
   140:     4213.560     4301.100     4301.600     4302.100     4388.510
   145:     4389.010     4389.510     4478.300     4478.800     4479.300
   150:     4568.220     4568.720     4569.220     4660.410     4660.910
   155:     4661.410     4749.450     4749.950     4750.450     4840.970
   160:     4841.470     4841.970     4933.270     4933.770     4934.270
   165:     5024.130     5024.630     5025.130     5112.710     5113.210
   170:     5113.710     5201.120     5201.620     5202.120     5290.180
   175:     5290.680     5291.180     5379.170     5379.670     5380.170
   180:     5467.450     5467.950     5468.450     5555.180     5555.680
   185:     5556.180     5662.980     5663.480     5663.980     5737.920
   190:     5738.420     5738.920     5826.440     5826.940     5827.440
   195:     5915.630     5916.130     5916.630     6007.100     6007.600
   200:     6008.100     6094.900     6095.400     6095.900     6181.020
   205:     6181.520     6182.020     6275.130     6275.630     6276.130
   210:     6364.090     6364.590     6365.090     6449.860     6450.360
   215:     6450.860     6540.040     6540.540     6541.040     6633.300
   220:     6633.800     6634.300     6727.210     6727.710     6728.210
   225:     6818.460     6818.960     6819.460     6910.730     6911.230
   230:     6911.730     6996.450     6996.950     6997.450     7086.910
   235:     7087.410     7087.910     7178.470     7178.970     7179.470
   240:     7263.800     7264.300     7264.800     7354.060     7354.560
   245:     7355.060     7439.170     7439.670     7440.170     7535.310
   250:     7535.810     7536.310     7714.890     7715.390     7715.890
   255:     7803.690     7804.190     7804.690     7890.540     7891.040
   260:     7891.540     7983.320     7983.820     7984.320     8075.860
   265:     8076.360     8076.860     8166.740     8167.240     8167.740
   270:     8270.120     8270.620     8271.120     8339.180     8339.680
   275:     8340.180     8428.090     8428.590     8429.090     8518.680
   280:     8519.180     8519.680     8611.330     8611.830     8612.330
   285:     8788.570     8789.070     8789.570     8879.160     8879.660
   290:     8880.160     8971.920     8972.420     8972.920
R:
     0:       43.940      133.830      226.010      318.520      406.290
     5:      495.750      583.150      672.810      760.580      849.330
    10:      940.220     1034.500     1123.730     1217.230     1306.930
    15:     1397.940     1488.390     1577.190     1666.150     1756.190
    20:     1843.210     1934.820     2024.820     2111.540     2203.800
    25:     2294.620     2385.230     2484.110     2569.670     2662.790
    30:     2752.010     2841.120     2931.080     3021.150     3112.160
    35:     3202.390     3293.760     3387.800     3472.520     3561.150
    40:     3652.170     3741.130     3830.390     3919.470     4011.190
    45:     4099.570     4192.560     4281.100     4368.510     4458.300
    50:     4548.220     4640.410     4729.450     4820.970     4913.270
    55:     5004.130     5092.710     5181.120     5270.180     5359.170
    60:     5447.450     5535.180     5642.980     5717.920     5806.440
    65:     5895.630     5987.100     6074.900     6161.020     6255.130
    70:     6344.090     6429.860     6520.040     6613.300     6707.210
    75:     6798.460     6890.730     6976.450     7066.910     7158.470
    80:     7243.800     7334.060     7419.170     7515.310     7694.890
    85:     7783.690     7870.540     7963.320     8055.860     8146.740
    90:     8250.120     8319.180     8408.090     8498.680     8591.330
    95:     8768.570     8859.160     8951.920
V:
W:
     0:        1.000        1.000        1.000        1.000        1.000
     5:        1.000        1.000        1.000        1.000        1.000
    10:        1.000        1.000        1.000        1.000        1.000
    15:        1.000        1.000        1.000        1.000        1.000
    20:        1.000        1.000        1.000        1.000        1.000
    25:        1.000        1.000        1.000        1.000        1.000
    30:        1.000        1.000        1.000        1.000        1.000
    35:        1.000        1.000        1.000        1.000        1.000
    40:        1.000        1.000        1.000        1.000        1.000
    45:        1.000        1.000        1.000        1.000        1.000
    50:        1.000        1.000        1.000        1.000        1.000
    55:        1.000        1.000        1.000        1.000        1.000
    60:        1.000        1.000        1.000        1.000        1.000
    65:        1.000        1.000        1.000        1.000        1.000
    70:        1.000        1.000        1.000        1.000        1.000
    75:        1.000        1.000        1.000        1.000        1.000
    80:        1.000        1.000        1.000        1.000        1.000
    85:        1.000        1.000        1.000        1.000        1.000
    90:        1.000        1.000        1.000        1.000        1.000
    95:        1.000        1.000        1.000        1.000        1.000
   100:        1.000        1.000        1.000        1.000        1.000
   105:        1.000        1.000        1.000        1.000        1.000
X:
     0:       15.000       15.150      107.000      107.150      199.000
     5:      199.150      293.000      293.150      381.000      381.150
    10:      470.000      470.150      558.000      558.150      647.000
    15:      647.150      735.000      735.150      824.000      824.150
    20:      915.000      915.150     1009.000     1009.150     1098.000
    25:     1098.150     1192.000     1192.150     1281.000     1281.150
    30:     1372.000     1372.150     1463.000     1463.150     1552.000
    35:     1552.150     1640.000     1640.150     1731.000     1731.150
    40:     1818.000     1818.150     1909.000     1909.150     1999.000
    45:     1999.150     2086.000     2086.150     2178.000     2178.150
    50:     2269.000     2269.150     2360.000     2360.150     2454.000
    55:     2454.150     2544.000     2544.150     2637.000     2637.150
    60:     2726.000     2726.150     2816.000     2816.150     2905.000
    65:     2905.150     2996.000     2996.150     3087.000     3087.150
    70:     3177.000     3177.150     3268.000     3268.150     3360.000
    75:     3360.150     3447.000     3447.150     3536.000     3536.150
    80:     3627.000     3627.150     3716.000     3716.150     3805.000
    85:     3805.150     3894.000     3894.150     3986.000     3986.150
    90:     4074.000     4074.150     4166.000     4166.150     4256.000
    95:     4256.150     4342.000     4342.150     4431.000     4431.150
   100:     4521.000     4521.150     4613.000     4613.150     4703.000
   105:     4703.150     4795.000     4795.150     4886.000     4886.150
   110:     4979.000     4979.150     5067.000     5067.150     5156.000
   115:     5156.150     5245.000     5245.150     5334.000     5334.150
   120:     5422.000     5422.150     5510.000     5510.150     5600.000
   125:     5600.150     5690.000     5690.150     5780.000     5780.150
   130:     5869.000     5869.150     5961.000     5961.150     6048.000
   135:     6048.150     6135.000     6135.150     6225.000     6225.150
   140:     6316.000     6316.150     6403.000     6403.150     6494.000
   145:     6494.150     6587.000     6587.150     6682.000     6682.150
   150:     6772.000     6772.150     6865.000     6865.150     6950.000
   155:     6950.150     7041.000     7041.150     7131.000     7131.150
   160:     7217.000     7217.150     7307.000     7307.150     7394.000
   165:     7394.150     7482.000     7482.150     7574.000     7574.150
   170:     7663.000     7663.150     7750.000     7750.150     7843.000
   175:     7843.150     7936.000     7936.150     8030.000     8030.150
   180:     8121.000     8121.150     8209.000     8209.150     8294.000
   185:     8294.150     8383.000     8383.150     8473.000     8473.150
   190:     8563.000     8563.150     8654.000     8654.150     8742.000
   195:     8742.150     8834.000     8834.150     8925.000     8925.150
Y:
Z:
     0:        0.000       98.000      395.000        0.000        0.000
     5:        0.000      294.000      200.000        0.000        0.000
    10:        0.000     1511.000       25.000        0.000        0.000
    15:        0.000
