File: C:\MED-PC IV\Data\Tarun\RM-B12_RM036\postBaseplate\R10\S03_R10_FR1_20s_100trials


Start Date: 06/26/17
End Date: 06/26/17
Subject: 10
Experiment: 0
Group: 0
Box: 1
Start Time:  8:55:58
End Time: 12:31:25
MSN: MiniScope_FR1-3p_100trials_05222017
A:       0.000
E:       0.000
J:     101.000
N:       0.000
O:       0.000
Q:       0.000
S:       0.000
T:    9016.000
U:       0.000
B:
     0:        0.000       10.000       10.000       15.000       20.000
     5:       20.000       20.000       10.000       16.000      100.000
    10:        1.000        3.000       15.000        0.010        1.000
    15:        0.000        0.000        5.000       20.000        5.000
C:
     0:      100.000      100.000      470.000        0.000        1.763
     5:        0.000      300.000      100.000        1.000        1.763
    10:        0.000     2009.000       43.000        0.000       15.020
    15:        1.000        1.000        3.000        0.000        1.660
    20:        1.000        3.000        1.000        0.000        1.660
    25:        1.000       17.000        0.000        0.000       15.000
    30:        2.000        1.000        5.000        0.000        2.060
    35:        2.000        3.000        1.000        0.000        2.060
    40:        2.000       15.000        0.000        0.000       17.000
    45:        3.000        1.000        5.000        0.000        0.620
    50:        3.000        3.000        1.000        0.000        0.620
    55:        3.000       23.000        0.000        0.000       17.000
    60:        4.000        1.000        6.000        0.000        0.800
    65:        4.000        3.000        1.000        0.000        0.800
    70:        4.000       20.000        2.000        0.000       16.000
    75:        5.000        1.000        5.000        0.000        0.250
    80:        5.000        3.000        1.000        0.000        0.250
    85:        5.000       23.000        0.000        0.000       14.000
    90:        6.000        1.000        5.000        0.000        1.030
    95:        6.000        3.000        1.000        0.000        1.030
   100:        6.000       11.000        0.000        0.000       15.000
   105:        7.000        1.000        6.000        0.000        0.160
   110:        7.000        3.000        1.000        0.000        0.160
   115:        7.000       11.000        0.000        0.000       13.000
   120:        8.000        1.000        5.000        0.000        1.830
   125:        8.000        3.000        1.000        0.000        1.830
   130:        8.000       13.000        0.000        0.000       13.000
   135:        9.000        1.000        1.000        0.000        0.250
   140:        9.000        3.000        1.000        0.000        0.250
   145:        9.000       12.000        2.000        0.000       15.000
   150:       10.000        1.000        5.000        0.000        0.720
   155:       10.000        3.000        1.000        0.000        0.720
   160:       10.000       20.000        0.000        0.000       16.000
   165:       11.000        1.000        6.000        0.000        0.170
   170:       11.000        3.000        1.000        0.000        0.170
   175:       11.000       19.000        0.000        0.000       19.000
   180:       12.000        1.000        7.000        0.000        0.190
   185:       12.000        3.000        1.000        0.000        0.190
   190:       12.000       25.000        0.000        0.000       15.000
   195:       13.000        1.000        6.000        0.000        1.890
   200:       13.000        3.000        1.000        0.000        1.890
   205:       13.000       17.000        0.000        0.000       12.000
   210:       14.000        1.000        3.000        0.000        0.180
   215:       14.000        3.000        1.000        0.000        0.180
   220:       14.000       14.000        0.000        0.000       10.000
   225:       15.000        1.000        5.000        0.000        0.120
   230:       15.000        3.000        1.000        0.000        0.120
   235:       15.000       23.000        0.000        0.000       19.000
   240:       16.000        1.000        8.000        0.000        0.670
   245:       16.000        3.000        1.000        0.000        0.670
   250:       16.000       17.000        0.000        0.000       16.000
   255:       17.000        1.000        6.000        0.000        0.740
   260:       17.000        3.000        1.000        1.000        0.740
   265:       17.000       16.000        0.000        0.000       14.000
   270:       18.000        1.000        3.000        0.000        0.900
   275:       18.000        3.000        1.000        0.000        0.900
   280:       18.000       18.000        0.000        0.000       14.000
   285:       19.000        1.000        4.000        0.000        0.560
   290:       19.000        3.000        1.000        0.000        0.560
   295:       19.000       20.000        0.000        0.000       12.000
   300:       20.000        1.000        6.000        0.000        0.980
   305:       20.000        3.000        1.000        0.000        0.980
   310:       20.000       12.000        3.000        0.000       17.000
   315:       21.000        1.000        7.000        0.000        0.860
   320:       21.000        3.000        1.000        0.000        0.860
   325:       21.000       21.000        1.000        0.000       16.000
   330:       22.000        1.000        6.000        0.000        0.160
   335:       22.000        3.000        1.000        0.000        0.160
   340:       22.000       20.000        0.000        0.000       14.000
   345:       23.000        1.000        6.000        0.000        1.420
   350:       23.000        3.000        1.000        0.000        1.420
   355:       23.000       29.000        1.000        0.000       15.000
   360:       24.000        1.000        3.000        0.000        0.730
   365:       24.000        3.000        1.000        0.000        0.730
   370:       24.000       19.000        0.000        0.000       17.000
   375:       25.000        1.000        5.000        0.000        2.580
   380:       25.000        3.000        1.000        0.000        2.580
   385:       25.000        9.000        0.000        0.000       12.000
   390:       26.000        1.000        3.000        0.000        1.610
   395:       26.000        3.000        1.000        0.000        1.610
   400:       26.000       15.000        0.000        0.000       17.000
   405:       27.000        1.000        6.000        0.000        0.750
   410:       27.000        3.000        1.000        0.000        0.750
   415:       27.000       29.000        0.000        0.000       16.000
   420:       28.000        1.000        6.000        0.000        0.130
   425:       28.000        3.000        1.000        0.000        0.130
   430:       28.000       30.000        0.000        0.000       15.000
   435:       29.000        1.000        5.000        0.000        2.280
   440:       29.000        3.000        1.000        0.000        2.280
   445:       29.000       27.000        0.000        0.000       16.000
   450:       30.000        1.000        6.000        0.000        0.750
   455:       30.000        3.000        1.000        0.000        0.750
   460:       30.000       23.000        0.000        0.000       12.000
   465:       31.000        1.000        8.000        0.000        0.250
   470:       31.000        3.000        1.000        0.000        0.250
   475:       31.000       27.000        0.000        0.000       18.000
   480:       32.000        1.000       10.000        0.000        0.180
   485:       32.000        3.000        1.000        0.000        0.180
   490:       32.000       23.000        0.000        0.000       14.000
   495:       33.000        1.000        2.000        0.000        1.520
   500:       33.000        3.000        1.000        0.000        1.520
   505:       33.000       23.000        0.000        0.000       16.000
   510:       34.000        1.000        4.000        0.000        1.090
   515:       34.000        3.000        1.000        0.000        1.090
   520:       34.000       23.000        3.000        0.000       15.000
   525:       35.000        1.000        3.000        0.000        0.150
   530:       35.000        3.000        1.000        0.000        0.150
   535:       35.000       30.000        1.000        0.000       18.000
   540:       36.000        1.000        6.000        0.000        2.450
   545:       36.000        3.000        1.000        0.000        2.450
   550:       36.000       28.000        0.000        0.000       18.000
   555:       37.000        1.000        5.000        0.000        1.480
   560:       37.000        3.000        1.000        0.000        1.480
   565:       37.000       20.000        0.000        0.000       14.000
   570:       38.000        1.000        6.000        0.000        3.700
   575:       38.000        3.000        1.000        0.000        3.700
   580:       38.000       17.000        0.000        0.000       19.000
   585:       39.000        1.000        5.000        0.000        1.240
   590:       39.000        3.000        1.000        0.000        1.240
   595:       39.000       28.000        0.000        0.000       14.000
   600:       40.000        1.000        5.000        0.000        1.800
   605:       40.000        3.000        1.000        0.000        1.800
   610:       40.000       23.000        0.000        0.000       12.000
   615:       41.000        1.000        5.000        0.000        1.420
   620:       41.000        3.000        1.000        0.000        1.420
   625:       41.000       15.000        0.000        0.000       15.000
   630:       42.000        1.000        5.000        0.000        0.680
   635:       42.000        3.000        1.000        0.000        0.680
   640:       42.000       37.000        2.000        0.000       14.000
   645:       43.000        1.000        4.000        0.000        0.410
   650:       43.000        3.000        1.000        0.000        0.410
   655:       43.000       24.000        0.000        0.000       13.000
   660:       44.000        1.000        6.000        0.000        0.490
   665:       44.000        3.000        1.000        0.000        0.490
   670:       44.000       13.000        0.000        0.000       13.000
   675:       45.000        1.000        6.000        0.000        0.170
   680:       45.000        3.000        1.000        0.000        0.170
   685:       45.000       16.000        0.000        0.000       19.000
   690:       46.000        1.000        5.000        0.000        0.430
   695:       46.000        3.000        1.000        0.000        0.430
   700:       46.000       26.000        1.000        0.000       13.000
   705:       47.000        1.000        4.000        0.000        1.030
   710:       47.000        3.000        1.000        0.000        1.030
   715:       47.000       19.000        0.000        0.000       16.000
   720:       48.000        1.000        5.000        0.000        0.730
   725:       48.000        3.000        1.000        0.000        0.730
   730:       48.000       24.000        0.000        0.000       14.000
   735:       49.000        1.000        5.000        0.000        2.110
   740:       49.000        3.000        1.000        0.000        2.110
   745:       49.000       21.000        0.000        0.000       15.000
   750:       50.000        1.000        1.000        0.000        3.560
   755:       50.000        3.000        1.000        0.000        3.560
   760:       50.000       21.000        0.000        0.000       13.000
   765:       51.000        1.000        5.000        0.000        0.870
   770:       51.000        3.000        1.000        0.000        0.870
   775:       51.000       25.000        2.000        0.000       15.000
   780:       52.000        1.000        5.000        0.000        7.750
   785:       52.000        3.000        1.000        0.000        7.750
   790:       52.000       22.000        1.000        0.000       12.000
   795:       53.000        1.000        4.000        0.000        0.560
   800:       53.000        3.000        1.000        0.000        0.560
   805:       53.000       19.000        2.000        0.000       13.000
   810:       54.000        1.000        7.000        0.000        0.740
   815:       54.000        3.000        1.000        0.000        0.740
   820:       54.000       21.000        0.000        0.000       14.000
   825:       55.000        1.000        5.000        0.000        0.980
   830:       55.000        3.000        1.000        0.000        0.980
   835:       55.000       25.000        1.000        0.000       17.000
   840:       56.000        1.000        4.000        0.000        0.940
   845:       56.000        3.000        1.000        0.000        0.940
   850:       56.000       40.000        0.000        0.000       15.000
   855:       57.000        1.000        3.000        0.000        6.570
   860:       57.000        3.000        1.000        0.000        6.570
   865:       57.000       28.000        0.000        0.000       18.000
   870:       58.000        1.000        5.000        0.000        1.080
   875:       58.000        3.000        1.000        0.000        1.080
   880:       58.000       17.000        0.000        0.000       15.000
   885:       59.000        1.000        5.000        0.000        1.660
   890:       59.000        3.000        1.000        0.000        1.660
   895:       59.000       15.000        0.000        0.000       14.000
   900:       60.000        1.000        4.000        0.000        0.960
   905:       60.000        3.000        1.000        0.000        0.960
   910:       60.000       27.000        0.000        0.000       10.000
   915:       61.000        1.000        5.000        0.000        1.780
   920:       61.000        3.000        1.000        0.000        1.780
   925:       61.000       23.000        0.000        0.000       14.000
   930:       62.000        1.000        4.000        0.000        3.800
   935:       62.000        3.000        1.000        0.000        3.800
   940:       62.000       23.000        0.000        0.000       16.000
   945:       63.000        1.000        3.000        0.000        1.300
   950:       63.000        3.000        1.000        0.000        1.300
   955:       63.000       26.000        0.000        0.000       20.000
   960:       64.000        1.000        2.000        0.000        1.000
   965:       64.000        3.000        1.000        0.000        1.000
   970:       64.000       18.000        0.000        0.000       17.000
   975:       65.000        1.000        8.000        0.000        0.730
   980:       65.000        3.000        1.000        0.000        0.730
   985:       65.000       22.000        0.000        0.000       14.000
   990:       66.000        1.000        2.000        0.000        1.520
   995:       66.000        3.000        1.000        0.000        1.520
  1000:       66.000       26.000        0.000        0.000       14.000
  1005:       67.000        1.000        3.000        0.000        3.360
  1010:       67.000        3.000        1.000        0.000        3.360
  1015:       67.000       15.000        0.000        0.000       12.000
  1020:       68.000        1.000        3.000        0.000        3.760
  1025:       68.000        3.000        1.000        0.000        3.760
  1030:       68.000       24.000        0.000        0.000       13.000
  1035:       69.000        1.000        7.000        0.000        1.550
  1040:       69.000        3.000        1.000        0.000        1.550
  1045:       69.000       18.000        0.000        0.000       16.000
  1050:       70.000        1.000        4.000        0.000        1.490
  1055:       70.000        3.000        1.000        0.000        1.490
  1060:       70.000       21.000        0.000        0.000       14.000
  1065:       71.000        1.000        3.000        0.000        2.000
  1070:       71.000        3.000        1.000        0.000        2.000
  1075:       71.000       15.000        0.000        0.000       14.000
  1080:       72.000        1.000        2.000        0.000        2.390
  1085:       72.000        3.000        1.000        0.000        2.390
  1090:       72.000       15.000        0.000        0.000       13.000
  1095:       73.000        1.000        3.000        0.000        1.200
  1100:       73.000        3.000        1.000        0.000        1.200
  1105:       73.000       27.000        0.000        0.000       17.000
  1110:       74.000        1.000        4.000        0.000        1.530
  1115:       74.000        3.000        1.000        0.000        1.530
  1120:       74.000       19.000        0.000        0.000       17.000
  1125:       75.000        1.000        6.000        0.000        0.830
  1130:       75.000        3.000        1.000        0.000        0.830
  1135:       75.000       11.000        0.000        0.000       18.000
  1140:       76.000        1.000        3.000        0.000        0.900
  1145:       76.000        3.000        1.000        0.000        0.900
  1150:       76.000       18.000       11.000        0.000       15.000
  1155:       77.000        1.000        4.000        0.000        0.900
  1160:       77.000        3.000        1.000        0.000        0.900
  1165:       77.000       17.000        0.000        0.000       11.000
  1170:       78.000        1.000        5.000        0.000        0.750
  1175:       78.000        3.000        1.000        0.000        0.750
  1180:       78.000       23.000        2.000        0.000       16.000
  1185:       79.000        1.000        5.000        0.000        0.870
  1190:       79.000        3.000        1.000        0.000        0.870
  1195:       79.000       24.000        1.000        0.000       16.000
  1200:       80.000        1.000        5.000        0.000        0.160
  1205:       80.000        3.000        1.000        0.000        0.160
  1210:       80.000       26.000        0.000        0.000       17.000
  1215:       81.000        1.000        2.000        0.000        1.720
  1220:       81.000        3.000        1.000        0.000        1.720
  1225:       81.000       23.000        0.000        0.000       14.000
  1230:       82.000        1.000        4.000        0.000        2.330
  1235:       82.000        3.000        1.000        0.000        2.330
  1240:       82.000       14.000        0.000        0.000       12.000
  1245:       83.000        1.000        9.000        0.000        0.590
  1250:       83.000        3.000        1.000        0.000        0.590
  1255:       83.000       31.000        0.000        0.000       16.000
  1260:       84.000        1.000        3.000        0.000       17.590
  1265:       84.000        3.000        1.000        0.000       17.590
  1270:       84.000       14.000        0.000        0.000       16.000
  1275:       85.000        1.000        6.000        0.000        1.070
  1280:       85.000        3.000        1.000        0.000        1.070
  1285:       85.000       18.000        0.000        0.000       19.000
  1290:       86.000        1.000        1.000        0.000        1.710
  1295:       86.000        3.000        1.000        0.000        1.710
  1300:       86.000       22.000        1.000        0.000       11.000
  1305:       87.000        1.000        7.000        0.000        1.280
  1310:       87.000        3.000        1.000        0.000        1.280
  1315:       87.000       20.000        0.000        0.000       15.000
  1320:       88.000        1.000        1.000        0.000        7.550
  1325:       88.000        3.000        1.000        0.000        7.550
  1330:       88.000       14.000        0.000        0.000       16.000
  1335:       89.000        1.000        2.000        0.000        1.770
  1340:       89.000        3.000        1.000        0.000        1.770
  1345:       89.000       17.000        0.000        0.000       16.000
  1350:       90.000        1.000        6.000        0.000        2.920
  1355:       90.000        3.000        1.000        0.000        2.920
  1360:       90.000       14.000        0.000        0.000       16.000
  1365:       91.000        1.000        5.000        0.000        2.160
  1370:       91.000        3.000        1.000        0.000        2.160
  1375:       91.000       15.000        0.000        0.000       15.000
  1380:       92.000        1.000        3.000        0.000        2.230
  1385:       92.000        3.000        1.000        0.000        2.230
  1390:       92.000       11.000        0.000        0.000       14.000
  1395:       93.000        1.000        4.000        0.000        0.640
  1400:       93.000        3.000        1.000        0.000        0.640
  1405:       93.000       16.000        2.000        0.000       13.000
  1410:       94.000        1.000        5.000        0.000        1.030
  1415:       94.000        3.000        1.000        0.000        1.030
  1420:       94.000       19.000        0.000        0.000       14.000
  1425:       95.000        1.000        4.000        0.000       19.980
  1430:       95.000        3.000        1.000        0.000       19.980
  1435:       95.000       14.000        2.000        0.000       16.000
  1440:       96.000        1.000        5.000        0.000        2.140
  1445:       96.000        3.000        1.000        0.000        2.140
  1450:       96.000       19.000        0.000        0.000       18.000
  1455:       97.000        1.000        6.000        0.000        1.140
  1460:       97.000        3.000        1.000        0.000        1.140
  1465:       97.000       16.000        0.000        0.000       15.000
  1470:       98.000        1.000        5.000        0.000        0.100
  1475:       98.000        3.000        1.000        0.000        0.100
  1480:       98.000       14.000        0.000        0.000       13.000
  1485:       99.000        1.000        6.000        0.000        0.120
  1490:       99.000        3.000        1.000        0.000        0.120
  1495:       99.000       10.000        0.000        0.000       17.000
  1500:      100.000        1.000        5.000        0.000        2.390
  1505:      100.000        3.000        1.000        0.000        2.390
  1510:      100.000       12.000        2.000        0.000       16.000
D:
     0:        0.000        0.000        0.000        0.000        0.000
     5:        0.000        0.000        0.000        0.000        0.000
    10:        0.000        0.000        0.000        0.000        0.000
    15:        1.000       15.000       90.000       40.000       46.660
    20:        1.000       61.660       62.660       41.660       61.660
    25:        1.000       25.000       80.000       15.000       15.150
    30:        2.000      105.000      180.000      130.000      137.060
    35:        2.000      152.060      153.060      132.060      152.060
    40:        2.000      115.000      170.000      105.000      105.150
    45:        3.000      197.000      272.000      222.000      227.620
    50:        3.000      242.620      243.620      222.620      242.620
    55:        3.000      207.000      262.000      197.000      197.150
    60:        4.000      289.000      364.000      314.000      319.800
    65:        4.000      334.800      335.800      314.800      334.800
    70:        4.000      299.000      354.000      289.000      289.150
    75:        5.000      380.000      455.000      405.000      410.250
    80:        5.000      425.250      426.250      405.250      425.250
    85:        5.000      390.000      445.000      380.000      380.150
    90:        6.000      469.000      544.000      494.000      500.030
    95:        6.000      515.030      516.030      495.030      515.030
   100:        6.000      479.000      534.000      469.000      469.150
   105:        7.000      559.000      634.000      584.000      589.160
   110:        7.000      604.160      605.160      584.160      604.160
   115:        7.000      569.000      624.000      559.000      559.150
   120:        8.000      647.000      722.000      672.000      678.830
   125:        8.000      693.830      694.830      673.830      693.830
   130:        8.000      657.000      712.000      647.000      647.150
   135:        9.000      735.000      810.000      760.000      765.250
   140:        9.000      780.250      781.250      760.250      780.250
   145:        9.000      745.000      800.000      735.000      735.150
   150:       10.000      825.000      900.000      850.000      855.720
   155:       10.000      870.720      871.720      850.720      870.720
   160:       10.000      835.000      890.000      825.000      825.150
   165:       11.000      916.000      991.000      941.000      946.170
   170:       11.000      961.170      962.170      941.170      961.170
   175:       11.000      926.000      981.000      916.000      916.150
   180:       12.000     1010.000     1085.000     1035.000     1040.190
   185:       12.000     1055.190     1056.190     1035.190     1055.190
   190:       12.000     1020.000     1075.000     1010.000     1010.150
   195:       13.000     1100.000     1175.000     1125.000     1131.890
   200:       13.000     1146.890     1147.890     1126.890     1146.890
   205:       13.000     1110.000     1165.000     1100.000     1100.150
   210:       14.000     1187.000     1262.000     1212.000     1217.180
   215:       14.000     1232.180     1233.180     1212.180     1232.180
   220:       14.000     1197.000     1252.000     1187.000     1187.150
   225:       15.000     1272.000     1347.000     1297.000     1302.120
   230:       15.000     1317.120     1318.120     1297.120     1317.120
   235:       15.000     1282.000     1337.000     1272.000     1272.150
   240:       16.000     1366.000     1441.000     1391.000     1396.670
   245:       16.000     1411.670     1412.670     1391.670     1411.670
   250:       16.000     1376.000     1431.000     1366.000     1366.150
   255:       17.000     1457.000     1532.000     1482.000     1487.740
   260:       17.000     1502.740     1503.740     1482.740     1502.740
   265:       17.000     1467.000     1522.000     1457.000     1457.150
   270:       18.000     1546.000     1621.000     1571.000     1576.900
   275:       18.000     1591.900     1592.900     1571.900     1591.900
   280:       18.000     1556.000     1611.000     1546.000     1546.150
   285:       19.000     1635.000     1710.000     1660.000     1665.560
   290:       19.000     1680.560     1681.560     1660.560     1680.560
   295:       19.000     1645.000     1700.000     1635.000     1635.150
   300:       20.000     1722.000     1797.000     1747.000     1752.980
   305:       20.000     1767.980     1768.980     1747.980     1767.980
   310:       20.000     1732.000     1787.000     1722.000     1722.150
   315:       21.000     1814.000     1889.000     1839.000     1844.860
   320:       21.000     1859.860     1860.860     1839.860     1859.860
   325:       21.000     1824.000     1879.000     1814.000     1814.150
   330:       22.000     1905.000     1980.000     1930.000     1935.160
   335:       22.000     1950.160     1951.160     1930.160     1950.160
   340:       22.000     1915.000     1970.000     1905.000     1905.150
   345:       23.000     1994.000     2069.000     2019.000     2025.420
   350:       23.000     2040.420     2041.420     2020.420     2040.420
   355:       23.000     2004.000     2059.000     1994.000     1994.150
   360:       24.000     2084.000     2159.000     2109.000     2114.730
   365:       24.000     2129.730     2130.730     2109.730     2129.730
   370:       24.000     2094.000     2149.000     2084.000     2084.150
   375:       25.000     2176.000     2251.000     2201.000     2208.580
   380:       25.000     2223.580     2224.580     2203.580     2223.580
   385:       25.000     2186.000     2241.000     2176.000     2176.150
   390:       26.000     2263.000     2338.000     2288.000     2294.610
   395:       26.000     2309.610     2310.610     2289.610     2309.610
   400:       26.000     2273.000     2328.000     2263.000     2263.150
   405:       27.000     2355.000     2430.000     2380.000     2385.750
   410:       27.000     2400.750     2401.750     2380.750     2400.750
   415:       27.000     2365.000     2420.000     2355.000     2355.150
   420:       28.000     2446.000     2521.000     2471.000     2476.130
   425:       28.000     2491.130     2492.130     2471.130     2491.130
   430:       28.000     2456.000     2511.000     2446.000     2446.150
   435:       29.000     2536.000     2611.000     2561.000     2568.280
   440:       29.000     2583.280     2584.280     2563.280     2583.280
   445:       29.000     2546.000     2601.000     2536.000     2536.150
   450:       30.000     2627.000     2702.000     2652.000     2657.750
   455:       30.000     2672.750     2673.750     2652.750     2672.750
   460:       30.000     2637.000     2692.000     2627.000     2627.150
   465:       31.000     2714.000     2789.000     2739.000     2744.250
   470:       31.000     2759.250     2760.250     2739.250     2759.250
   475:       31.000     2724.000     2779.000     2714.000     2714.150
   480:       32.000     2807.000     2882.000     2832.000     2837.180
   485:       32.000     2852.180     2853.180     2832.180     2852.180
   490:       32.000     2817.000     2872.000     2807.000     2807.150
   495:       33.000     2896.000     2971.000     2921.000     2927.520
   500:       33.000     2942.520     2943.520     2922.520     2942.520
   505:       33.000     2906.000     2961.000     2896.000     2896.150
   510:       34.000     2987.000     3062.000     3012.000     3018.090
   515:       34.000     3033.090     3034.090     3013.090     3033.090
   520:       34.000     2997.000     3052.000     2987.000     2987.150
   525:       35.000     3077.000     3152.000     3102.000     3107.150
   530:       35.000     3122.150     3123.150     3102.150     3122.150
   535:       35.000     3087.000     3142.000     3077.000     3077.150
   540:       36.000     3170.000     3245.000     3195.000     3202.450
   545:       36.000     3217.450     3218.450     3197.450     3217.450
   550:       36.000     3180.000     3235.000     3170.000     3170.150
   555:       37.000     3263.000     3338.000     3288.000     3294.480
   560:       37.000     3309.480     3310.480     3289.480     3309.480
   565:       37.000     3273.000     3328.000     3263.000     3263.150
   570:       38.000     3352.000     3427.000     3377.000     3385.700
   575:       38.000     3400.700     3401.700     3380.700     3400.700
   580:       38.000     3362.000     3417.000     3352.000     3352.150
   585:       39.000     3446.000     3521.000     3471.000     3477.240
   590:       39.000     3492.240     3493.240     3472.240     3492.240
   595:       39.000     3456.000     3511.000     3446.000     3446.150
   600:       40.000     3535.000     3610.000     3560.000     3566.800
   605:       40.000     3581.800     3582.800     3561.800     3581.800
   610:       40.000     3545.000     3600.000     3535.000     3535.150
   615:       41.000     3622.000     3697.000     3647.000     3653.420
   620:       41.000     3668.420     3669.420     3648.420     3668.420
   625:       41.000     3632.000     3687.000     3622.000     3622.150
   630:       42.000     3712.000     3787.000     3737.000     3742.680
   635:       42.000     3757.680     3758.680     3737.680     3757.680
   640:       42.000     3722.000     3777.000     3712.000     3712.150
   645:       43.000     3801.000     3876.000     3826.000     3831.410
   650:       43.000     3846.410     3847.410     3826.410     3846.410
   655:       43.000     3811.000     3866.000     3801.000     3801.150
   660:       44.000     3889.000     3964.000     3914.000     3919.490
   665:       44.000     3934.490     3935.490     3914.490     3934.490
   670:       44.000     3899.000     3954.000     3889.000     3889.150
   675:       45.000     3977.000     4052.000     4002.000     4007.170
   680:       45.000     4022.170     4023.170     4002.170     4022.170
   685:       45.000     3987.000     4042.000     3977.000     3977.150
   690:       46.000     4071.000     4146.000     4096.000     4101.430
   695:       46.000     4116.430     4117.430     4096.430     4116.430
   700:       46.000     4081.000     4136.000     4071.000     4071.150
   705:       47.000     4159.000     4234.000     4184.000     4190.030
   710:       47.000     4205.030     4206.030     4185.030     4205.030
   715:       47.000     4169.000     4224.000     4159.000     4159.150
   720:       48.000     4250.000     4325.000     4275.000     4280.730
   725:       48.000     4295.730     4296.730     4275.730     4295.730
   730:       48.000     4260.000     4315.000     4250.000     4250.150
   735:       49.000     4339.000     4414.000     4364.000     4371.110
   740:       49.000     4386.110     4387.110     4366.110     4386.110
   745:       49.000     4349.000     4404.000     4339.000     4339.150
   750:       50.000     4429.000     4504.000     4454.000     4462.560
   755:       50.000     4477.560     4478.560     4457.560     4477.560
   760:       50.000     4439.000     4494.000     4429.000     4429.150
   765:       51.000     4517.000     4592.000     4542.000     4547.870
   770:       51.000     4562.870     4563.870     4542.870     4562.870
   775:       51.000     4527.000     4582.000     4517.000     4517.150
   780:       52.000     4607.000     4682.000     4632.000     4644.750
   785:       52.000     4659.750     4660.750     4639.750     4659.750
   790:       52.000     4617.000     4672.000     4607.000     4607.150
   795:       53.000     4694.000     4769.000     4719.000     4724.560
   800:       53.000     4739.560     4740.560     4719.560     4739.560
   805:       53.000     4704.000     4759.000     4694.000     4694.150
   810:       54.000     4782.000     4857.000     4807.000     4812.740
   815:       54.000     4827.740     4828.740     4807.740     4827.740
   820:       54.000     4792.000     4847.000     4782.000     4782.150
   825:       55.000     4871.000     4946.000     4896.000     4901.980
   830:       55.000     4916.980     4917.980     4896.980     4916.980
   835:       55.000     4881.000     4936.000     4871.000     4871.150
   840:       56.000     4963.000     5038.000     4988.000     4993.940
   845:       56.000     5008.940     5009.940     4988.940     5008.940
   850:       56.000     4973.000     5028.000     4963.000     4963.150
   855:       57.000     5053.000     5128.000     5078.000     5089.570
   860:       57.000     5104.570     5105.570     5084.570     5104.570
   865:       57.000     5063.000     5118.000     5053.000     5053.150
   870:       58.000     5146.000     5221.000     5171.000     5177.080
   875:       58.000     5192.080     5193.080     5172.080     5192.080
   880:       58.000     5156.000     5211.000     5146.000     5146.150
   885:       59.000     5236.000     5311.000     5261.000     5267.660
   890:       59.000     5282.660     5283.660     5262.660     5282.660
   895:       59.000     5246.000     5301.000     5236.000     5236.150
   900:       60.000     5325.000     5400.000     5350.000     5355.960
   905:       60.000     5370.960     5371.960     5350.960     5370.960
   910:       60.000     5335.000     5390.000     5325.000     5325.150
   915:       61.000     5410.000     5485.000     5435.000     5441.780
   920:       61.000     5456.780     5457.780     5436.780     5456.780
   925:       61.000     5420.000     5475.000     5410.000     5410.150
   930:       62.000     5499.000     5574.000     5524.000     5532.800
   935:       62.000     5547.800     5548.800     5527.800     5547.800
   940:       62.000     5509.000     5564.000     5499.000     5499.150
   945:       63.000     5590.000     5665.000     5615.000     5621.300
   950:       63.000     5636.300     5637.300     5616.300     5636.300
   955:       63.000     5600.000     5655.000     5590.000     5590.150
   960:       64.000     5685.000     5760.000     5710.000     5716.000
   965:       64.000     5731.000     5732.000     5711.000     5731.000
   970:       64.000     5695.000     5750.000     5685.000     5685.150
   975:       65.000     5777.000     5852.000     5802.000     5807.730
   980:       65.000     5822.730     5823.730     5802.730     5822.730
   985:       65.000     5787.000     5842.000     5777.000     5777.150
   990:       66.000     5866.000     5941.000     5891.000     5897.520
   995:       66.000     5912.520     5913.520     5892.520     5912.520
  1000:       66.000     5876.000     5931.000     5866.000     5866.150
  1005:       67.000     5955.000     6030.000     5980.000     5988.360
  1010:       67.000     6003.360     6004.360     5983.360     6003.360
  1015:       67.000     5965.000     6020.000     5955.000     5955.150
  1020:       68.000     6042.000     6117.000     6067.000     6075.760
  1025:       68.000     6090.760     6091.760     6070.760     6090.760
  1030:       68.000     6052.000     6107.000     6042.000     6042.150
  1035:       69.000     6130.000     6205.000     6155.000     6161.550
  1040:       69.000     6176.550     6177.550     6156.550     6176.550
  1045:       69.000     6140.000     6195.000     6130.000     6130.150
  1050:       70.000     6221.000     6296.000     6246.000     6252.490
  1055:       70.000     6267.490     6268.490     6247.490     6267.490
  1060:       70.000     6231.000     6286.000     6221.000     6221.150
  1065:       71.000     6310.000     6385.000     6335.000     6342.000
  1070:       71.000     6357.000     6358.000     6337.000     6357.000
  1075:       71.000     6320.000     6375.000     6310.000     6310.150
  1080:       72.000     6399.000     6474.000     6424.000     6431.390
  1085:       72.000     6446.390     6447.390     6426.390     6446.390
  1090:       72.000     6409.000     6464.000     6399.000     6399.150
  1095:       73.000     6487.000     6562.000     6512.000     6518.200
  1100:       73.000     6533.200     6534.200     6513.200     6533.200
  1105:       73.000     6497.000     6552.000     6487.000     6487.150
  1110:       74.000     6579.000     6654.000     6604.000     6610.530
  1115:       74.000     6625.530     6626.530     6605.530     6625.530
  1120:       74.000     6589.000     6644.000     6579.000     6579.150
  1125:       75.000     6671.000     6746.000     6696.000     6701.830
  1130:       75.000     6716.830     6717.830     6696.830     6716.830
  1135:       75.000     6681.000     6736.000     6671.000     6671.150
  1140:       76.000     6764.000     6839.000     6789.000     6794.900
  1145:       76.000     6809.900     6810.900     6789.900     6809.900
  1150:       76.000     6774.000     6829.000     6764.000     6764.150
  1155:       77.000     6854.000     6929.000     6879.000     6884.900
  1160:       77.000     6899.900     6900.900     6879.900     6899.900
  1165:       77.000     6864.000     6919.000     6854.000     6854.150
  1170:       78.000     6940.000     7015.000     6965.000     6970.750
  1175:       78.000     6985.750     6986.750     6965.750     6985.750
  1180:       78.000     6950.000     7005.000     6940.000     6940.150
  1185:       79.000     7031.000     7106.000     7056.000     7061.870
  1190:       79.000     7076.870     7077.870     7056.870     7076.870
  1195:       79.000     7041.000     7096.000     7031.000     7031.150
  1200:       80.000     7122.000     7197.000     7147.000     7152.160
  1205:       80.000     7167.160     7168.160     7147.160     7167.160
  1210:       80.000     7132.000     7187.000     7122.000     7122.150
  1215:       81.000     7214.000     7289.000     7239.000     7245.720
  1220:       81.000     7260.720     7261.720     7240.720     7260.720
  1225:       81.000     7224.000     7279.000     7214.000     7214.150
  1230:       82.000     7303.000     7378.000     7328.000     7335.330
  1235:       82.000     7350.330     7351.330     7330.330     7350.330
  1240:       82.000     7313.000     7368.000     7303.000     7303.150
  1245:       83.000     7390.000     7465.000     7415.000     7420.590
  1250:       83.000     7435.590     7436.590     7415.590     7435.590
  1255:       83.000     7400.000     7455.000     7390.000     7390.150
  1260:       84.000     7481.000     7556.000     7506.000     7528.590
  1265:       84.000     7543.590     7544.590     7523.590     7543.590
  1270:       84.000     7491.000     7546.000     7481.000     7481.150
  1275:       85.000     7572.000     7647.000     7597.000     7603.070
  1280:       85.000     7618.070     7619.070     7598.070     7618.070
  1285:       85.000     7582.000     7637.000     7572.000     7572.150
  1290:       86.000     7666.000     7741.000     7691.000     7697.710
  1295:       86.000     7712.710     7713.710     7692.710     7712.710
  1300:       86.000     7676.000     7731.000     7666.000     7666.150
  1305:       87.000     7752.000     7827.000     7777.000     7783.280
  1310:       87.000     7798.280     7799.280     7778.280     7798.280
  1315:       87.000     7762.000     7817.000     7752.000     7752.150
  1320:       88.000     7842.000     7917.000     7867.000     7879.550
  1325:       88.000     7894.550     7895.550     7874.550     7894.550
  1330:       88.000     7852.000     7907.000     7842.000     7842.150
  1335:       89.000     7933.000     8008.000     7958.000     7964.770
  1340:       89.000     7979.770     7980.770     7959.770     7979.770
  1345:       89.000     7943.000     7998.000     7933.000     7933.150
  1350:       90.000     8024.000     8099.000     8049.000     8056.920
  1355:       90.000     8071.920     8072.920     8051.920     8071.920
  1360:       90.000     8034.000     8089.000     8024.000     8024.150
  1365:       91.000     8115.000     8190.000     8140.000     8147.160
  1370:       91.000     8162.160     8163.160     8142.160     8162.160
  1375:       91.000     8125.000     8180.000     8115.000     8115.150
  1380:       92.000     8205.000     8280.000     8230.000     8237.230
  1385:       92.000     8252.230     8253.230     8232.230     8252.230
  1390:       92.000     8215.000     8270.000     8205.000     8205.150
  1395:       93.000     8294.000     8369.000     8319.000     8324.640
  1400:       93.000     8339.640     8340.640     8319.640     8339.640
  1405:       93.000     8304.000     8359.000     8294.000     8294.150
  1410:       94.000     8382.000     8457.000     8407.000     8413.030
  1415:       94.000     8428.030     8429.030     8408.030     8428.030
  1420:       94.000     8392.000     8447.000     8382.000     8382.150
  1425:       95.000     8471.000     8546.000     8496.000     8520.980
  1430:       95.000     8535.980     8536.980     8515.980     8535.980
  1435:       95.000     8481.000     8536.000     8471.000     8471.150
  1440:       96.000     8562.000     8637.000     8587.000     8594.140
  1445:       96.000     8609.140     8610.140     8589.140     8609.140
  1450:       96.000     8572.000     8627.000     8562.000     8562.150
  1455:       97.000     8655.000     8730.000     8680.000     8686.140
  1460:       97.000     8701.140     8702.140     8681.140     8701.140
  1465:       97.000     8665.000     8720.000     8655.000     8655.150
  1470:       98.000     8745.000     8820.000     8770.000     8775.100
  1475:       98.000     8790.100     8791.100     8770.100     8790.100
  1480:       98.000     8755.000     8810.000     8745.000     8745.150
  1485:       99.000     8833.000     8908.000     8858.000     8863.120
  1490:       99.000     8878.120     8879.120     8858.120     8878.120
  1495:       99.000     8843.000     8898.000     8833.000     8833.150
  1500:      100.000     8925.000     9000.000     8950.000     8957.390
  1505:      100.000     8972.390     8973.390     8952.390     8972.390
  1510:      100.000     8935.000     8990.000     8925.000     8925.150
F:
     0:       50.590       52.760       54.080       55.060       56.950
     5:       57.460       57.490       59.990       61.020       61.060
    10:       61.530       64.760       65.320       65.450       65.830
    15:       68.400       69.080      140.920      142.020      143.540
    20:      144.470      144.760      145.300      145.580      148.750
    25:      149.450      150.190      151.950      152.300      158.370
    30:      159.720      160.150      211.490      221.330      228.860
    35:      229.130      229.710      229.880      230.000      230.540
    40:      231.240      231.520      231.660      232.530      234.030
    45:      234.210      234.350      235.480      239.580      240.130
    50:      240.250      246.140      246.680      247.030      247.860
    55:      303.830      310.470      321.140      325.310      325.730
    60:      326.770      327.060      327.110      327.840      327.970
    65:      329.470      331.130      331.620      331.700      337.300
    70:      337.400      341.260      341.420      341.610      343.430
    75:      404.010      416.600      417.260      417.800      418.800
    80:      420.370      421.480      421.710      421.910      422.470
    85:      422.530      422.590      423.070      423.250      423.730
    90:      428.010      428.280      428.390      430.440      431.070
    95:      432.020      432.340      432.840      508.070      508.850
   100:      509.520      510.830      511.170      511.720      511.800
   105:      519.780      519.990      520.200      522.770      583.140
   110:      592.700      593.370      593.610      594.410      594.530
   115:      595.150      595.360      602.410      602.470      613.490
   120:      685.440      686.870      687.480      687.940      688.940
   125:      689.170      698.480      699.230      699.420      702.530
   130:      703.510      709.030      709.220      775.320      777.120
   135:      777.920      778.210      778.680      778.960      779.470
   140:      783.290      783.470      783.490      783.890      785.650
   145:      843.700      856.670      856.880      856.960      857.760
   150:      858.120      858.410      863.330      863.980      875.300
   155:      875.490      876.330      876.510      879.090      879.300
   160:      879.840      880.000      880.070      880.310      883.120
   165:      937.750      948.200      949.160      949.440      949.570
   170:      949.800      952.050      952.080      952.250      952.350
   175:      957.920      957.990      958.170      958.270      960.350
   180:      960.720      961.130      964.700      964.750     1026.160
   185:     1033.870     1041.420     1042.530     1042.740     1043.100
   190:     1043.590     1043.640     1044.040     1044.960     1045.110
   195:     1045.520     1045.640     1045.790     1045.930     1049.570
   200:     1049.660     1053.480     1057.880     1063.800     1063.950
   205:     1064.100     1064.580     1064.740     1064.860     1135.870
   210:     1138.840     1140.300     1141.050     1141.340     1141.670
   215:     1141.710     1142.590     1143.300     1143.490     1143.600
   220:     1144.500     1144.550     1144.790     1145.920     1149.810
   225:     1149.970     1222.090     1222.600     1223.210     1223.700
   230:     1224.400     1224.680     1224.990     1225.070     1227.130
   235:     1227.210     1227.890     1227.980     1235.760     1236.050
   240:     1306.260     1306.290     1306.970     1307.260     1307.620
   245:     1308.110     1308.760     1309.800     1309.970     1310.350
   250:     1310.410     1311.600     1311.960     1311.990     1312.190
   255:     1313.450     1313.680     1320.240     1320.340     1321.110
   260:     1321.820     1322.480     1324.110     1399.360     1401.000
   265:     1401.690     1402.030     1402.630     1403.220     1403.510
   270:     1403.670     1407.180     1407.860     1408.170     1408.420
   275:     1408.510     1413.910     1415.760     1418.420     1419.110
   280:     1490.820     1492.050     1492.890     1493.080     1496.900
   285:     1497.810     1497.850     1498.290     1498.410     1501.560
   290:     1501.950     1502.060     1502.100     1505.690     1505.750
   295:     1511.620     1579.050     1586.690     1586.770     1587.380
   300:     1589.210     1590.040     1590.120     1591.300     1591.650
   305:     1591.770     1594.540     1594.860     1596.220     1599.560
   310:     1599.650     1599.770     1600.230     1601.550     1652.970
   315:     1654.060     1654.210     1666.670     1667.510     1667.920
   320:     1668.610     1668.830     1668.960     1669.060     1671.400
   325:     1671.700     1671.830     1671.950     1672.030     1672.080
   330:     1672.230     1672.340     1676.560     1676.610     1746.790
   335:     1753.800     1768.610     1768.670     1768.770     1768.980
   340:     1772.200     1772.240     1773.560     1783.120     1786.580
   345:     1786.980     1849.280     1850.020     1850.210     1850.540
   350:     1850.830     1850.960     1851.410     1851.530     1851.660
   355:     1851.750     1853.340     1853.460     1853.590     1854.880
   360:     1854.960     1855.360     1855.770     1855.810     1859.720
   365:     1864.630     1865.400     1936.040     1936.600     1936.710
   370:     1936.900     1937.220     1937.880     1938.610     1939.030
   375:     1939.370     1939.410     1940.280     1940.400     1940.430
   380:     1943.160     1943.370     1943.460     1943.530     1948.420
   385:     1953.480     1954.550     2007.990     2011.850     2015.620
   390:     2015.670     2016.720     2017.630     2017.840     2018.980
   395:     2029.180     2029.460     2029.550     2030.410     2030.810
   400:     2031.780     2032.060     2032.260     2032.310     2034.550
   405:     2034.650     2034.850     2034.990     2035.030     2039.960
   410:     2040.020     2043.840     2044.050     2045.340     2046.370
   415:     2046.470     2118.770     2119.560     2120.100     2120.540
   420:     2120.940     2121.980     2122.030     2122.430     2122.490
   425:     2123.420     2123.550     2124.400     2125.660     2125.800
   430:     2125.850     2128.600     2128.790     2128.890     2129.080
   435:     2198.660     2199.690     2220.470     2220.870     2221.170
   440:     2222.450     2223.030     2223.750     2227.080     2285.510
   445:     2298.460     2298.850     2300.150     2300.500     2301.360
   450:     2301.430     2301.920     2302.200     2302.340     2302.360
   455:     2306.240     2306.790     2306.900     2324.390     2368.290
   460:     2387.430     2388.250     2388.760     2389.060     2389.150
   465:     2389.650     2389.780     2390.410     2390.830     2391.140
   470:     2392.630     2393.380     2393.450     2393.690     2393.930
   475:     2394.030     2394.200     2394.480     2394.560     2394.930
   480:     2395.020     2400.130     2400.220     2404.080     2404.250
   485:     2404.510     2404.980     2405.470     2480.380     2480.910
   490:     2482.260     2483.010     2483.630     2484.600     2484.990
   495:     2485.240     2485.290     2485.610     2485.790     2486.070
   500:     2486.710     2486.830     2486.950     2487.100     2487.180
   505:     2488.220     2488.360     2488.580     2491.170     2491.220
   510:     2495.110     2495.420     2495.720     2495.880     2495.960
   515:     2496.830     2497.110     2497.650     2550.540     2559.470
   520:     2560.560     2560.840     2561.000     2569.210     2569.530
   525:     2569.990     2570.610     2571.000     2571.360     2571.740
   530:     2571.990     2572.320     2572.650     2572.880     2574.860
   535:     2574.960     2575.100     2575.150     2575.230     2580.360
   540:     2580.440     2580.520     2581.230     2583.400     2583.540
   545:     2658.500     2659.160     2659.640     2660.230     2661.350
   550:     2661.570     2661.700     2661.870     2662.060     2664.220
   555:     2664.520     2664.570     2664.830     2664.950     2665.140
   560:     2665.380     2669.360     2669.780     2669.950     2671.460
   565:     2671.720     2672.340     2676.610     2730.040     2730.660
   570:     2745.010     2745.580     2746.040     2746.230     2746.930
   575:     2747.770     2748.020     2748.290     2748.490     2749.390
   580:     2749.450     2752.370     2752.460     2752.620     2752.950
   585:     2755.620     2755.690     2755.930     2759.180     2759.470
   590:     2761.660     2761.760     2762.450     2776.280     2776.450
   595:     2824.190     2824.270     2830.370     2830.470     2830.580
   600:     2830.650     2830.790     2840.190     2844.020     2845.990
   605:     2847.790     2849.080     2850.000     2850.910     2850.990
   610:     2851.170     2851.600     2851.820     2851.970     2852.100
   615:     2852.350     2857.110     2860.930     2915.630     2915.680
   620:     2920.490     2930.660     2931.190     2931.890     2932.170
   625:     2932.420     2932.530     2933.340     2933.650     2933.690
   630:     2934.890     2935.060     2935.330     2935.480     2935.910
   635:     2936.160     2936.350     2940.290     2940.470     2940.810
   640:     2941.240     3019.330     3020.370     3020.650     3020.750
   645:     3020.940     3020.960     3021.220     3021.300     3021.700
   650:     3021.850     3021.900     3022.660     3022.750     3023.840
   655:     3023.970     3023.980     3028.100     3028.290     3028.360
   660:     3028.460     3029.590     3030.660     3031.000     3099.890
   665:     3108.130     3108.650     3109.240     3109.770     3109.900
   670:     3110.640     3111.100     3111.500     3111.540     3113.390
   675:     3113.850     3114.020     3114.200     3114.260     3114.420
   680:     3114.560     3114.810     3114.940     3115.050     3117.740
   685:     3118.420     3118.500     3118.610     3118.880     3119.090
   690:     3119.150     3124.990     3125.230     3132.970     3180.150
   695:     3186.940     3186.950     3189.270     3189.810     3194.640
   700:     3194.820     3203.420     3203.500     3204.200     3204.880
   705:     3205.040     3205.430     3205.550     3205.660     3206.160
   710:     3206.990     3207.080     3210.940     3211.020     3212.160
   715:     3212.430     3212.610     3212.680     3217.000     3217.350
   720:     3221.660     3222.170     3278.110     3295.620     3295.950
   725:     3296.400     3297.020     3298.000     3298.480     3298.720
   730:     3299.780     3299.900     3300.100     3301.460     3301.660
   735:     3306.270     3306.390     3315.170     3315.530     3316.120
   740:     3322.260     3322.400     3390.890     3391.980     3392.240
   745:     3393.200     3393.380     3393.630     3394.180     3396.700
   750:     3397.340     3397.440     3397.860     3397.960     3398.650
   755:     3398.690     3399.040     3399.670     3400.520     3470.840
   760:     3477.930     3478.080     3478.740     3479.850     3480.720
   765:     3481.090     3481.490     3481.960     3482.100     3482.550
   770:     3482.670     3482.860     3483.550     3483.580     3484.600
   775:     3484.720     3484.880     3486.450     3486.570     3486.640
   780:     3487.390     3488.400     3497.160     3497.340     3502.480
   785:     3502.900     3503.420     3555.350     3567.750     3569.340
   790:     3570.580     3570.730     3570.960     3571.970     3572.800
   795:     3573.430     3574.140     3574.280     3574.310     3574.950
   800:     3575.020     3575.510     3576.470     3576.630     3576.770
   805:     3580.910     3581.940     3584.460     3584.680     3589.330
   810:     3655.750     3657.050     3657.710     3660.440     3662.350
   815:     3662.740     3662.790     3663.550     3663.700     3664.040
   820:     3664.190     3664.640     3667.980     3668.030     3671.640
   825:     3728.810     3732.040     3732.470     3732.780     3734.060
   830:     3734.640     3734.770     3735.560     3735.720     3744.000
   835:     3744.210     3744.960     3745.210     3745.770     3748.550
   840:     3748.880     3750.140     3750.310     3751.210     3751.330
   845:     3752.410     3752.440     3752.470     3752.620     3752.730
   850:     3752.810     3752.830     3756.220     3757.770     3762.450
   855:     3763.060     3763.520     3763.640     3763.830     3764.610
   860:     3765.220     3766.080     3832.190     3832.970     3834.010
   865:     3834.620     3835.040     3835.630     3836.440     3836.630
   870:     3836.860     3837.350     3837.490     3838.200     3838.380
   875:     3838.430     3838.520     3839.530     3839.770     3840.580
   880:     3840.770     3841.050     3841.860     3842.280     3842.520
   885:     3842.680     3922.400     3923.470     3924.720     3925.490
   890:     3927.490     3927.540     3927.750     3927.990     3929.860
   895:     3930.700     3931.040     3937.610     3938.160     4008.360
   900:     4010.170     4011.100     4013.320     4013.410     4015.020
   905:     4015.700     4015.780     4016.980     4017.110     4017.920
   910:     4018.900     4019.110     4019.140     4027.800     4029.210
   915:     4087.020     4088.350     4102.940     4103.360     4104.550
   920:     4105.320     4105.760     4106.850     4107.090     4108.580
   925:     4108.800     4109.840     4111.250     4111.410     4111.520
   930:     4111.740     4111.850     4111.890     4112.510     4112.620
   935:     4113.040     4113.170     4113.270     4113.290     4119.460
   940:     4119.830     4193.770     4194.760     4195.010     4196.800
   945:     4197.810     4198.210     4198.400     4199.670     4199.840
   950:     4199.910     4200.800     4200.880     4202.700     4202.770
   955:     4203.600     4207.600     4207.670     4207.920     4210.040
   960:     4281.850     4282.760     4283.420     4283.750     4284.070
   965:     4285.530     4285.560     4287.270     4287.620     4288.220
   970:     4288.710     4289.010     4289.350     4289.570     4290.100
   975:     4290.190     4290.320     4290.640     4290.690     4291.140
   980:     4291.280     4293.710     4298.900     4299.070     4372.480
   985:     4372.890     4374.760     4375.500     4376.140     4376.170
   990:     4376.670     4377.110     4377.330     4377.590     4377.780
   995:     4378.460     4378.610     4379.430     4379.600     4380.600
  1000:     4380.660     4380.720     4384.720     4385.860     4385.960
  1005:     4451.790     4452.150     4453.710     4454.030     4464.920
  1010:     4466.410     4467.850     4468.350     4468.640     4469.280
  1015:     4470.280     4471.050     4471.330     4473.430     4473.960
  1020:     4474.610     4474.760     4476.580     4480.660     4480.800
  1025:     4482.720     4537.790     4549.200     4550.170     4550.740
  1030:     4550.870     4551.170     4551.690     4552.480     4552.620
  1035:     4552.750     4553.020     4556.160     4556.360     4557.210
  1040:     4557.340     4557.660     4557.890     4557.980     4558.110
  1045:     4558.340     4558.980     4560.030     4560.310     4565.840
  1050:     4570.740     4649.770     4650.140     4650.760     4650.870
  1055:     4651.350     4651.550     4651.750     4652.340     4652.690
  1060:     4652.870     4653.800     4654.210     4654.470     4654.500
  1065:     4655.890     4656.250     4656.340     4662.120     4662.290
  1070:     4662.450     4665.580     4670.150     4705.050     4705.520
  1075:     4715.600     4715.670     4725.510     4728.740     4729.030
  1080:     4729.970     4730.930     4731.550     4733.000     4735.490
  1085:     4737.530     4737.770     4737.850     4737.900     4738.440
  1090:     4738.890     4741.950     4813.490     4813.960     4814.490
  1095:     4815.190     4815.760     4816.620     4817.470     4817.730
  1100:     4819.580     4820.450     4820.550     4820.660     4821.400
  1105:     4821.470     4822.320     4822.430     4822.860     4826.690
  1110:     4826.900     4829.960     4830.100     4904.720     4905.090
  1115:     4905.730     4906.150     4906.650     4907.540     4908.320
  1120:     4908.430     4908.720     4908.800     4912.870     4913.810
  1125:     4913.900     4914.110     4914.250     4914.330     4914.890
  1130:     4915.250     4915.290     4916.420     4917.000     4919.420
  1135:     4919.690     4919.980     4920.190     4983.550     4984.740
  1140:     4984.990     4985.310     4985.690     4986.270     4986.310
  1145:     4986.750     4987.390     4987.580     4987.700     4997.300
  1150:     4997.680     4997.740     4998.350     4998.770     4999.450
  1155:     4999.820     5000.060     5000.710     5000.920     5001.360
  1160:     5002.630     5003.360     5003.460     5003.600     5003.770
  1165:     5003.820     5004.850     5006.630     5006.910     5007.480
  1170:     5007.740     5012.160     5012.680     5013.610     5013.700
  1175:     5014.080     5014.360     5014.550     5077.250     5077.470
  1180:     5077.650     5092.820     5096.630     5097.170     5098.770
  1185:     5099.400     5099.710     5100.090     5100.720     5101.080
  1190:     5101.340     5101.680     5101.840     5101.910     5102.530
  1195:     5102.860     5103.230     5103.270     5103.760     5103.880
  1200:     5104.000     5107.700     5107.800     5108.030     5108.390
  1205:     5108.850     5170.120     5177.770     5177.980     5178.760
  1210:     5179.660     5180.060     5180.360     5181.370     5183.040
  1215:     5183.860     5186.850     5186.940     5187.040     5194.760
  1220:     5194.920     5195.070     5198.910     5270.530     5271.830
  1225:     5272.710     5273.660     5274.170     5274.620     5274.970
  1230:     5275.130     5275.160     5275.680     5275.940     5276.170
  1235:     5276.610     5277.900     5278.150     5350.040     5356.820
  1240:     5357.180     5357.860     5358.340     5358.650     5358.790
  1245:     5358.950     5359.170     5359.630     5361.160     5361.200
  1250:     5362.390     5368.180     5368.360     5368.470     5368.670
  1255:     5368.790     5368.890     5369.010     5369.120     5369.270
  1260:     5374.610     5375.100     5375.780     5377.630     5377.900
  1265:     5429.880     5442.730     5443.050     5443.480     5443.930
  1270:     5444.180     5444.660     5445.210     5445.440     5445.610
  1275:     5445.690     5446.290     5447.370     5449.950     5450.070
  1280:     5450.180     5454.560     5454.650     5455.510     5455.660
  1285:     5455.790     5455.920     5460.250     5536.740     5537.250
  1290:     5537.620     5538.400     5538.610     5539.340     5539.470
  1295:     5539.990     5540.390     5540.710     5540.820     5541.260
  1300:     5541.360     5541.600     5542.710     5542.760     5543.840
  1305:     5544.480     5544.680     5544.800     5544.880     5544.920
  1310:     5550.430     5609.070     5622.130     5622.520     5623.230
  1315:     5623.250     5624.880     5625.070     5625.590     5625.980
  1320:     5627.180     5627.870     5627.890     5628.900     5631.380
  1325:     5631.670     5631.730     5634.940     5641.150     5641.290
  1330:     5641.760     5641.930     5642.140     5642.340     5642.680
  1335:     5642.910     5643.110     5716.840     5717.950     5718.590
  1340:     5718.710     5718.790     5720.640     5720.680     5721.220
  1345:     5723.380     5723.690     5723.720     5724.280     5724.550
  1350:     5727.090     5729.150     5729.460     5729.790     5729.880
  1355:     5794.680     5794.690     5808.550     5808.740     5808.970
  1360:     5809.580     5810.130     5810.640     5810.850     5812.550
  1365:     5812.810     5812.900     5813.830     5813.920     5814.020
  1370:     5814.080     5824.590     5824.700     5824.780     5827.170
  1375:     5829.880     5830.020     5898.490     5898.940     5899.480
  1380:     5900.180     5900.640     5900.960     5901.410     5901.740
  1385:     5902.310     5902.460     5902.550     5902.980     5903.700
  1390:     5904.290     5904.730     5905.380     5905.560     5905.720
  1395:     5907.130     5907.230     5907.270     5908.050     5908.170
  1400:     5909.990     5910.040     5915.750     5991.460     5992.810
  1405:     5993.000     5993.970     5994.430     5994.950     5995.050
  1410:     5996.090     5996.890     5997.820     5998.430     5999.240
  1415:     5999.300     5999.490     5999.790     6077.380     6077.910
  1420:     6079.060     6079.560     6080.510     6081.190     6081.500
  1425:     6081.720     6081.870     6082.090     6082.940     6085.030
  1430:     6085.560     6086.570     6088.570     6089.440     6089.680
  1435:     6090.730     6090.740     6090.950     6095.950     6096.100
  1440:     6100.570     6102.400     6166.020     6169.310     6170.470
  1445:     6170.840     6171.740     6172.850     6173.150     6174.960
  1450:     6175.130     6175.290     6175.510     6175.640     6178.870
  1455:     6178.960     6179.020     6179.280     6179.870     6180.390
  1460:     6237.710     6240.560     6241.220     6243.860     6245.100
  1465:     6245.300     6245.500     6245.900     6246.180     6253.450
  1470:     6255.600     6255.870     6256.070     6256.160     6260.270
  1475:     6260.820     6260.840     6261.950     6266.470     6271.470
  1480:     6271.800     6345.980     6347.350     6348.470     6348.510
  1485:     6349.320     6349.470     6350.880     6351.170     6351.450
  1490:     6351.760     6352.090     6356.570     6356.740     6360.990
  1495:     6361.160     6432.130     6435.110     6435.940     6436.110
  1500:     6436.510     6436.580     6437.370     6437.810     6437.830
  1505:     6438.830     6439.730     6443.160     6445.800     6445.950
  1510:     6448.810     6506.870     6519.450     6519.500     6520.640
  1515:     6520.940     6521.240     6521.490     6521.740     6522.050
  1520:     6522.330     6522.440     6522.590     6523.510     6523.620
  1525:     6523.950     6524.010     6524.700     6527.280     6527.330
  1530:     6530.190     6530.340     6530.630     6530.740     6536.390
  1535:     6536.570     6537.090     6539.380     6611.450     6612.070
  1540:     6612.430     6612.650     6613.370     6613.960     6614.140
  1545:     6614.620     6614.710     6618.890     6620.600     6620.750
  1550:     6620.860     6621.040     6623.000     6623.640     6623.900
  1555:     6624.370     6637.370     6706.780     6709.880     6710.690
  1560:     6711.220     6712.470     6713.830     6713.970     6714.450
  1565:     6714.550     6719.080     6724.610     6797.890     6799.380
  1570:     6802.230     6803.230     6803.470     6803.780     6804.300
  1575:     6804.570     6805.850     6808.010     6808.150     6808.180
  1580:     6808.360     6808.540     6808.600     6813.270     6813.410
  1585:     6813.550     6875.490     6885.600     6886.860     6887.610
  1590:     6890.390     6890.700     6890.820     6891.530     6891.670
  1595:     6892.090     6896.110     6896.310     6896.430     6898.750
  1600:     6898.810     6902.380     6907.190     6951.610     6952.970
  1605:     6962.980     6963.630     6971.600     6972.330     6972.500
  1610:     6972.920     6973.070     6973.600     6973.680     6974.170
  1615:     6974.330     6974.470     6975.690     6976.660     6976.740
  1620:     6979.690     6985.310     6988.420     6990.050     6990.060
  1625:     6990.350     7063.720     7064.410     7064.470     7064.960
  1630:     7065.840     7066.440     7066.580     7067.010     7067.240
  1635:     7067.280     7068.880     7069.050     7069.230     7071.610
  1640:     7073.780     7073.810     7075.820     7076.360     7076.640
  1645:     7076.760     7076.980     7077.220     7077.390     7077.410
  1650:     7152.950     7153.320     7153.980     7154.350     7155.460
  1655:     7156.360     7157.030     7157.060     7158.030     7158.130
  1660:     7159.600     7159.680     7161.100     7170.130     7173.760
  1665:     7173.870     7173.980     7176.050     7176.670     7176.990
  1670:     7177.110     7177.150     7177.270     7177.430     7178.600
  1675:     7179.230     7247.500     7247.930     7248.350     7248.550
  1680:     7249.620     7250.640     7251.140     7251.710     7251.730
  1685:     7252.060     7254.630     7254.760     7255.100     7255.220
  1690:     7255.380     7255.560     7259.690     7259.800     7259.900
  1695:     7264.900     7264.980     7265.570     7267.390     7340.260
  1700:     7340.280     7340.720     7343.590     7344.760     7345.000
  1705:     7345.470     7345.490     7345.710     7346.820     7349.470
  1710:     7349.550     7349.610     7352.930     7404.510     7405.040
  1715:     7412.410     7422.200     7422.680     7423.840     7424.050
  1720:     7424.420     7425.080     7425.340     7425.720     7426.080
  1725:     7426.210     7426.920     7427.080     7430.110     7430.260
  1730:     7430.570     7432.530     7432.590     7432.650     7432.750
  1735:     7433.390     7433.640     7433.850     7433.880     7434.290
  1740:     7438.280     7438.570     7438.680     7438.770     7534.590
  1745:     7536.300     7536.440     7537.000     7538.190     7539.090
  1750:     7539.360     7540.050     7540.530     7541.610     7542.410
  1755:     7543.180     7543.210     7545.950     7610.910     7611.190
  1760:     7613.010     7613.410     7613.980     7614.820     7614.860
  1765:     7615.800     7616.070     7616.160     7616.520     7617.550
  1770:     7617.840     7617.950     7618.020     7620.670     7622.520
  1775:     7622.620     7680.980     7703.850     7704.530     7705.380
  1780:     7705.870     7706.510     7707.160     7707.530     7708.270
  1785:     7708.480     7710.730     7710.810     7710.900     7711.630
  1790:     7711.820     7715.200     7715.300     7715.550     7715.660
  1795:     7715.870     7716.460     7716.600     7787.450     7788.070
  1800:     7789.630     7790.910     7792.770     7793.240     7793.610
  1805:     7794.490     7794.840     7794.970     7795.450     7795.580
  1810:     7795.610     7795.920     7796.160     7796.430     7796.460
  1815:     7802.330     7802.620     7802.700     7885.980     7886.090
  1820:     7888.480     7890.770     7891.140     7891.780     7891.910
  1825:     7892.400     7893.050     7893.280     7893.350     7894.180
  1830:     7897.540     7897.660     7971.620     7972.100     7973.000
  1835:     7974.210     7974.540     7974.640     7975.490     7975.560
  1840:     7976.020     7976.520     7976.890     7976.910     7978.020
  1845:     7978.080     7978.840     7982.730     7982.790     8062.380
  1850:     8064.270     8065.980     8066.370     8066.630     8067.820
  1855:     8067.900     8069.940     8074.510     8076.570     8077.300
  1860:     8077.420     8077.560     8077.700     8152.900     8154.660
  1865:     8154.810     8156.910     8157.200     8157.720     8158.200
  1870:     8158.710     8159.840     8167.170     8167.220     8173.100
  1875:     8173.180     8174.510     8175.670     8244.420     8247.000
  1880:     8249.560     8249.600     8250.320     8251.220     8256.130
  1885:     8256.350     8256.590     8256.750     8257.550     8326.200
  1890:     8326.700     8327.400     8328.200     8328.360     8328.410
  1895:     8328.560     8328.870     8329.040     8338.680     8338.800
  1900:     8338.900     8339.340     8343.880     8344.010     8344.260
  1905:     8416.590     8420.170     8421.690     8421.810     8421.920
  1910:     8421.980     8422.240     8422.380     8422.460     8432.150
  1915:     8432.520     8432.600     8432.790     8432.960     8433.150
  1920:     8433.380     8433.750     8433.890     8434.480     8527.280
  1925:     8528.850     8529.250     8529.790     8530.180     8530.870
  1930:     8531.510     8531.660     8531.760     8532.550     8532.760
  1935:     8532.950     8533.720     8533.910     8595.640     8597.380
  1940:     8597.500     8598.280     8599.130     8599.270     8599.560
  1945:     8601.350     8602.600     8602.690     8603.230     8603.520
  1950:     8603.660     8603.820     8608.590     8608.720     8611.150
  1955:     8613.230     8614.160     8688.600     8694.140     8694.950
  1960:     8696.470     8696.590     8696.860     8696.890     8697.680
  1965:     8698.110     8698.870     8699.360     8699.500     8699.620
  1970:     8700.850     8704.420     8707.070     8775.820     8775.930
  1975:     8776.310     8777.380     8778.730     8779.600     8779.710
  1980:     8780.430     8780.720     8783.650     8783.740     8783.810
  1985:     8793.080     8797.290     8866.260     8866.840     8866.990
  1990:     8867.370     8868.600     8874.000     8874.140     8874.200
  1995:     8877.960     8881.880     8963.610     8965.040     8965.570
  2000:     8965.740     8966.040     8966.160     8966.200     8966.710
  2005:     8969.370     8969.560     8969.630     8975.360
G:
     0:      295.890      298.050      725.110      725.550     1787.460
     5:     1788.560     1793.990     1798.040     1998.100     2992.040
    10:     2992.360     2992.720     3071.960     3701.860     3701.950
    15:     4080.090     4526.840     4526.890     4673.110     4702.570
    20:     4702.740     4862.420     6747.730     6747.850     6748.060
    25:     6748.330     6751.770     6752.600     6753.060     6753.710
    30:     6755.120     6762.990     6763.090     7010.870     7011.010
    35:     7035.350     7666.130     8301.970     8302.130     8538.040
    40:     8539.150     8910.980     8911.350
H:
     0:     1529.100
I:
K:
L:
     0:       41.660       41.910       45.930      132.060      133.710
     5:      134.810      136.270      136.770      222.620      223.650
    10:      223.990      225.740      226.010      314.800      315.020
    15:      315.180      316.350      316.520      319.000      405.250
    20:      405.730      406.220      407.230      407.370      495.030
    25:      495.440      496.100      499.040      499.730      584.160
    30:      585.120      586.090      587.470      587.730      588.930
    35:      673.830      674.020      674.770      675.670      677.840
    40:      760.250      850.720      851.990      853.340      854.180
    45:      855.690      941.170      942.270      942.550      943.790
    50:      943.960      946.080     1035.190     1035.930     1036.140
    55:     1036.910     1037.890     1039.540     1040.000     1126.890
    60:     1127.930     1128.820     1129.810     1131.390     1131.720
    65:     1212.180     1213.930     1215.600     1297.120     1297.860
    70:     1298.840     1299.040     1300.830     1391.670     1391.810
    75:     1392.150     1392.820     1392.970     1394.240     1394.820
    80:     1396.550     1482.740     1483.560     1484.150     1484.250
    85:     1484.780     1485.580     1571.900     1572.330     1574.800
    90:     1660.560     1661.700     1662.820     1664.560     1747.980
    95:     1748.190     1749.050     1750.000     1750.240     1751.630
   100:     1839.860     1840.270     1840.440     1840.710     1841.040
   105:     1842.130     1842.250     1930.160     1930.550     1930.970
   110:     1932.080     1933.700     1933.940     2020.420     2021.320
   115:     2022.110     2023.210     2024.860     2025.060     2109.730
   120:     2110.170     2110.650     2203.580     2204.660     2205.210
   125:     2205.720     2208.180     2289.610     2289.820     2293.180
   130:     2380.750     2380.950     2381.830     2382.120     2384.080
   135:     2385.710     2471.130     2471.950     2473.220     2473.380
   140:     2475.370     2475.530     2563.280     2563.830     2565.900
   145:     2567.190     2568.060     2652.750     2653.100     2655.340
   150:     2655.840     2656.890     2657.180     2739.250     2739.390
   155:     2739.740     2740.030     2741.120     2742.330     2743.410
   160:     2743.840     2832.180     2832.600     2832.770     2832.960
   165:     2833.780     2834.490     2834.780     2836.290     2836.810
   170:     2837.010     2922.520     2926.470     3013.090     3014.340
   175:     3015.830     3016.890     3102.150     3104.040     3104.130
   180:     3197.450     3198.510     3199.290     3200.080     3201.130
   185:     3202.200     3289.480     3289.790     3290.710     3291.460
   190:     3292.590     3380.700     3381.520     3383.090     3383.580
   195:     3383.750     3384.860     3472.240     3472.430     3473.290
   200:     3475.250     3475.950     3561.800     3562.540     3562.650
   205:     3564.460     3566.060     3648.420     3648.890     3649.980
   210:     3650.660     3651.880     3737.680     3739.640     3739.890
   215:     3741.110     3741.610     3826.410     3826.910     3829.680
   220:     3830.680     3914.490     3914.700     3916.120     3916.810
   225:     3918.530     3918.710     4002.170     4002.830     4003.280
   230:     4003.650     4003.910     4005.200     4096.430     4096.770
   235:     4098.050     4099.680     4101.210     4185.030     4185.390
   240:     4185.770     4188.780     4275.730     4276.070     4276.630
   245:     4278.790     4279.460     4366.110     4366.430     4367.060
   250:     4369.470     4369.700     4457.560     4542.870     4543.260
   255:     4545.400     4545.990     4546.740     4639.750     4641.030
   260:     4642.370     4643.680     4644.570     4719.560     4721.520
   265:     4721.610     4722.610     4807.740     4808.690     4809.350
   270:     4809.560     4809.900     4811.580     4812.650     4896.980
   275:     4898.190     4898.630     4899.250     4901.070     4988.940
   280:     4991.650     4992.670     4993.140     5084.570     5086.630
   285:     5088.810     5172.080     5172.810     5173.570     5173.970
   290:     5176.490     5262.660     5264.180     5264.750     5265.730
   295:     5266.510     5350.960     5353.630     5354.180     5354.740
   300:     5436.780     5437.430     5438.630     5440.130     5441.450
   305:     5527.800     5529.180     5531.650     5531.810     5616.300
   310:     5617.080     5619.490     5711.000     5713.230     5802.730
   315:     5803.570     5803.670     5804.260     5804.510     5805.620
   320:     5806.440     5806.810     5892.520     5897.370     5983.360
   325:     5983.750     5985.110     6070.760     6070.930     6075.050
   330:     6156.550     6156.960     6158.250     6158.600     6158.700
   335:     6160.710     6161.220     6247.490     6250.100     6250.770
   340:     6251.740     6337.000     6337.220     6339.250     6426.390
   345:     6429.520     6513.200     6513.930     6517.280     6605.530
   350:     6607.520     6608.660     6610.150     6696.830     6697.480
   355:     6697.640     6698.670     6701.460     6701.750     6789.900
   360:     6793.930     6794.520     6879.900     6881.530     6882.890
   365:     6884.520     6965.750     6965.870     6966.890     6967.180
   370:     6968.570     7056.870     7057.020     7057.170     7058.970
   375:     7061.350     7147.160     7148.370     7148.740     7149.660
   380:     7150.970     7240.720     7243.030     7330.330     7331.160
   385:     7331.670     7333.300     7415.590     7415.760     7416.310
   390:     7416.720     7417.300     7417.500     7418.070     7419.110
   395:     7419.290     7523.590     7524.110     7525.470     7598.070
   400:     7599.180     7599.910     7601.200     7602.430     7602.770
   405:     7692.710     7778.280     7780.230     7780.590     7780.790
   410:     7781.470     7781.780     7782.840     7874.550     7959.770
   415:     7960.640     8051.920     8052.300     8052.680     8053.500
   420:     8055.540     8056.630     8142.160     8142.850     8143.640
   425:     8145.390     8146.180     8232.230     8233.100     8235.020
   430:     8319.640     8319.810     8320.450     8320.630     8408.030
   435:     8408.320     8409.480     8411.310     8411.470     8515.980
   440:     8516.360     8517.290     8520.110     8589.140     8589.660
   445:     8592.490     8593.080     8593.790     8681.140     8681.900
   450:     8682.330     8683.620     8683.880     8685.190     8770.100
   455:     8771.120     8771.950     8773.030     8774.580     8858.120
   460:     8858.820     8858.930     8860.140     8862.460     8862.860
   465:     8952.390     8954.260     8955.770     8956.160     8957.090
M:
     0:       10.000       12.000       12.000       13.000       14.000
     5:       17.000       12.000       15.000       16.000       14.000
    10:       12.000       15.000       14.000       14.000       12.000
    15:       14.000       15.000       14.000       16.000       10.000
    20:       15.000       14.000       16.000       17.000       15.000
    25:       14.000       18.000       12.000       14.000       16.000
    30:       11.000       13.000       13.000       14.000       15.000
    35:       18.000       13.000       16.000       17.000       15.000
    40:       13.000       16.000       15.000       15.000       13.000
    45:       15.000       16.000       15.000       17.000       11.000
    50:       16.000       15.000       17.000       18.000       16.000
    55:       15.000       19.000       13.000       15.000       17.000
    60:       12.000       14.000       14.000       15.000       16.000
    65:       19.000       14.000       17.000       18.000       16.000
    70:       14.000       17.000       16.000       16.000       14.000
    75:       16.000       17.000       16.000       18.000       12.000
    80:       17.000       16.000       18.000       19.000       17.000
    85:       16.000       20.000       14.000       16.000       19.000
    90:       13.000       14.000       13.000       19.000       13.000
    95:       15.000       14.000       13.000       14.000
P:
     0:       61.660       62.160       62.660      152.060      152.560
     5:      153.060      242.620      243.120      243.620      334.800
    10:      335.300      335.800      425.250      425.750      426.250
    15:      515.030      515.530      516.030      604.160      604.660
    20:      605.160      693.830      694.330      694.830      780.250
    25:      780.750      781.250      870.720      871.220      871.720
    30:      961.170      961.670      962.170     1055.190     1055.690
    35:     1056.190     1146.890     1147.390     1147.890     1232.180
    40:     1232.680     1233.180     1317.120     1317.620     1318.120
    45:     1411.670     1412.170     1412.670     1502.740     1503.240
    50:     1503.740     1591.900     1592.400     1592.900     1680.560
    55:     1681.060     1681.560     1767.980     1768.480     1768.980
    60:     1859.860     1860.360     1860.860     1950.160     1950.660
    65:     1951.160     2040.420     2040.920     2041.420     2129.730
    70:     2130.230     2130.730     2223.580     2224.080     2224.580
    75:     2309.610     2310.110     2310.610     2400.750     2401.250
    80:     2401.750     2491.130     2491.630     2492.130     2583.280
    85:     2583.780     2584.280     2672.750     2673.250     2673.750
    90:     2759.250     2759.750     2760.250     2852.180     2852.680
    95:     2853.180     2942.520     2943.020     2943.520     3033.090
   100:     3033.590     3034.090     3122.150     3122.650     3123.150
   105:     3217.450     3217.950     3218.450     3309.480     3309.980
   110:     3310.480     3400.700     3401.200     3401.700     3492.240
   115:     3492.740     3493.240     3581.800     3582.300     3582.800
   120:     3668.420     3668.920     3669.420     3757.680     3758.180
   125:     3758.680     3846.410     3846.910     3847.410     3934.490
   130:     3934.990     3935.490     4022.170     4022.670     4023.170
   135:     4116.430     4116.930     4117.430     4205.030     4205.530
   140:     4206.030     4295.730     4296.230     4296.730     4386.110
   145:     4386.610     4387.110     4477.560     4478.060     4478.560
   150:     4562.870     4563.370     4563.870     4659.750     4660.250
   155:     4660.750     4739.560     4740.060     4740.560     4827.740
   160:     4828.240     4828.740     4916.980     4917.480     4917.980
   165:     5008.940     5009.440     5009.940     5104.570     5105.070
   170:     5105.570     5192.080     5192.580     5193.080     5282.660
   175:     5283.160     5283.660     5370.960     5371.460     5371.960
   180:     5456.780     5457.280     5457.780     5547.800     5548.300
   185:     5548.800     5636.300     5636.800     5637.300     5731.000
   190:     5731.500     5732.000     5822.730     5823.230     5823.730
   195:     5912.520     5913.020     5913.520     6003.360     6003.860
   200:     6004.360     6090.760     6091.260     6091.760     6176.550
   205:     6177.050     6177.550     6267.490     6267.990     6268.490
   210:     6357.000     6357.500     6358.000     6446.390     6446.890
   215:     6447.390     6533.200     6533.700     6534.200     6625.530
   220:     6626.030     6626.530     6716.830     6717.330     6717.830
   225:     6809.900     6810.400     6810.900     6899.900     6900.400
   230:     6900.900     6985.750     6986.250     6986.750     7076.870
   235:     7077.370     7077.870     7167.160     7167.660     7168.160
   240:     7260.720     7261.220     7261.720     7350.330     7350.830
   245:     7351.330     7435.590     7436.090     7436.590     7543.590
   250:     7544.090     7544.590     7618.070     7618.570     7619.070
   255:     7712.710     7713.210     7713.710     7798.280     7798.780
   260:     7799.280     7894.550     7895.050     7895.550     7979.770
   265:     7980.270     7980.770     8071.920     8072.420     8072.920
   270:     8162.160     8162.660     8163.160     8252.230     8252.730
   275:     8253.230     8339.640     8340.140     8340.640     8428.030
   280:     8428.530     8429.030     8535.980     8536.480     8536.980
   285:     8609.140     8609.640     8610.140     8701.140     8701.640
   290:     8702.140     8790.100     8790.600     8791.100     8878.120
   295:     8878.620     8879.120     8972.390     8972.890     8973.390
R:
     0:       41.660      132.060      222.620      314.800      405.250
     5:      495.030      584.160      673.830      760.250      850.720
    10:      941.170     1035.190     1126.890     1212.180     1297.120
    15:     1391.670     1482.740     1571.900     1660.560     1747.980
    20:     1839.860     1930.160     2020.420     2109.730     2203.580
    25:     2289.610     2380.750     2471.130     2563.280     2652.750
    30:     2739.250     2832.180     2922.520     3013.090     3102.150
    35:     3197.450     3289.480     3380.700     3472.240     3561.800
    40:     3648.420     3737.680     3826.410     3914.490     4002.170
    45:     4096.430     4185.030     4275.730     4366.110     4457.560
    50:     4542.870     4639.750     4719.560     4807.740     4896.980
    55:     4988.940     5084.570     5172.080     5262.660     5350.960
    60:     5436.780     5527.800     5616.300     5711.000     5802.730
    65:     5892.520     5983.360     6070.760     6156.550     6247.490
    70:     6337.000     6426.390     6513.200     6605.530     6696.830
    75:     6789.900     6879.900     6965.750     7056.870     7147.160
    80:     7240.720     7330.330     7415.590     7523.590     7598.070
    85:     7692.710     7778.280     7874.550     7959.770     8051.920
    90:     8142.160     8232.230     8319.640     8408.030     8515.980
    95:     8589.140     8681.140     8770.100     8858.120     8952.390
V:
W:
     0:        1.000        1.000        1.000        1.000        1.000
     5:        1.000        1.000        1.000        1.000        1.000
    10:        1.000        1.000        1.000        1.000        1.000
    15:        1.000        1.000        1.000        1.000        1.000
    20:        1.000        1.000        1.000        1.000        1.000
    25:        1.000        1.000        1.000        1.000        1.000
    30:        1.000        1.000        1.000        1.000        1.000
    35:        1.000        1.000        1.000        1.000        1.000
    40:        1.000        1.000        1.000        1.000        1.000
    45:        1.000        1.000        1.000        1.000        1.000
    50:        1.000        1.000        1.000        1.000        1.000
    55:        1.000        1.000        1.000        1.000        1.000
    60:        1.000        1.000        1.000        1.000        1.000
    65:        1.000        1.000        1.000        1.000        1.000
    70:        1.000        1.000        1.000        1.000        1.000
    75:        1.000        1.000        1.000        1.000        1.000
    80:        1.000        1.000        1.000        1.000        1.000
    85:        1.000        1.000        1.000        1.000        1.000
    90:        1.000        1.000        1.000        1.000        1.000
    95:        1.000        1.000        1.000        1.000        1.000
   100:        1.000        1.000        1.000        1.000        1.000
   105:        1.000        1.000        1.000        1.000        1.000
X:
     0:       15.000       15.150      105.000      105.150      197.000
     5:      197.150      289.000      289.150      380.000      380.150
    10:      469.000      469.150      559.000      559.150      647.000
    15:      647.150      735.000      735.150      825.000      825.150
    20:      916.000      916.150     1010.000     1010.150     1100.000
    25:     1100.150     1187.000     1187.150     1272.000     1272.150
    30:     1366.000     1366.150     1457.000     1457.150     1546.000
    35:     1546.150     1635.000     1635.150     1722.000     1722.150
    40:     1814.000     1814.150     1905.000     1905.150     1994.000
    45:     1994.150     2084.000     2084.150     2176.000     2176.150
    50:     2263.000     2263.150     2355.000     2355.150     2446.000
    55:     2446.150     2536.000     2536.150     2627.000     2627.150
    60:     2714.000     2714.150     2807.000     2807.150     2896.000
    65:     2896.150     2987.000     2987.150     3077.000     3077.150
    70:     3170.000     3170.150     3263.000     3263.150     3352.000
    75:     3352.150     3446.000     3446.150     3535.000     3535.150
    80:     3622.000     3622.150     3712.000     3712.150     3801.000
    85:     3801.150     3889.000     3889.150     3977.000     3977.150
    90:     4071.000     4071.150     4159.000     4159.150     4250.000
    95:     4250.150     4339.000     4339.150     4429.000     4429.150
   100:     4517.000     4517.150     4607.000     4607.150     4694.000
   105:     4694.150     4782.000     4782.150     4871.000     4871.150
   110:     4963.000     4963.150     5053.000     5053.150     5146.000
   115:     5146.150     5236.000     5236.150     5325.000     5325.150
   120:     5410.000     5410.150     5499.000     5499.150     5590.000
   125:     5590.150     5685.000     5685.150     5777.000     5777.150
   130:     5866.000     5866.150     5955.000     5955.150     6042.000
   135:     6042.150     6130.000     6130.150     6221.000     6221.150
   140:     6310.000     6310.150     6399.000     6399.150     6487.000
   145:     6487.150     6579.000     6579.150     6671.000     6671.150
   150:     6764.000     6764.150     6854.000     6854.150     6940.000
   155:     6940.150     7031.000     7031.150     7122.000     7122.150
   160:     7214.000     7214.150     7303.000     7303.150     7390.000
   165:     7390.150     7481.000     7481.150     7572.000     7572.150
   170:     7666.000     7666.150     7752.000     7752.150     7842.000
   175:     7842.150     7933.000     7933.150     8024.000     8024.150
   180:     8115.000     8115.150     8205.000     8205.150     8294.000
   185:     8294.150     8382.000     8382.150     8471.000     8471.150
   190:     8562.000     8562.150     8655.000     8655.150     8745.000
   195:     8745.150     8833.000     8833.150     8925.000     8925.150
Y:
Z:
     0:        0.000      100.000      470.000        0.000        1.000
     5:        0.000      300.000      200.000        0.000        0.000
    10:        0.000     2009.000       43.000        0.000        0.000
    15:        0.000
