File: C:\MED-PC IV\Data\Tarun\RM-B12_RM036\postBaseplate\R10\S04_R10_FR1_20s_100trials


Start Date: 06/27/17
End Date: 06/27/17
Subject: 10
Experiment: 0
Group: 0
Box: 1
Start Time:  8:49:55
End Time: 13:00:38
MSN: MiniScope_FR1-3p_100trials_05222017
A:       0.000
E:       0.000
J:     101.000
N:       0.000
O:       0.000
Q:       0.000
S:       0.000
T:    9017.000
U:       0.000
B:
     0:        0.000       10.000       10.000       15.000       20.000
     5:       20.000       20.000       10.000       17.000      100.000
    10:        1.000        3.000       15.000        0.010        1.000
    15:        0.000        0.000        5.000       20.000        5.000
C:
     0:      100.000       99.000      385.000        1.000        1.000
     5:        0.000      297.000       99.000        1.000        1.000
    10:        0.000     2108.000       71.000        0.000       15.020
    15:        1.000        1.000        4.000        0.000        2.160
    20:        1.000        3.000        1.000        0.000        2.160
    25:        1.000        8.000        0.000        0.000       13.000
    30:        2.000        1.000        4.000        0.000        1.630
    35:        2.000        3.000        1.000        0.000        1.630
    40:        2.000       17.000        0.000        0.000       12.000
    45:        3.000        1.000        5.000        0.000        1.350
    50:        3.000        3.000        1.000        0.000        1.350
    55:        3.000       16.000        0.000        0.000       16.000
    60:        4.000        1.000        4.000        0.000        0.280
    65:        4.000        3.000        1.000        0.000        0.280
    70:        4.000       25.000        0.000        0.000       14.000
    75:        5.000        1.000        1.000        0.000        0.220
    80:        5.000        3.000        1.000        0.000        0.220
    85:        5.000       17.000        0.000        0.000       14.000
    90:        6.000        1.000        4.000        0.000        0.020
    95:        6.000        3.000        1.000        0.000        0.020
   100:        6.000       19.000        0.000        0.000       19.000
   105:        7.000        1.000        4.000        0.000        6.140
   110:        7.000        3.000        1.000        0.000        6.140
   115:        7.000       16.000        0.000        0.000       15.000
   120:        8.000        1.000        5.000        0.000        0.130
   125:        8.000        3.000        1.000        0.000        0.130
   130:        8.000       14.000        0.000        0.000       16.000
   135:        9.000        1.000        5.000        0.000        0.140
   140:        9.000        3.000        1.000        0.000        0.140
   145:        9.000       14.000        0.000        0.000       14.000
   150:       10.000        1.000        1.000        0.000        3.720
   155:       10.000        3.000        1.000        0.000        3.720
   160:       10.000        7.000        0.000        0.000       16.000
   165:       11.000        1.000        2.000        0.000        0.350
   170:       11.000        3.000        1.000        0.000        0.350
   175:       11.000       22.000        1.000        0.000       16.000
   180:       12.000        1.000        4.000        0.000        0.010
   185:       12.000        3.000        1.000        0.000        0.010
   190:       12.000       17.000        0.000        0.000       12.000
   195:       13.000        1.000        5.000        0.000        0.580
   200:       13.000        3.000        1.000        0.000        0.580
   205:       13.000       16.000        1.000        0.000       19.000
   210:       14.000        1.000        8.000        0.000        0.140
   215:       14.000        3.000        1.000        0.000        0.140
   220:       14.000       16.000        0.000        0.000       17.000
   225:       15.000        0.000        0.000        0.000       20.000
   230:       15.000        0.000        0.000        0.000       20.000
   235:       15.000        0.000        0.000        0.000       10.000
   240:       16.000        1.000        2.000        1.000        3.090
   245:       16.000        3.000        1.000        0.000        3.090
   250:       16.000        3.000        0.000        0.000       14.000
   255:       17.000        1.000        5.000        0.000        1.610
   260:       17.000        3.000        1.000        0.000        1.610
   265:       17.000       19.000        0.000        0.000       14.000
   270:       18.000        1.000        4.000        0.000        1.070
   275:       18.000        3.000        1.000        0.000        1.070
   280:       18.000       17.000        0.000        0.000       18.000
   285:       19.000        1.000        3.000        0.000        0.520
   290:       19.000        3.000        1.000        0.000        0.520
   295:       19.000       10.000        0.000        0.000       16.000
   300:       20.000        1.000        4.000        0.000        1.580
   305:       20.000        3.000        1.000        0.000        1.580
   310:       20.000       15.000        0.000        0.000       15.000
   315:       21.000        1.000        4.000        0.000        0.280
   320:       21.000        3.000        1.000        0.000        0.280
   325:       21.000       18.000        0.000        0.000       12.000
   330:       22.000        1.000        6.000        0.000        0.160
   335:       22.000        3.000        1.000        0.000        0.160
   340:       22.000       13.000        3.000        0.000       13.000
   345:       23.000        1.000        6.000        0.000        0.920
   350:       23.000        3.000        1.000        0.000        0.920
   355:       23.000       14.000        0.000        0.000       15.000
   360:       24.000        1.000        4.000        0.000        0.780
   365:       24.000        3.000        1.000        0.000        0.780
   370:       24.000       14.000        3.000        0.000       12.000
   375:       25.000        1.000        7.000        0.000        0.660
   380:       25.000        3.000        1.000        0.000        0.660
   385:       25.000       15.000        1.000        0.000       18.000
   390:       26.000        1.000        5.000        0.000        1.150
   395:       26.000        3.000        1.000        0.000        1.150
   400:       26.000       17.000        0.000        0.000       16.000
   405:       27.000        1.000        3.000        0.000        0.640
   410:       27.000        3.000        1.000        0.000        0.640
   415:       27.000       14.000        0.000        0.000       13.000
   420:       28.000        1.000        4.000        0.000        0.860
   425:       28.000        3.000        1.000        0.000        0.860
   430:       28.000       27.000        0.000        0.000       14.000
   435:       29.000        1.000        3.000        0.000        1.430
   440:       29.000        3.000        1.000        0.000        1.430
   445:       29.000       20.000        3.000        0.000       16.000
   450:       30.000        1.000        9.000        0.000        0.180
   455:       30.000        3.000        1.000        0.000        0.180
   460:       30.000       25.000        1.000        0.000       15.000
   465:       31.000        1.000        2.000        0.000        1.740
   470:       31.000        3.000        1.000        0.000        1.740
   475:       31.000       19.000        0.000        0.000       11.000
   480:       32.000        1.000        5.000        0.000        0.500
   485:       32.000        3.000        1.000        0.000        0.500
   490:       32.000       19.000        0.000        0.000       15.000
   495:       33.000        1.000        3.000        0.000        0.510
   500:       33.000        3.000        1.000        0.000        0.510
   505:       33.000       31.000        2.000        0.000       16.000
   510:       34.000        1.000        3.000        0.000        7.220
   515:       34.000        3.000        1.000        0.000        7.220
   520:       34.000       28.000        0.000        0.000       15.000
   525:       35.000        1.000        4.000        0.000        6.370
   530:       35.000        3.000        1.000        0.000        6.370
   535:       35.000       19.000        2.000        0.000       16.000
   540:       36.000        1.000        6.000        0.000        0.130
   545:       36.000        3.000        1.000        0.000        0.130
   550:       36.000       32.000        0.000        0.000       15.000
   555:       37.000        1.000        3.000        0.000        0.160
   560:       37.000        3.000        1.000        0.000        0.160
   565:       37.000       22.000        2.000        0.000       18.000
   570:       38.000        1.000        3.000        0.000        0.280
   575:       38.000        3.000        1.000        0.000        0.280
   580:       38.000       47.000        0.000        0.000       12.000
   585:       39.000        1.000        2.000        0.000        0.530
   590:       39.000        3.000        1.000        0.000        0.530
   595:       39.000       29.000        1.000        0.000       18.000
   600:       40.000        1.000        5.000        0.000        0.170
   605:       40.000        3.000        1.000        0.000        0.170
   610:       40.000       25.000        0.000        0.000       17.000
   615:       41.000        1.000        4.000        0.000        0.470
   620:       41.000        3.000        1.000        0.000        0.470
   625:       41.000       41.000        0.000        0.000       18.000
   630:       42.000        1.000        5.000        0.000        0.720
   635:       42.000        3.000        1.000        0.000        0.720
   640:       42.000       28.000        0.000        0.000       17.000
   645:       43.000        1.000        4.000        0.000        0.100
   650:       43.000        3.000        1.000        0.000        0.100
   655:       43.000       40.000        0.000        0.000       15.000
   660:       44.000        1.000        3.000        0.000        0.740
   665:       44.000        3.000        1.000        0.000        0.740
   670:       44.000       32.000        3.000        0.000       16.000
   675:       45.000        1.000        2.000        0.000        0.770
   680:       45.000        3.000        1.000        0.000        0.770
   685:       45.000       24.000        0.000        0.000       20.000
   690:       46.000        1.000        3.000        0.000        2.780
   695:       46.000        3.000        1.000        0.000        2.780
   700:       46.000       24.000        1.000        0.000       13.000
   705:       47.000        1.000        2.000        0.000        1.660
   710:       47.000        3.000        1.000        0.000        1.660
   715:       47.000       31.000        0.000        0.000       15.000
   720:       48.000        1.000        5.000        0.000        0.170
   725:       48.000        3.000        1.000        0.000        0.170
   730:       48.000       34.000        3.000        0.000       15.000
   735:       49.000        1.000        7.000        0.000        1.100
   740:       49.000        3.000        1.000        0.000        1.100
   745:       49.000       27.000        0.000        0.000       19.000
   750:       50.000        1.000        4.000        0.000        2.070
   755:       50.000        3.000        1.000        0.000        2.070
   760:       50.000       18.000        0.000        0.000       13.000
   765:       51.000        1.000        1.000        0.000        1.420
   770:       51.000        3.000        1.000        0.000        1.420
   775:       51.000       22.000        0.000        0.000       16.000
   780:       52.000        1.000        4.000        0.000        1.110
   785:       52.000        3.000        1.000        0.000        1.110
   790:       52.000       12.000        0.000        0.000       17.000
   795:       53.000        1.000        6.000        0.000        0.340
   800:       53.000        3.000        1.000        0.000        0.340
   805:       53.000       20.000        7.000        0.000       16.000
   810:       54.000        1.000        5.000        0.000        0.810
   815:       54.000        3.000        1.000        0.000        0.810
   820:       54.000       40.000        0.000        0.000       11.000
   825:       55.000        1.000        1.000        0.000        0.790
   830:       55.000        3.000        1.000        0.000        0.790
   835:       55.000       30.000        3.000        0.000       17.000
   840:       56.000        1.000        3.000        0.000        0.370
   845:       56.000        3.000        1.000        0.000        0.370
   850:       56.000       10.000        0.000        0.000       16.000
   855:       57.000        1.000        5.000        0.000        0.060
   860:       57.000        3.000        1.000        0.000        0.060
   865:       57.000       24.000        1.000        0.000       14.000
   870:       58.000        1.000        5.000        0.000        0.980
   875:       58.000        3.000        1.000        0.000        0.980
   880:       58.000       25.000        0.000        0.000       13.000
   885:       59.000        1.000        3.000        0.000        0.150
   890:       59.000        3.000        1.000        0.000        0.150
   895:       59.000       25.000        0.000        0.000       14.000
   900:       60.000        1.000        6.000        0.000        0.410
   905:       60.000        3.000        1.000        0.000        0.410
   910:       60.000       17.000        0.000        0.000       17.000
   915:       61.000        1.000        4.000        0.000        0.980
   920:       61.000        3.000        1.000        0.000        0.980
   925:       61.000       23.000        0.000        0.000       17.000
   930:       62.000        1.000        4.000        0.000        0.200
   935:       62.000        3.000        1.000        0.000        0.200
   940:       62.000       23.000        3.000        0.000       15.000
   945:       63.000        1.000        3.000        0.000        0.170
   950:       63.000        3.000        1.000        1.000        0.170
   955:       63.000       19.000        1.000        0.000       14.000
   960:       64.000        1.000        5.000        0.000        0.170
   965:       64.000        3.000        1.000        0.000        0.170
   970:       64.000       28.000        0.000        0.000       15.000
   975:       65.000        1.000        4.000        0.000        0.960
   980:       65.000        3.000        1.000        0.000        0.960
   985:       65.000       21.000        2.000        0.000       13.000
   990:       66.000        1.000        4.000        0.000        0.160
   995:       66.000        3.000        1.000        0.000        0.160
  1000:       66.000       24.000        0.000        0.000       13.000
  1005:       67.000        1.000        4.000        0.000        0.170
  1010:       67.000        3.000        1.000        0.000        0.170
  1015:       67.000       10.000        1.000        0.000       12.000
  1020:       68.000        1.000        4.000        0.000        0.110
  1025:       68.000        3.000        1.000        0.000        0.110
  1030:       68.000       16.000        0.000        0.000       10.000
  1035:       69.000        1.000        2.000        0.000        2.730
  1040:       69.000        3.000        1.000        0.000        2.730
  1045:       69.000       25.000        1.000        0.000       19.000
  1050:       70.000        1.000        5.000        0.000        0.160
  1055:       70.000        3.000        1.000        0.000        0.160
  1060:       70.000       29.000        0.000        0.000       19.000
  1065:       71.000        1.000        6.000        0.000        0.220
  1070:       71.000        3.000        1.000        0.000        0.220
  1075:       71.000       34.000        2.000        0.000       14.000
  1080:       72.000        1.000        2.000        0.000        0.930
  1085:       72.000        3.000        1.000        0.000        0.930
  1090:       72.000       25.000        2.000        0.000       16.000
  1095:       73.000        1.000        7.000        0.000        0.150
  1100:       73.000        3.000        1.000        0.000        0.150
  1105:       73.000       20.000        1.000        0.000       17.000
  1110:       74.000        1.000        5.000        0.000        0.010
  1115:       74.000        3.000        1.000        0.000        0.010
  1120:       74.000       15.000        4.000        0.000       14.000
  1125:       75.000        1.000        3.000        0.000        0.330
  1130:       75.000        3.000        1.000        0.000        0.330
  1135:       75.000        5.000        0.000        0.000       13.000
  1140:       76.000        1.000        3.000        0.000        0.900
  1145:       76.000        3.000        1.000        0.000        0.900
  1150:       76.000       18.000        0.000        0.000       16.000
  1155:       77.000        1.000        6.000        0.000        0.900
  1160:       77.000        3.000        1.000        0.000        0.900
  1165:       77.000       32.000        1.000        0.000       16.000
  1170:       78.000        1.000        1.000        0.000        3.520
  1175:       78.000        3.000        1.000        0.000        3.520
  1180:       78.000       14.000        1.000        0.000       14.000
  1185:       79.000        1.000        2.000        0.000        0.100
  1190:       79.000        3.000        1.000        0.000        0.100
  1195:       79.000       17.000        0.000        0.000       17.000
  1200:       80.000        1.000        4.000        0.000        3.890
  1205:       80.000        3.000        1.000        0.000        3.890
  1210:       80.000       19.000        0.000        0.000       15.000
  1215:       81.000        1.000        4.000        0.000        4.920
  1220:       81.000        3.000        1.000        0.000        4.920
  1225:       81.000       29.000        0.000        0.000       17.000
  1230:       82.000        1.000        4.000        0.000        0.140
  1235:       82.000        3.000        1.000        0.000        0.140
  1240:       82.000       19.000        1.000        0.000       14.000
  1245:       83.000        1.000        3.000        0.000        0.700
  1250:       83.000        3.000        1.000        0.000        0.700
  1255:       83.000       18.000        0.000        0.000       15.000
  1260:       84.000        1.000        5.000        0.000        0.940
  1265:       84.000        3.000        1.000        0.000        0.940
  1270:       84.000       22.000        0.000        0.000       13.000
  1275:       85.000        1.000        4.000        0.000        0.370
  1280:       85.000        3.000        1.000        0.000        0.370
  1285:       85.000       21.000        0.000        0.000       14.000
  1290:       86.000        1.000        3.000        0.000        0.160
  1295:       86.000        3.000        1.000        0.000        0.160
  1300:       86.000       22.000        0.000        0.000       14.000
  1305:       87.000        1.000        2.000        0.000        0.170
  1310:       87.000        3.000        1.000        0.000        0.170
  1315:       87.000       25.000        0.000        0.000       13.000
  1320:       88.000        1.000        4.000        0.000        0.850
  1325:       88.000        3.000        1.000        0.000        0.850
  1330:       88.000       17.000        0.000        0.000       14.000
  1335:       89.000        1.000        5.000        0.000        0.150
  1340:       89.000        3.000        1.000        0.000        0.150
  1345:       89.000       19.000        0.000        0.000       14.000
  1350:       90.000        1.000        4.000        0.000        0.680
  1355:       90.000        3.000        1.000        0.000        0.680
  1360:       90.000       33.000        1.000        0.000       12.000
  1365:       91.000        1.000        3.000        0.000        0.230
  1370:       91.000        3.000        1.000        0.000        0.230
  1375:       91.000       28.000        0.000        0.000       15.000
  1380:       92.000        1.000        3.000        0.000        0.780
  1385:       92.000        3.000        1.000        0.000        0.780
  1390:       92.000       25.000        3.000        0.000       15.000
  1395:       93.000        1.000        6.000        0.000        2.350
  1400:       93.000        3.000        1.000        0.000        2.350
  1405:       93.000       16.000        0.000        0.000       16.000
  1410:       94.000        1.000        2.000        0.000        0.170
  1415:       94.000        3.000        1.000        0.000        0.170
  1420:       94.000       18.000        3.000        0.000       16.000
  1425:       95.000        1.000        1.000        0.000        0.130
  1430:       95.000        3.000        1.000        0.000        0.130
  1435:       95.000       17.000        0.000        0.000       12.000
  1440:       96.000        1.000        4.000        0.000        0.490
  1445:       96.000        3.000        1.000        0.000        0.490
  1450:       96.000       22.000        0.000        0.000       18.000
  1455:       97.000        1.000        4.000        0.000        1.400
  1460:       97.000        3.000        1.000        0.000        1.400
  1465:       97.000       17.000        4.000        0.000       14.000
  1470:       98.000        1.000        2.000        0.000        0.850
  1475:       98.000        3.000        1.000        0.000        0.850
  1480:       98.000       23.000        0.000        0.000       14.000
  1485:       99.000        1.000        2.000        0.000        0.140
  1490:       99.000        3.000        1.000        0.000        0.140
  1495:       99.000       16.000        0.000        0.000       17.000
  1500:      100.000        1.000        3.000        0.000        0.180
  1505:      100.000        3.000        1.000        0.000        0.180
  1510:      100.000       24.000        2.000        0.000       17.000
D:
     0:        0.000        0.000        0.000        0.000        0.000
     5:        0.000        0.000        0.000        0.000        0.000
    10:        0.000        0.000        0.000        0.000        0.000
    15:        1.000       15.000       90.000       40.000       47.160
    20:        1.000       62.160       63.160       42.160       62.160
    25:        1.000       25.000       80.000       15.000       15.150
    30:        2.000      103.000      178.000      128.000      134.630
    35:        2.000      149.630      150.630      129.630      149.630
    40:        2.000      113.000      168.000      103.000      103.150
    45:        3.000      190.000      265.000      215.000      221.350
    50:        3.000      236.350      237.350      216.350      236.350
    55:        3.000      200.000      255.000      190.000      190.150
    60:        4.000      281.000      356.000      306.000      311.280
    65:        4.000      326.280      327.280      306.280      326.280
    70:        4.000      291.000      346.000      281.000      281.150
    75:        5.000      370.000      445.000      395.000      400.220
    80:        5.000      415.220      416.220      395.220      415.220
    85:        5.000      380.000      435.000      370.000      370.150
    90:        6.000      459.000      534.000      484.000      489.020
    95:        6.000      504.020      505.020      484.020      504.020
   100:        6.000      469.000      524.000      459.000      459.150
   105:        7.000      553.000      628.000      578.000      589.140
   110:        7.000      604.140      605.140      584.140      604.140
   115:        7.000      563.000      618.000      553.000      553.150
   120:        8.000      643.000      718.000      668.000      673.130
   125:        8.000      688.130      689.130      668.130      688.130
   130:        8.000      653.000      708.000      643.000      643.150
   135:        9.000      734.000      809.000      759.000      764.140
   140:        9.000      779.140      780.140      759.140      779.140
   145:        9.000      744.000      799.000      734.000      734.150
   150:       10.000      823.000      898.000      848.000      856.720
   155:       10.000      871.720      872.720      851.720      871.720
   160:       10.000      833.000      888.000      823.000      823.150
   165:       11.000      914.000      989.000      939.000      944.350
   170:       11.000      959.350      960.350      939.350      959.350
   175:       11.000      924.000      979.000      914.000      914.150
   180:       12.000     1005.000     1080.000     1030.000     1035.010
   185:       12.000     1050.010     1051.010     1030.010     1050.010
   190:       12.000     1015.000     1070.000     1005.000     1005.150
   195:       13.000     1092.000     1167.000     1117.000     1122.580
   200:       13.000     1137.580     1138.580     1117.580     1137.580
   205:       13.000     1102.000     1157.000     1092.000     1092.150
   210:       14.000     1186.000     1261.000     1211.000     1216.140
   215:       14.000     1231.140     1232.140     1211.140     1231.140
   220:       14.000     1196.000     1251.000     1186.000     1186.150
   225:       15.000     1278.000     1353.000     1303.000     1323.000
   230:       15.000        0.000        0.000        0.000        0.000
   235:       15.000     1288.000     1343.000     1278.000     1278.150
   240:       16.000     1363.000     1438.000     1388.000     1396.090
   245:       16.000     1411.090     1412.090     1391.090     1411.090
   250:       16.000     1373.000     1428.000     1363.000     1363.150
   255:       17.000     1452.000     1527.000     1477.000     1483.610
   260:       17.000     1498.610     1499.610     1478.610     1498.610
   265:       17.000     1462.000     1517.000     1452.000     1452.150
   270:       18.000     1541.000     1616.000     1566.000     1572.070
   275:       18.000     1587.070     1588.070     1567.070     1587.070
   280:       18.000     1551.000     1606.000     1541.000     1541.150
   285:       19.000     1634.000     1709.000     1659.000     1664.520
   290:       19.000     1679.520     1680.520     1659.520     1679.520
   295:       19.000     1644.000     1699.000     1634.000     1634.150
   300:       20.000     1725.000     1800.000     1750.000     1756.580
   305:       20.000     1771.580     1772.580     1751.580     1771.580
   310:       20.000     1735.000     1790.000     1725.000     1725.150
   315:       21.000     1815.000     1890.000     1840.000     1845.280
   320:       21.000     1860.280     1861.280     1840.280     1860.280
   325:       21.000     1825.000     1880.000     1815.000     1815.150
   330:       22.000     1902.000     1977.000     1927.000     1932.160
   335:       22.000     1947.160     1948.160     1927.160     1947.160
   340:       22.000     1912.000     1967.000     1902.000     1902.150
   345:       23.000     1990.000     2065.000     2015.000     2020.920
   350:       23.000     2035.920     2036.920     2015.920     2035.920
   355:       23.000     2000.000     2055.000     1990.000     1990.150
   360:       24.000     2080.000     2155.000     2105.000     2110.780
   365:       24.000     2125.780     2126.780     2105.780     2125.780
   370:       24.000     2090.000     2145.000     2080.000     2080.150
   375:       25.000     2167.000     2242.000     2192.000     2197.660
   380:       25.000     2212.660     2213.660     2192.660     2212.660
   385:       25.000     2177.000     2232.000     2167.000     2167.150
   390:       26.000     2260.000     2335.000     2285.000     2291.150
   395:       26.000     2306.150     2307.150     2286.150     2306.150
   400:       26.000     2270.000     2325.000     2260.000     2260.150
   405:       27.000     2351.000     2426.000     2376.000     2381.640
   410:       27.000     2396.640     2397.640     2376.640     2396.640
   415:       27.000     2361.000     2416.000     2351.000     2351.150
   420:       28.000     2439.000     2514.000     2464.000     2469.860
   425:       28.000     2484.860     2485.860     2464.860     2484.860
   430:       28.000     2449.000     2504.000     2439.000     2439.150
   435:       29.000     2528.000     2603.000     2553.000     2559.430
   440:       29.000     2574.430     2575.430     2554.430     2574.430
   445:       29.000     2538.000     2593.000     2528.000     2528.150
   450:       30.000     2619.000     2694.000     2644.000     2649.180
   455:       30.000     2664.180     2665.180     2644.180     2664.180
   460:       30.000     2629.000     2684.000     2619.000     2619.150
   465:       31.000     2709.000     2784.000     2734.000     2740.740
   470:       31.000     2755.740     2756.740     2735.740     2755.740
   475:       31.000     2719.000     2774.000     2709.000     2709.150
   480:       32.000     2795.000     2870.000     2820.000     2825.500
   485:       32.000     2840.500     2841.500     2820.500     2840.500
   490:       32.000     2805.000     2860.000     2795.000     2795.150
   495:       33.000     2885.000     2960.000     2910.000     2915.510
   500:       33.000     2930.510     2931.510     2910.510     2930.510
   505:       33.000     2895.000     2950.000     2885.000     2885.150
   510:       34.000     2976.000     3051.000     3001.000     3013.220
   515:       34.000     3028.220     3029.220     3008.220     3028.220
   520:       34.000     2986.000     3041.000     2976.000     2976.150
   525:       35.000     3066.000     3141.000     3091.000     3102.370
   530:       35.000     3117.370     3118.370     3097.370     3117.370
   535:       35.000     3076.000     3131.000     3066.000     3066.150
   540:       36.000     3157.000     3232.000     3182.000     3187.130
   545:       36.000     3202.130     3203.130     3182.130     3202.130
   550:       36.000     3167.000     3222.000     3157.000     3157.150
   555:       37.000     3247.000     3322.000     3272.000     3277.160
   560:       37.000     3292.160     3293.160     3272.160     3292.160
   565:       37.000     3257.000     3312.000     3247.000     3247.150
   570:       38.000     3340.000     3415.000     3365.000     3370.280
   575:       38.000     3385.280     3386.280     3365.280     3385.280
   580:       38.000     3350.000     3405.000     3340.000     3340.150
   585:       39.000     3427.000     3502.000     3452.000     3457.530
   590:       39.000     3472.530     3473.530     3452.530     3472.530
   595:       39.000     3437.000     3492.000     3427.000     3427.150
   600:       40.000     3520.000     3595.000     3545.000     3550.170
   605:       40.000     3565.170     3566.170     3545.170     3565.170
   610:       40.000     3530.000     3585.000     3520.000     3520.150
   615:       41.000     3612.000     3687.000     3637.000     3642.470
   620:       41.000     3657.470     3658.470     3637.470     3657.470
   625:       41.000     3622.000     3677.000     3612.000     3612.150
   630:       42.000     3705.000     3780.000     3730.000     3735.720
   635:       42.000     3750.720     3751.720     3730.720     3750.720
   640:       42.000     3715.000     3770.000     3705.000     3705.150
   645:       43.000     3797.000     3872.000     3822.000     3827.100
   650:       43.000     3842.100     3843.100     3822.100     3842.100
   655:       43.000     3807.000     3862.000     3797.000     3797.150
   660:       44.000     3887.000     3962.000     3912.000     3917.740
   665:       44.000     3932.740     3933.740     3912.740     3932.740
   670:       44.000     3897.000     3952.000     3887.000     3887.150
   675:       45.000     3978.000     4053.000     4003.000     4008.770
   680:       45.000     4023.770     4024.770     4003.770     4023.770
   685:       45.000     3988.000     4043.000     3978.000     3978.150
   690:       46.000     4073.000     4148.000     4098.000     4105.780
   695:       46.000     4120.780     4121.780     4100.780     4120.780
   700:       46.000     4083.000     4138.000     4073.000     4073.150
   705:       47.000     4161.000     4236.000     4186.000     4192.660
   710:       47.000     4207.660     4208.660     4187.660     4207.660
   715:       47.000     4171.000     4226.000     4161.000     4161.150
   720:       48.000     4251.000     4326.000     4276.000     4281.170
   725:       48.000     4296.170     4297.170     4276.170     4296.170
   730:       48.000     4261.000     4316.000     4251.000     4251.150
   735:       49.000     4341.000     4416.000     4366.000     4372.100
   740:       49.000     4387.100     4388.100     4367.100     4387.100
   745:       49.000     4351.000     4406.000     4341.000     4341.150
   750:       50.000     4435.000     4510.000     4460.000     4467.070
   755:       50.000     4482.070     4483.070     4462.070     4482.070
   760:       50.000     4445.000     4500.000     4435.000     4435.150
   765:       51.000     4523.000     4598.000     4548.000     4554.420
   770:       51.000     4569.420     4570.420     4549.420     4569.420
   775:       51.000     4533.000     4588.000     4523.000     4523.150
   780:       52.000     4614.000     4689.000     4639.000     4645.110
   785:       52.000     4660.110     4661.110     4640.110     4660.110
   790:       52.000     4624.000     4679.000     4614.000     4614.150
   795:       53.000     4706.000     4781.000     4731.000     4736.340
   800:       53.000     4751.340     4752.340     4731.340     4751.340
   805:       53.000     4716.000     4771.000     4706.000     4706.150
   810:       54.000     4797.000     4872.000     4822.000     4827.810
   815:       54.000     4842.810     4843.810     4822.810     4842.810
   820:       54.000     4807.000     4862.000     4797.000     4797.150
   825:       55.000     4883.000     4958.000     4908.000     4913.790
   830:       55.000     4928.790     4929.790     4908.790     4928.790
   835:       55.000     4893.000     4948.000     4883.000     4883.150
   840:       56.000     4975.000     5050.000     5000.000     5005.370
   845:       56.000     5020.370     5021.370     5000.370     5020.370
   850:       56.000     4985.000     5040.000     4975.000     4975.150
   855:       57.000     5066.000     5141.000     5091.000     5096.060
   860:       57.000     5111.060     5112.060     5091.060     5111.060
   865:       57.000     5076.000     5131.000     5066.000     5066.150
   870:       58.000     5155.000     5230.000     5180.000     5185.980
   875:       58.000     5200.980     5201.980     5180.980     5200.980
   880:       58.000     5165.000     5220.000     5155.000     5155.150
   885:       59.000     5243.000     5318.000     5268.000     5273.150
   890:       59.000     5288.150     5289.150     5268.150     5288.150
   895:       59.000     5253.000     5308.000     5243.000     5243.150
   900:       60.000     5332.000     5407.000     5357.000     5362.410
   905:       60.000     5377.410     5378.410     5357.410     5377.410
   910:       60.000     5342.000     5397.000     5332.000     5332.150
   915:       61.000     5424.000     5499.000     5449.000     5454.980
   920:       61.000     5469.980     5470.980     5449.980     5469.980
   925:       61.000     5434.000     5489.000     5424.000     5424.150
   930:       62.000     5516.000     5591.000     5541.000     5546.200
   935:       62.000     5561.200     5562.200     5541.200     5561.200
   940:       62.000     5526.000     5581.000     5516.000     5516.150
   945:       63.000     5606.000     5681.000     5631.000     5636.170
   950:       63.000     5651.170     5652.170     5631.170     5651.170
   955:       63.000     5616.000     5671.000     5606.000     5606.150
   960:       64.000     5695.000     5770.000     5720.000     5725.170
   965:       64.000     5740.170     5741.170     5720.170     5740.170
   970:       64.000     5705.000     5760.000     5695.000     5695.150
   975:       65.000     5785.000     5860.000     5810.000     5815.960
   980:       65.000     5830.960     5831.960     5810.960     5830.960
   985:       65.000     5795.000     5850.000     5785.000     5785.150
   990:       66.000     5873.000     5948.000     5898.000     5903.160
   995:       66.000     5918.160     5919.160     5898.160     5918.160
  1000:       66.000     5883.000     5938.000     5873.000     5873.150
  1005:       67.000     5961.000     6036.000     5986.000     5991.170
  1010:       67.000     6006.170     6007.170     5986.170     6006.170
  1015:       67.000     5971.000     6026.000     5961.000     5961.150
  1020:       68.000     6048.000     6123.000     6073.000     6078.110
  1025:       68.000     6093.110     6094.110     6073.110     6093.110
  1030:       68.000     6058.000     6113.000     6048.000     6048.150
  1035:       69.000     6133.000     6208.000     6158.000     6165.730
  1040:       69.000     6180.730     6181.730     6160.730     6180.730
  1045:       69.000     6143.000     6198.000     6133.000     6133.150
  1050:       70.000     6227.000     6302.000     6252.000     6257.160
  1055:       70.000     6272.160     6273.160     6252.160     6272.160
  1060:       70.000     6237.000     6292.000     6227.000     6227.150
  1065:       71.000     6321.000     6396.000     6346.000     6351.220
  1070:       71.000     6366.220     6367.220     6346.220     6366.220
  1075:       71.000     6331.000     6386.000     6321.000     6321.150
  1080:       72.000     6410.000     6485.000     6435.000     6440.930
  1085:       72.000     6455.930     6456.930     6435.930     6455.930
  1090:       72.000     6420.000     6475.000     6410.000     6410.150
  1095:       73.000     6501.000     6576.000     6526.000     6531.150
  1100:       73.000     6546.150     6547.150     6526.150     6546.150
  1105:       73.000     6511.000     6566.000     6501.000     6501.150
  1110:       74.000     6593.000     6668.000     6618.000     6623.010
  1115:       74.000     6638.010     6639.010     6618.010     6638.010
  1120:       74.000     6603.000     6658.000     6593.000     6593.150
  1125:       75.000     6682.000     6757.000     6707.000     6712.330
  1130:       75.000     6727.330     6728.330     6707.330     6727.330
  1135:       75.000     6692.000     6747.000     6682.000     6682.150
  1140:       76.000     6770.000     6845.000     6795.000     6800.900
  1145:       76.000     6815.900     6816.900     6795.900     6815.900
  1150:       76.000     6780.000     6835.000     6770.000     6770.150
  1155:       77.000     6861.000     6936.000     6886.000     6891.900
  1160:       77.000     6906.900     6907.900     6886.900     6906.900
  1165:       77.000     6871.000     6926.000     6861.000     6861.150
  1170:       78.000     6952.000     7027.000     6977.000     6985.520
  1175:       78.000     7000.520     7001.520     6980.520     7000.520
  1180:       78.000     6962.000     7017.000     6952.000     6952.150
  1185:       79.000     7041.000     7116.000     7066.000     7071.100
  1190:       79.000     7086.100     7087.100     7066.100     7086.100
  1195:       79.000     7051.000     7106.000     7041.000     7041.150
  1200:       80.000     7133.000     7208.000     7158.000     7166.890
  1205:       80.000     7181.890     7182.890     7161.890     7181.890
  1210:       80.000     7143.000     7198.000     7133.000     7133.150
  1215:       81.000     7223.000     7298.000     7248.000     7257.920
  1220:       81.000     7272.920     7273.920     7252.920     7272.920
  1225:       81.000     7233.000     7288.000     7223.000     7223.150
  1230:       82.000     7315.000     7390.000     7340.000     7345.140
  1235:       82.000     7360.140     7361.140     7340.140     7360.140
  1240:       82.000     7325.000     7380.000     7315.000     7315.150
  1245:       83.000     7404.000     7479.000     7429.000     7434.700
  1250:       83.000     7449.700     7450.700     7429.700     7449.700
  1255:       83.000     7414.000     7469.000     7404.000     7404.150
  1260:       84.000     7494.000     7569.000     7519.000     7524.940
  1265:       84.000     7539.940     7540.940     7519.940     7539.940
  1270:       84.000     7504.000     7559.000     7494.000     7494.150
  1275:       85.000     7582.000     7657.000     7607.000     7612.370
  1280:       85.000     7627.370     7628.370     7607.370     7627.370
  1285:       85.000     7592.000     7647.000     7582.000     7582.150
  1290:       86.000     7671.000     7746.000     7696.000     7701.160
  1295:       86.000     7716.160     7717.160     7696.160     7716.160
  1300:       86.000     7681.000     7736.000     7671.000     7671.150
  1305:       87.000     7760.000     7835.000     7785.000     7790.170
  1310:       87.000     7805.170     7806.170     7785.170     7805.170
  1315:       87.000     7770.000     7825.000     7760.000     7760.150
  1320:       88.000     7848.000     7923.000     7873.000     7878.850
  1325:       88.000     7893.850     7894.850     7873.850     7893.850
  1330:       88.000     7858.000     7913.000     7848.000     7848.150
  1335:       89.000     7937.000     8012.000     7962.000     7967.150
  1340:       89.000     7982.150     7983.150     7962.150     7982.150
  1345:       89.000     7947.000     8002.000     7937.000     7937.150
  1350:       90.000     8026.000     8101.000     8051.000     8056.680
  1355:       90.000     8071.680     8072.680     8051.680     8071.680
  1360:       90.000     8036.000     8091.000     8026.000     8026.150
  1365:       91.000     8113.000     8188.000     8138.000     8143.230
  1370:       91.000     8158.230     8159.230     8138.230     8158.230
  1375:       91.000     8123.000     8178.000     8113.000     8113.150
  1380:       92.000     8203.000     8278.000     8228.000     8233.780
  1385:       92.000     8248.780     8249.780     8228.780     8248.780
  1390:       92.000     8213.000     8268.000     8203.000     8203.150
  1395:       93.000     8293.000     8368.000     8318.000     8325.350
  1400:       93.000     8340.350     8341.350     8320.350     8340.350
  1405:       93.000     8303.000     8358.000     8293.000     8293.150
  1410:       94.000     8384.000     8459.000     8409.000     8414.170
  1415:       94.000     8429.170     8430.170     8409.170     8429.170
  1420:       94.000     8394.000     8449.000     8384.000     8384.150
  1425:       95.000     8475.000     8550.000     8500.000     8505.130
  1430:       95.000     8520.130     8521.130     8500.130     8520.130
  1435:       95.000     8485.000     8540.000     8475.000     8475.150
  1440:       96.000     8562.000     8637.000     8587.000     8592.490
  1445:       96.000     8607.490     8608.490     8587.490     8607.490
  1450:       96.000     8572.000     8627.000     8562.000     8562.150
  1455:       97.000     8655.000     8730.000     8680.000     8686.400
  1460:       97.000     8701.400     8702.400     8681.400     8701.400
  1465:       97.000     8665.000     8720.000     8655.000     8655.150
  1470:       98.000     8744.000     8819.000     8769.000     8774.850
  1475:       98.000     8789.850     8790.850     8769.850     8789.850
  1480:       98.000     8754.000     8809.000     8744.000     8744.150
  1485:       99.000     8833.000     8908.000     8858.000     8863.140
  1490:       99.000     8878.140     8879.140     8858.140     8878.140
  1495:       99.000     8843.000     8898.000     8833.000     8833.150
  1500:      100.000     8925.000     9000.000     8950.000     8955.180
  1505:      100.000     8970.180     8971.180     8950.180     8970.180
  1510:      100.000     8935.000     8990.000     8925.000     8925.150
F:
     0:       32.070       54.710       55.000       56.250       59.410
     5:       60.310       61.060       71.640      126.140      140.090
    10:      140.590      141.030      141.240      141.490      142.730
    15:      142.820      142.850      143.920      144.750      146.960
    20:      147.140      147.210      154.340      154.900      166.190
    25:      224.390      225.660      225.670      226.950      227.180
    30:      230.020      230.120      230.170      230.240      230.810
    35:      231.030      243.280      243.820      244.230      244.420
    40:      245.630      301.250      314.920      315.450      316.190
    45:      316.330      316.450      318.280      318.770      318.870
    50:      318.980      319.330      319.370      322.700      323.820
    55:      323.880      331.660      331.770      332.070      332.160
    60:      332.400      332.570      332.740      334.540      335.650
    65:      336.220      407.470      408.230      408.660      408.720
    70:      408.880      408.980      409.000      409.120      409.870
    75:      412.480      412.520      413.150      413.190      417.060
    80:      418.410      419.910      421.690      490.510      491.470
    85:      491.650      492.240      492.480      493.130      496.660
    90:      496.780      497.000      497.110      497.240      497.430
    95:      497.520      507.110      507.500      507.990      508.120
   100:      508.520      508.700      594.640      595.280      596.140
   105:      596.250      596.650      597.380      597.850      598.230
   110:      598.300      599.020      600.330      600.510      600.660
   115:      600.730      600.910      601.190      674.840      677.300
   120:      678.190      678.360      678.750      679.660      679.770
   125:      679.930      683.710      684.430      692.200      693.070
   130:      693.590      693.770      754.990      755.350      772.150
   135:      772.990      773.100      773.190      773.380      773.390
   140:      773.650      774.330      774.480      775.310      775.370
   145:      781.230      864.470      867.860      868.160      870.550
   150:      870.810      871.940      876.810      945.810      946.040
   155:      948.150      950.700      951.340      951.650      951.700
   160:      952.140      952.250      952.420      952.780      955.890
   165:      955.990      956.330      956.470      962.600      964.500
   170:      964.640      964.850      965.460      966.630      971.200
   175:     1038.190     1039.420     1040.250     1040.420     1040.860
   180:     1041.090     1041.250     1041.580     1044.420     1044.600
   185:     1044.730     1044.860     1052.650     1053.900     1054.100
   190:     1055.090     1057.640     1125.370     1126.380     1127.040
   195:     1127.250     1128.380     1129.480     1129.570     1129.640
   200:     1130.250     1130.310     1130.400     1132.080     1135.090
   205:     1140.130     1142.520     1145.960     1197.610     1220.470
   210:     1224.440     1225.460     1225.610     1225.960     1226.030
   215:     1226.500     1226.610     1226.980     1227.170     1228.110
   220:     1228.180     1233.030     1234.560     1235.350     1411.830
   225:     1415.440     1417.780     1487.530     1487.940     1488.000
   230:     1488.490     1488.590     1489.050     1489.510     1489.670
   235:     1489.730     1490.050     1490.410     1490.450     1491.280
   240:     1491.420     1491.570     1491.600     1492.510     1501.540
   245:     1503.020     1575.980     1576.520     1577.020     1577.530
   250:     1578.060     1578.920     1579.080     1579.610     1580.040
   255:     1580.480     1580.700     1580.780     1583.140     1584.210
   260:     1591.150     1592.630     1594.120     1650.340     1668.330
   265:     1669.120     1669.260     1670.000     1670.140     1670.360
   270:     1671.360     1671.490     1685.870     1757.720     1764.080
   275:     1764.460     1764.830     1764.890     1765.350     1765.430
   280:     1765.700     1765.880     1765.990     1767.030     1767.170
   285:     1767.260     1767.550     1767.680     1836.630     1846.230
   290:     1846.690     1847.190     1847.250     1847.780     1847.970
   295:     1848.070     1848.790     1848.950     1849.100     1849.230
   300:     1849.450     1862.030     1867.540     1870.550     1871.680
   305:     1872.200     1936.680     1939.780     1941.090     1942.740
   310:     1942.940     1943.300     1943.430     1944.990     1945.080
   315:     1945.260     1945.380     1950.090     1950.580     2031.990
   320:     2040.510     2042.490     2042.970     2045.220     2045.430
   325:     2045.540     2047.810     2047.910     2048.570     2050.260
   330:     2050.540     2050.800     2051.440     2102.510     2112.610
   335:     2112.900     2113.730     2114.010     2114.550     2114.700
   340:     2115.030     2115.180     2128.260     2133.940     2138.270
   345:     2139.840     2140.130     2201.910     2202.310     2202.590
   350:     2203.360     2203.730     2204.060     2204.560     2205.230
   355:     2205.400     2205.810     2216.700     2217.280     2217.680
   360:     2217.950     2218.140     2294.500     2297.560     2298.070
   365:     2298.190     2298.510     2299.280     2299.570     2299.760
   370:     2302.610     2306.280     2309.480     2310.070     2310.570
   375:     2311.810     2312.190     2312.360     2312.640     2388.910
   380:     2389.800     2390.830     2391.860     2392.020     2392.210
   385:     2392.330     2395.810     2400.900     2401.050     2401.250
   390:     2401.690     2402.260     2402.660     2470.880     2470.990
   395:     2472.950     2474.740     2476.350     2476.990     2477.290
   400:     2477.450     2478.690     2479.430     2479.670     2482.440
   405:     2482.560     2482.750     2482.770     2483.030     2483.040
   410:     2483.220     2483.270     2485.000     2488.920     2489.010
   415:     2490.160     2490.330     2490.540     2491.010     2494.080
   420:     2548.890     2548.970     2549.100     2560.410     2561.090
   425:     2561.540     2561.910     2562.140     2562.940     2563.130
   430:     2563.360     2563.560     2563.850     2578.850     2579.110
   435:     2579.270     2579.630     2583.390     2583.550     2585.980
   440:     2637.500     2637.590     2651.000     2651.990     2652.320
   445:     2652.590     2652.660     2653.030     2653.150     2653.300
   450:     2653.490     2653.590     2654.000     2654.090     2654.150
   455:     2655.610     2655.660     2655.940     2656.160     2667.330
   460:     2667.450     2667.750     2667.800     2669.620     2672.080
   465:     2731.360     2742.100     2742.590     2743.080     2743.360
   470:     2743.850     2743.960     2744.170     2744.670     2744.760
   475:     2745.580     2745.720     2745.860     2750.210     2750.250
   480:     2759.070     2759.190     2759.410     2761.260     2829.640
   485:     2830.500     2831.450     2834.230     2834.920     2835.570
   490:     2835.880     2836.040     2836.560     2836.630     2838.460
   495:     2838.610     2839.290     2839.420     2839.550     2839.590
   500:     2845.860     2845.990     2852.660     2906.260     2916.950
   505:     2917.590     2917.950     2918.040     2918.050     2918.180
   510:     2918.340     2918.920     2919.050     2919.590     2919.710
   515:     2920.190     2920.380     2920.480     2920.550     2920.850
   520:     2920.920     2921.140     2921.490     2922.250     2922.380
   525:     2926.180     2926.230     2929.660     2929.710     2935.080
   530:     2936.210     2937.030     2937.380     2938.560     3015.260
   535:     3015.680     3016.110     3016.130     3016.430     3016.480
   540:     3017.110     3017.430     3017.550     3017.920     3017.960
   545:     3018.600     3018.680     3019.360     3019.550     3020.520
   550:     3020.610     3020.720     3020.920     3021.050     3021.200
   555:     3021.240     3025.160     3025.240     3025.390     3033.500
   560:     3034.180     3034.290     3104.230     3105.800     3106.380
   565:     3107.270     3107.320     3109.260     3109.320     3109.470
   570:     3109.570     3109.910     3110.040     3110.490     3114.700
   575:     3114.740     3119.670     3119.760     3119.980     3122.190
   580:     3126.900     3175.100     3175.230     3175.320     3175.460
   585:     3175.640     3189.690     3190.610     3192.650     3193.340
   590:     3194.120     3194.350     3194.490     3194.780     3194.980
   595:     3195.130     3195.290     3195.480     3196.120     3196.240
   600:     3196.500     3196.860     3197.090     3197.160     3205.180
   605:     3205.300     3207.310     3207.780     3208.170     3210.140
   610:     3210.210     3210.500     3210.750     3279.100     3281.730
   615:     3281.980     3282.320     3283.050     3283.160     3283.560
   620:     3283.660     3284.150     3284.200     3284.370     3285.400
   625:     3286.200     3286.290     3286.390     3286.510     3286.590
   630:     3295.580     3295.850     3296.060     3296.650     3297.080
   635:     3371.160     3371.480     3371.870     3373.020     3373.260
   640:     3373.870     3374.450     3374.600     3375.020     3375.130
   645:     3375.990     3376.120     3376.190     3376.230     3376.950
   650:     3377.820     3377.910     3377.920     3378.100     3378.160
   655:     3378.300     3378.410     3378.630     3379.000     3379.570
   660:     3381.910     3382.160     3382.310     3382.740     3382.880
   665:     3383.100     3383.190     3383.460     3383.550     3384.890
   670:     3385.140     3385.460     3388.780     3388.920     3388.990
   675:     3389.630     3389.780     3389.940     3390.090     3390.250
   680:     3391.390     3392.620     3444.010     3461.320     3461.450
   685:     3461.590     3463.360     3464.010     3465.270     3466.260
   690:     3466.300     3466.560     3466.660     3467.800     3467.930
   695:     3468.160     3469.870     3469.980     3470.190     3470.340
   700:     3470.430     3470.680     3476.060     3476.720     3476.840
   705:     3477.050     3480.220     3480.300     3480.440     3481.030
   710:     3482.310     3536.430     3536.490     3551.050     3551.610
   715:     3552.290     3552.590     3553.040     3553.330     3553.790
   720:     3554.590     3554.730     3554.910     3554.970     3556.050
   725:     3557.520     3557.650     3557.980     3562.010     3568.900
   730:     3569.000     3569.580     3569.620     3572.670     3572.790
   735:     3573.140     3632.180     3632.240     3633.570     3643.280
   740:     3644.170     3645.110     3645.240     3645.400     3645.520
   745:     3645.570     3645.940     3646.050     3646.350     3646.440
   750:     3646.620     3646.830     3646.930     3647.020     3647.770
   755:     3649.390     3649.430     3649.600     3649.750     3649.890
   760:     3649.980     3650.000     3650.480     3650.560     3654.460
   765:     3654.500     3660.210     3660.440     3661.650     3662.410
   770:     3663.020     3665.170     3667.020     3667.150     3667.950
   775:     3669.790     3670.580     3737.190     3738.160     3738.680
   780:     3739.000     3739.360     3739.820     3739.930     3740.890
   785:     3741.050     3741.220     3741.600     3741.990     3742.110
   790:     3743.450     3746.040     3746.100     3746.220     3746.290
   795:     3746.560     3746.710     3748.430     3749.450     3753.320
   800:     3754.280     3754.440     3754.610     3755.250     3755.780
   805:     3829.040     3829.600     3830.030     3830.270     3831.110
   810:     3831.120     3831.320     3831.540     3831.680     3831.890
   815:     3832.760     3832.960     3833.350     3833.380     3833.580
   820:     3833.640     3835.490     3835.830     3836.810     3837.040
   825:     3837.090     3837.160     3839.140     3839.240     3840.200
   830:     3840.240     3844.920     3845.090     3845.210     3845.620
   835:     3846.110     3846.240     3846.590     3846.840     3847.000
   840:     3847.120     3847.620     3847.800     3848.340     3852.510
   845:     3918.720     3919.310     3921.550     3923.020     3923.630
   850:     3923.800     3923.910     3924.060     3924.150     3924.340
   855:     3924.480     3925.520     3925.610     3925.640     3928.360
   860:     3928.410     3928.640     3928.720     3928.820     3928.900
   865:     3929.040     3929.200     3929.320     3934.860     3934.920
   870:     3937.580     3937.860     3938.020     3938.250     3938.370
   875:     3944.450     3945.580     4010.950     4014.370     4015.330
   880:     4015.580     4015.810     4016.070     4016.630     4016.950
   885:     4017.170     4017.320     4019.230     4019.420     4020.400
   890:     4020.530     4020.780     4020.940     4021.030     4021.090
   895:     4022.830     4022.880     4023.090     4026.950     4027.100
   900:     4027.580     4085.410     4111.400     4111.490     4114.440
   905:     4115.820     4116.070     4116.440     4116.900     4117.040
   910:     4117.140     4117.510     4117.720     4117.870     4119.180
   915:     4120.400     4120.560     4120.620     4124.340     4124.530
   920:     4125.290     4125.490     4125.980     4127.610     4128.970
   925:     4194.880     4197.670     4198.640     4199.150     4199.310
   930:     4199.530     4199.950     4200.130     4200.550     4200.810
   935:     4200.970     4201.150     4201.390     4202.140     4202.350
   940:     4203.140     4203.920     4203.940     4204.120     4204.190
   945:     4204.280     4204.540     4204.640     4210.590     4210.680
   950:     4210.830     4211.000     4216.420     4216.820     4217.440
   955:     4218.320     4273.110     4273.240     4281.950     4282.040
   960:     4282.610     4283.030     4283.450     4284.170     4284.700
   965:     4284.920     4285.150     4285.200     4286.010     4286.180
   970:     4286.750     4286.960     4287.290     4287.850     4287.960
   975:     4288.110     4288.150     4289.450     4289.930     4290.220
   980:     4290.360     4290.460     4290.770     4300.280     4300.460
   985:     4301.160     4301.420     4302.390     4302.800     4304.640
   990:     4373.070     4373.590     4374.350     4374.780     4374.930
   995:     4376.940     4377.050     4377.630     4377.970     4378.580
  1000:     4378.740     4378.880     4379.360     4379.480     4379.620
  1005:     4379.860     4380.220     4380.680     4381.920     4383.030
  1010:     4383.220     4383.320     4383.480     4383.960     4390.860
  1015:     4391.870     4392.180     4458.580     4458.790     4472.930
  1020:     4474.030     4474.690     4474.790     4475.050     4475.170
  1025:     4475.480     4475.710     4475.930     4476.250     4476.360
  1030:     4477.080     4477.220     4478.150     4478.740     4485.700
  1035:     4545.170     4555.290     4557.180     4558.130     4558.370
  1040:     4558.500     4558.830     4559.020     4559.550     4559.650
  1045:     4561.360     4561.530     4561.810     4562.180     4562.570
  1050:     4563.250     4563.490     4563.610     4566.250     4574.100
  1055:     4574.290     4578.150     4628.680     4628.760     4653.920
  1060:     4655.380     4655.640     4657.160     4657.650     4659.590
  1065:     4660.250     4662.990     4663.420     4670.210     4724.200
  1070:     4724.300     4737.960     4739.060     4739.550     4740.060
  1075:     4740.190     4740.420     4740.520     4742.890     4743.150
  1080:     4744.330     4746.810     4746.960     4747.280     4747.420
  1085:     4754.370     4754.500     4756.040     4756.090     4828.970
  1090:     4829.600     4829.730     4829.990     4830.060     4830.190
  1095:     4830.520     4830.690     4831.110     4831.210     4831.720
  1100:     4831.830     4831.990     4832.140     4832.620     4832.650
  1105:     4833.110     4833.890     4834.020     4834.110     4834.130
  1110:     4835.490     4835.930     4836.040     4836.080     4836.160
  1115:     4836.660     4837.690     4837.790     4837.830     4837.970
  1120:     4838.010     4838.110     4838.450     4838.690     4839.060
  1125:     4839.090     4839.250     4842.820     4856.710     4914.700
  1130:     4916.230     4916.280     4916.710     4917.990     4918.560
  1135:     4919.200     4919.440     4919.520     4920.260     4920.370
  1140:     4920.390     4920.660     4920.770     4920.820     4923.210
  1145:     4923.330     4923.390     4923.530     4927.430     4927.520
  1150:     4927.680     4927.810     4928.070     4928.180     4928.310
  1155:     4939.490     4942.710     4943.350     4943.420     5006.450
  1160:     5023.950     5025.560     5026.710     5027.150     5028.210
  1165:     5028.420     5028.520     5029.040     5031.190     5088.130
  1170:     5088.260     5088.360     5098.600     5102.690     5104.850
  1175:     5105.920     5106.700     5107.460     5108.040     5108.660
  1180:     5109.450     5109.870     5110.110     5110.230     5113.960
  1185:     5114.120     5114.220     5114.540     5116.140     5116.550
  1190:     5116.740     5117.250     5118.380     5176.720     5178.160
  1195:     5178.600     5179.370     5179.600     5180.070     5190.370
  1200:     5191.690     5191.810     5192.190     5192.550     5193.380
  1205:     5194.080     5194.600     5197.670     5197.870     5203.930
  1210:     5204.060     5204.190     5204.700     5207.700     5208.100
  1215:     5208.740     5211.060     5211.100     5262.150     5275.610
  1220:     5276.010     5278.000     5278.020     5278.930     5279.730
  1225:     5280.900     5281.880     5282.000     5282.140     5282.280
  1230:     5282.580     5286.750     5286.800     5286.840     5287.290
  1235:     5287.530     5288.090     5288.210     5292.310     5292.560
  1240:     5292.800     5295.090     5295.700     5356.430     5363.620
  1245:     5370.200     5370.510     5371.090     5371.330     5371.470
  1250:     5371.940     5371.990     5373.000     5373.250     5373.300
  1255:     5374.420     5375.390     5376.720     5376.860     5380.320
  1260:     5460.590     5460.670     5460.940     5461.240     5461.800
  1265:     5462.100     5462.380     5462.660     5462.860     5462.900
  1270:     5463.250     5464.310     5464.670     5464.940     5465.120
  1275:     5465.450     5465.480     5465.980     5466.640     5468.780
  1280:     5473.120     5475.170     5479.290     5547.100     5547.850
  1285:     5549.590     5550.390     5550.510     5550.780     5550.920
  1290:     5551.030     5551.170     5552.070     5552.420     5552.460
  1295:     5552.980     5553.080     5554.050     5557.060     5557.120
  1300:     5558.440     5564.600     5566.460     5566.870     5567.530
  1305:     5569.360     5637.680     5638.170     5638.530     5638.900
  1310:     5639.070     5639.260     5639.530     5639.690     5640.030
  1315:     5640.570     5641.540     5641.620     5643.230     5643.330
  1320:     5643.490     5643.820     5646.840     5646.920     5660.990
  1325:     5727.380     5727.670     5728.000     5728.520     5729.790
  1330:     5730.700     5730.880     5731.030     5731.120     5731.200
  1335:     5731.580     5731.630     5731.730     5731.840     5734.390
  1340:     5734.550     5735.300     5735.590     5735.630     5735.730
  1345:     5735.860     5737.540     5737.950     5738.360     5739.110
  1350:     5743.180     5743.350     5743.530     5798.330     5800.320
  1355:     5808.480     5809.800     5817.990     5818.370     5819.060
  1360:     5819.230     5819.740     5819.970     5820.960     5824.270
  1365:     5824.480     5824.600     5824.690     5824.800     5824.970
  1370:     5825.030     5831.250     5841.680     5842.050     5904.650
  1375:     5904.850     5905.750     5906.200     5906.520     5906.670
  1380:     5906.910     5907.080     5907.180     5907.930     5908.150
  1385:     5908.420     5909.650     5910.150     5910.570     5910.710
  1390:     5910.940     5910.970     5911.510     5912.420     5920.060
  1395:     5929.100     5929.180     5933.190     5982.670     6001.330
  1400:     6005.800     6010.510     6010.710     6010.870     6011.350
  1405:     6011.540     6011.910     6014.560     6065.120     6079.370
  1410:     6080.480     6080.720     6080.890     6081.120     6081.490
  1415:     6081.740     6083.610     6084.130     6089.240     6089.390
  1420:     6092.980     6093.020     6096.350     6096.540     6143.090
  1425:     6143.570     6170.560     6170.670     6171.700     6172.620
  1430:     6173.120     6173.270     6173.450     6173.640     6174.220
  1435:     6174.270     6174.680     6174.720     6174.790     6178.830
  1440:     6179.370     6179.790     6180.390     6180.550     6180.580
  1445:     6180.590     6180.670     6184.560     6185.840     6247.010
  1450:     6258.060     6258.550     6258.660     6259.010     6259.180
  1455:     6259.550     6259.830     6260.510     6260.780     6260.860
  1460:     6261.080     6261.430     6261.590     6261.790     6262.060
  1465:     6264.460     6264.780     6264.920     6265.320     6265.640
  1470:     6266.760     6270.960     6271.110     6271.150     6271.480
  1475:     6276.340     6276.850     6278.740     6333.410     6352.220
  1480:     6352.890     6353.290     6353.720     6353.990     6354.150
  1485:     6354.540     6354.690     6354.830     6355.130     6355.240
  1490:     6355.400     6355.700     6357.540     6357.660     6357.770
  1495:     6358.200     6358.400     6358.830     6363.930     6363.980
  1500:     6364.030     6364.150     6364.290     6370.080     6370.510
  1505:     6370.890     6371.270     6371.470     6371.570     6371.660
  1510:     6371.820     6375.200     6441.970     6443.620     6447.390
  1515:     6448.190     6449.350     6449.820     6450.060     6450.160
  1520:     6450.580     6450.680     6450.840     6450.930     6451.510
  1525:     6452.030     6452.450     6453.240     6453.390     6453.570
  1530:     6453.700     6453.760     6453.970     6454.080     6454.390
  1535:     6459.430     6464.330     6532.740     6534.110     6534.240
  1540:     6534.590     6534.770     6535.190     6535.800     6535.830
  1545:     6535.880     6536.790     6537.020     6537.050     6537.560
  1550:     6537.970     6538.250     6539.700     6544.330     6548.860
  1555:     6554.530     6554.930     6613.590     6623.890     6625.920
  1560:     6626.330     6626.540     6626.570     6627.050     6627.850
  1565:     6630.360     6630.670     6635.540     6635.590     6637.120
  1570:     6644.390     6644.410     6722.840     6723.660     6723.950
  1575:     6725.900     6727.120     6804.560     6805.310     6806.470
  1580:     6806.640     6807.000     6807.850     6807.900     6809.190
  1585:     6809.290     6809.490     6810.400     6810.600     6810.700
  1590:     6810.740     6820.420     6821.080     6826.830     6826.890
  1595:     6883.280     6885.190     6885.770     6893.270     6893.770
  1600:     6894.070     6894.270     6894.420     6894.900     6894.990
  1605:     6895.200     6895.380     6895.470     6896.060     6896.480
  1610:     6898.060     6898.360     6898.390     6899.480     6899.620
  1615:     6899.810     6899.900     6901.510     6901.630     6901.790
  1620:     6901.840     6903.950     6904.050     6904.140     6904.360
  1625:     6905.190     6905.480     6996.530     6997.550     6997.640
  1630:     6997.770     6998.330     6999.070     6999.440     6999.770
  1635:     7000.420     7004.020     7004.280     7004.990     7006.200
  1640:     7007.100     7054.010     7054.230     7078.820     7079.900
  1645:     7080.740     7080.950     7082.590     7084.330     7084.440
  1650:     7084.950     7084.990     7085.250     7094.000     7094.140
  1655:     7094.540     7094.880     7095.270     7168.740     7171.350
  1660:     7171.810     7173.120     7173.770     7173.940     7174.170
  1665:     7174.430     7174.760     7174.810     7175.640     7175.820
  1670:     7177.050     7177.130     7177.260     7177.950     7178.140
  1675:     7184.370     7184.490     7242.210     7242.630     7243.440
  1680:     7243.750     7244.050     7244.690     7245.020     7247.540
  1685:     7250.030     7250.920     7262.270     7262.530     7263.200
  1690:     7263.690     7263.840     7263.990     7264.120     7264.620
  1695:     7264.790     7265.490     7265.570     7265.760     7265.950
  1700:     7266.090     7266.410     7266.540     7267.060     7271.370
  1705:     7271.910     7346.000     7347.600     7348.620     7348.730
  1710:     7348.800     7350.150     7351.200     7351.480     7353.310
  1715:     7353.500     7353.720     7353.990     7354.330     7359.550
  1720:     7360.010     7360.100     7362.150     7363.030     7365.660
  1725:     7420.510     7438.910     7439.610     7440.350     7440.990
  1730:     7441.160     7441.610     7441.900     7443.030     7444.340
  1735:     7445.160     7445.180     7445.340     7445.440     7447.900
  1740:     7447.970     7448.060     7448.130     7527.950     7528.470
  1745:     7529.820     7530.330     7530.480     7530.660     7530.850
  1750:     7531.300     7531.590     7531.770     7531.930     7533.700
  1755:     7533.810     7534.000     7534.140     7534.170     7542.310
  1760:     7542.420     7543.040     7543.380     7543.540     7544.680
  1765:     7595.930     7613.260     7613.850     7614.530     7614.810
  1770:     7615.550     7615.710     7616.460     7616.610     7616.740
  1775:     7616.930     7617.010     7617.140     7617.700     7618.010
  1780:     7618.950     7630.480     7630.670     7630.800     7631.000
  1785:     7631.570     7703.150     7703.880     7704.380     7705.030
  1790:     7705.170     7707.050     7707.820     7708.620     7709.360
  1795:     7709.520     7709.670     7709.790     7709.970     7710.090
  1800:     7710.190     7710.370     7710.700     7718.070     7718.240
  1805:     7719.420     7723.220     7723.730     7791.910     7792.740
  1810:     7792.910     7793.340     7793.910     7794.040     7794.270
  1815:     7794.870     7794.930     7797.190     7797.420     7797.630
  1820:     7797.780     7797.970     7798.000     7801.200     7808.230
  1825:     7808.680     7808.900     7809.040     7809.210     7809.470
  1830:     7809.730     7810.920     7812.030     7880.060     7882.650
  1835:     7884.630     7885.660     7885.830     7886.070     7886.200
  1840:     7887.910     7888.140     7888.200     7888.420     7888.580
  1845:     7891.140     7896.270     7896.470     7898.900     7899.140
  1850:     7972.310     7974.710     7975.550     7976.060     7977.100
  1855:     7978.390     7978.450     7978.830     7979.060     7979.520
  1860:     7979.610     7979.650     7979.800     7980.130     7985.710
  1865:     7985.990     7986.380     7986.570     7986.760     8049.620
  1870:     8060.970     8061.910     8062.070     8062.720     8063.360
  1875:     8063.490     8063.580     8063.780     8063.890     8063.900
  1880:     8064.270     8065.160     8065.330     8065.500     8065.600
  1885:     8066.650     8067.630     8067.890     8068.090     8068.880
  1890:     8069.010     8069.120     8069.220     8069.310     8069.340
  1895:     8069.780     8071.140     8075.060     8075.180     8075.680
  1900:     8076.480     8077.810     8144.390     8144.900     8145.640
  1905:     8146.510     8147.060     8147.300     8147.690     8147.820
  1910:     8148.180     8149.150     8150.110     8150.540     8150.690
  1915:     8151.500     8152.530     8152.660     8152.750     8152.970
  1920:     8153.150     8153.210     8153.330     8153.450     8153.770
  1925:     8161.790     8161.900     8164.020     8164.120     8164.230
  1930:     8236.800     8237.100     8240.020     8240.290     8240.360
  1935:     8241.050     8241.250     8241.410     8241.530     8241.740
  1940:     8242.040     8242.690     8242.930     8243.910     8244.750
  1945:     8244.940     8244.980     8246.310     8246.530     8246.990
  1950:     8247.130     8247.210     8247.730     8251.830     8252.080
  1955:     8309.760     8311.170     8311.360     8312.580     8312.820
  1960:     8313.760     8327.730     8328.110     8329.640     8329.780
  1965:     8338.430     8338.910     8339.030     8350.020     8350.080
  1970:     8351.900     8417.900     8418.740     8419.120     8419.470
  1975:     8419.580     8419.990     8420.180     8420.360     8420.850
  1980:     8421.530     8421.650     8422.220     8426.650     8426.810
  1985:     8427.000     8432.770     8437.630     8437.930     8493.800
  1990:     8507.670     8509.630     8509.830     8510.000     8510.670
  1995:     8511.060     8511.170     8511.650     8511.770     8514.530
  2000:     8515.570     8522.430     8522.970     8526.100     8526.190
  2005:     8530.820     8585.360     8594.890     8595.240     8596.030
  2010:     8597.850     8599.040     8599.190     8599.410     8599.680
  2015:     8599.790     8600.700     8600.930     8601.060     8601.180
  2020:     8601.410     8601.510     8601.820     8602.690     8603.490
  2025:     8606.630     8610.610     8610.880     8689.650     8692.220
  2030:     8693.710     8693.880     8694.190     8694.310     8694.370
  2035:     8694.670     8694.810     8694.820     8694.940     8695.140
  2040:     8695.300     8704.250     8704.380     8705.240     8705.640
  2045:     8755.620     8776.760     8777.420     8779.360     8780.240
  2050:     8780.350     8780.880     8781.950     8782.160     8782.200
  2055:     8782.730     8783.380     8785.200     8785.490     8786.300
  2060:     8786.320     8786.510     8788.460     8792.890     8793.100
  2065:     8793.320     8793.770     8795.090     8864.330     8864.530
  2070:     8865.400     8865.700     8865.960     8866.500     8866.590
  2075:     8868.830     8869.380     8869.560     8869.710     8870.030
  2080:     8870.120     8870.390     8870.470     8888.090     8956.190
  2085:     8956.710     8957.250     8957.810     8958.070     8958.380
  2090:     8959.220     8959.320     8959.540     8959.600     8959.810
  2095:     8959.960     8960.830     8960.960     8961.070     8961.140
  2100:     8962.110     8964.060     8964.310     8973.840     8974.150
  2105:     8974.280     8976.750     8977.410
G:
     0:      899.470     1082.910     1894.890     1894.970     1895.070
     5:     2087.880     2088.090     2088.510     2170.430     2523.700
    10:     2523.770     2535.000     2619.140     2891.710     2891.770
    15:     3070.800     3070.850     3236.220     3316.800     3496.840
    20:     3879.680     3879.800     3879.940     4071.900     4240.370
    25:     4240.550     4240.860     4700.490     4700.590     4703.110
    30:     4703.400     4705.990     4709.300     4713.020     4957.580
    35:     4957.690     4957.830     5131.150     5511.250     5511.510
    40:     5523.330     5604.360     5783.460     5783.750     5957.270
    45:     6142.990     6309.830     6309.880     6401.960     6402.180
    50:     6502.070     6579.190     6579.280     6596.750     6596.960
    55:     6846.500     6949.930     7311.740     8012.350     8273.610
    60:     8273.680     8274.080     8382.000     8382.100     8390.560
    65:     8727.200     8727.250     8727.420     8727.520     8919.570
    70:     8919.610
H:
     0:     5603.550
I:
     0:     1386.450
K:
L:
     0:       42.160       43.710       44.520       45.930      129.630
     5:      131.010      132.450      134.390      216.350      216.620
    10:      218.400      219.400      220.520      306.280      306.790
    15:      307.180      309.850      395.220      484.020      485.140
    20:      486.540      488.580      584.140      587.130      587.220
    25:      588.210      668.130      669.740      670.390      670.660
    30:      671.900      759.140      760.200      760.590      762.600
    35:      763.680      851.720      939.350      944.020     1030.010
    40:     1031.070     1032.230     1032.870     1117.580     1118.000
    45:     1119.160     1120.310     1121.820     1211.140     1211.710
    50:     1212.530     1212.660     1213.380     1213.980     1215.670
    55:     1215.890     1391.090     1394.990     1478.610     1481.420
    60:     1481.860     1482.540     1483.390     1567.070     1568.040
    65:     1568.220     1570.510     1659.520     1660.200     1660.450
    70:     1751.580     1751.720     1753.350     1756.210     1840.280
    75:     1840.580     1841.190     1845.210     1927.160     1927.770
    80:     1928.140     1928.770     1929.070     1929.910     2015.920
    85:     2018.190     2018.410     2019.280     2019.560     2020.810
    90:     2105.780     2107.080     2107.600     2109.840     2192.660
    95:     2192.840     2193.940     2194.080     2195.140     2195.480
   100:     2196.300     2286.150     2287.140     2288.080     2288.960
   105:     2290.070     2376.640     2380.610     2381.210     2464.860
   110:     2465.450     2468.080     2468.460     2554.430     2555.700
   115:     2555.910     2644.180     2644.600     2644.760     2645.350
   120:     2645.570     2646.100     2646.430     2647.460     2649.050
   125:     2735.740     2738.040     2820.500     2821.450     2823.350
   130:     2824.510     2825.060     2910.510     2910.720     2911.890
   135:     3008.220     3009.590     3011.950     3097.370     3097.900
   140:     3100.620     3101.240     3182.130     3183.710     3183.820
   145:     3184.510     3185.230     3185.420     3272.160     3272.860
   150:     3273.340     3365.280     3365.590     3366.040     3452.530
   155:     3453.400     3545.170     3548.010     3548.350     3549.520
   160:     3549.680     3637.470     3638.490     3640.520     3641.510
   165:     3730.720     3731.390     3731.560     3733.020     3734.070
   170:     3822.100     3822.480     3826.630     3827.100     3912.740
   175:     3912.960     3916.630     4003.770     4007.360     4100.780
   180:     4102.080     4104.800     4187.660     4190.760     4276.170
   185:     4276.780     4279.320     4280.270     4280.510     4367.100
   190:     4367.560     4368.180     4368.660     4368.910     4369.450
   195:     4370.660     4462.070     4464.020     4465.510     4466.240
   200:     4549.420     4640.110     4641.130     4641.660     4642.630
   205:     4731.340     4731.710     4732.720     4733.060     4734.880
   210:     4735.950     4822.810     4824.310     4824.860     4825.900
   215:     4827.460     4908.790     5000.370     5000.890     5002.420
   220:     5091.060     5091.600     5093.040     5094.780     5095.390
   225:     5180.980     5181.130     5181.460     5181.780     5183.520
   230:     5268.150     5269.930     5271.340     5357.410     5358.460
   235:     5358.740     5359.390     5359.950     5362.000     5449.980
   240:     5450.240     5452.850     5453.190     5541.200     5541.610
   245:     5542.690     5543.890     5631.170     5635.090     5635.390
   250:     5720.170     5721.930     5722.280     5722.780     5724.250
   255:     5810.960     5811.030     5813.640     5814.970     5898.160
   260:     5899.410     5900.010     5901.240     5986.170     5986.530
   265:     5988.060     5989.610     6073.110     6075.360     6077.150
   270:     6077.690     6160.730     6164.030     6252.160     6254.420
   275:     6255.440     6256.670     6256.850     6346.220     6346.650
   280:     6347.630     6348.630     6350.300     6351.010     6435.930
   285:     6440.040     6526.150     6526.640     6527.720     6528.700
   290:     6528.870     6530.870     6531.100     6618.010     6618.100
   295:     6619.780     6621.910     6622.240     6707.330     6708.550
   300:     6710.630     6795.900     6797.850     6799.980     6886.900
   305:     6887.920     6889.240     6890.250     6890.370     6891.630
   310:     6980.520     7066.100     7068.940     7161.890     7162.320
   315:     7165.390     7165.740     7252.920     7254.030     7255.200
   320:     7256.360     7340.140     7342.040     7342.970     7343.540
   325:     7429.700     7431.850     7433.320     7519.940     7520.350
   330:     7522.790     7523.200     7524.030     7607.370     7607.590
   335:     7610.550     7612.080     7696.160     7698.120     7699.920
   340:     7785.170     7789.560     7873.850     7876.410     7877.820
   345:     7878.750     7962.150     7962.790     7964.020     7964.910
   350:     7966.260     8051.680     8053.600     8054.590     8055.800
   355:     8138.230     8139.510     8140.470     8228.780     8232.860
   360:     8233.650     8320.350     8320.930     8322.360     8322.870
   365:     8324.560     8325.320     8409.170     8412.710     8500.130
   370:     8587.490     8587.820     8590.440     8592.390     8681.400
   375:     8682.140     8684.760     8685.240     8769.850     8771.720
   380:     8858.140     8861.680     8950.180     8951.460     8953.180
M:
     0:       10.000       12.000       12.000       13.000       14.000
     5:       17.000       12.000       15.000       16.000       14.000
    10:       12.000       15.000       14.000       14.000       12.000
    15:       14.000       15.000       14.000       16.000       10.000
    20:       15.000       14.000       16.000       17.000       15.000
    25:       14.000       18.000       12.000       14.000       16.000
    30:       11.000       13.000       13.000       14.000       15.000
    35:       18.000       13.000       16.000       17.000       15.000
    40:       13.000       16.000       15.000       15.000       13.000
    45:       15.000       16.000       15.000       17.000       11.000
    50:       16.000       15.000       17.000       18.000       16.000
    55:       15.000       19.000       13.000       15.000       17.000
    60:       12.000       14.000       14.000       15.000       16.000
    65:       19.000       14.000       17.000       18.000       16.000
    70:       14.000       17.000       16.000       16.000       14.000
    75:       16.000       17.000       16.000       18.000       12.000
    80:       17.000       16.000       18.000       19.000       17.000
    85:       16.000       20.000       14.000       16.000       19.000
    90:       13.000       14.000       13.000       19.000       13.000
    95:       15.000       14.000       13.000       14.000
P:
     0:       62.160       62.660       63.160      149.630      150.130
     5:      150.630      236.350      236.850      237.350      326.280
    10:      326.780      327.280      415.220      415.720      416.220
    15:      504.020      504.520      505.020      604.140      604.640
    20:      605.140      688.130      688.630      689.130      779.140
    25:      779.640      780.140      871.720      872.220      872.720
    30:      959.350      959.850      960.350     1050.010     1050.510
    35:     1051.010     1137.580     1138.080     1138.580     1231.140
    40:     1231.640     1232.140     1411.090     1411.590     1412.090
    45:     1498.610     1499.110     1499.610     1587.070     1587.570
    50:     1588.070     1679.520     1680.020     1680.520     1771.580
    55:     1772.080     1772.580     1860.280     1860.780     1861.280
    60:     1947.160     1947.660     1948.160     2035.920     2036.420
    65:     2036.920     2125.780     2126.280     2126.780     2212.660
    70:     2213.160     2213.660     2306.150     2306.650     2307.150
    75:     2396.640     2397.140     2397.640     2484.860     2485.360
    80:     2485.860     2574.430     2574.930     2575.430     2664.180
    85:     2664.680     2665.180     2755.740     2756.240     2756.740
    90:     2840.500     2841.000     2841.500     2930.510     2931.010
    95:     2931.510     3028.220     3028.720     3029.220     3117.370
   100:     3117.870     3118.370     3202.130     3202.630     3203.130
   105:     3292.160     3292.660     3293.160     3385.280     3385.780
   110:     3386.280     3472.530     3473.030     3473.530     3565.170
   115:     3565.670     3566.170     3657.470     3657.970     3658.470
   120:     3750.720     3751.220     3751.720     3842.100     3842.600
   125:     3843.100     3932.740     3933.240     3933.740     4023.770
   130:     4024.270     4024.770     4120.780     4121.280     4121.780
   135:     4207.660     4208.160     4208.660     4296.170     4296.670
   140:     4297.170     4387.100     4387.600     4388.100     4482.070
   145:     4482.570     4483.070     4569.420     4569.920     4570.420
   150:     4660.110     4660.610     4661.110     4751.340     4751.840
   155:     4752.340     4842.810     4843.310     4843.810     4928.790
   160:     4929.290     4929.790     5020.370     5020.870     5021.370
   165:     5111.060     5111.560     5112.060     5200.980     5201.480
   170:     5201.980     5288.150     5288.650     5289.150     5377.410
   175:     5377.910     5378.410     5469.980     5470.480     5470.980
   180:     5561.200     5561.700     5562.200     5651.170     5651.670
   185:     5652.170     5740.170     5740.670     5741.170     5830.960
   190:     5831.460     5831.960     5918.160     5918.660     5919.160
   195:     6006.170     6006.670     6007.170     6093.110     6093.610
   200:     6094.110     6180.730     6181.230     6181.730     6272.160
   205:     6272.660     6273.160     6366.220     6366.720     6367.220
   210:     6455.930     6456.430     6456.930     6546.150     6546.650
   215:     6547.150     6638.010     6638.510     6639.010     6727.330
   220:     6727.830     6728.330     6815.900     6816.400     6816.900
   225:     6906.900     6907.400     6907.900     7000.520     7001.020
   230:     7001.520     7086.100     7086.600     7087.100     7181.890
   235:     7182.390     7182.890     7272.920     7273.420     7273.920
   240:     7360.140     7360.640     7361.140     7449.700     7450.200
   245:     7450.700     7539.940     7540.440     7540.940     7627.370
   250:     7627.870     7628.370     7716.160     7716.660     7717.160
   255:     7805.170     7805.670     7806.170     7893.850     7894.350
   260:     7894.850     7982.150     7982.650     7983.150     8071.680
   265:     8072.180     8072.680     8158.230     8158.730     8159.230
   270:     8248.780     8249.280     8249.780     8340.350     8340.850
   275:     8341.350     8429.170     8429.670     8430.170     8520.130
   280:     8520.630     8521.130     8607.490     8607.990     8608.490
   285:     8701.400     8701.900     8702.400     8789.850     8790.350
   290:     8790.850     8878.140     8878.640     8879.140     8970.180
   295:     8970.680     8971.180
R:
     0:       42.160      129.630      216.350      306.280      395.220
     5:      484.020      584.140      668.130      759.140      851.720
    10:      939.350     1030.010     1117.580     1211.140     1391.090
    15:     1478.610     1567.070     1659.520     1751.580     1840.280
    20:     1927.160     2015.920     2105.780     2192.660     2286.150
    25:     2376.640     2464.860     2554.430     2644.180     2735.740
    30:     2820.500     2910.510     3008.220     3097.370     3182.130
    35:     3272.160     3365.280     3452.530     3545.170     3637.470
    40:     3730.720     3822.100     3912.740     4003.770     4100.780
    45:     4187.660     4276.170     4367.100     4462.070     4549.420
    50:     4640.110     4731.340     4822.810     4908.790     5000.370
    55:     5091.060     5180.980     5268.150     5357.410     5449.980
    60:     5541.200     5631.170     5720.170     5810.960     5898.160
    65:     5986.170     6073.110     6160.730     6252.160     6346.220
    70:     6435.930     6526.150     6618.010     6707.330     6795.900
    75:     6886.900     6980.520     7066.100     7161.890     7252.920
    80:     7340.140     7429.700     7519.940     7607.370     7696.160
    85:     7785.170     7873.850     7962.150     8051.680     8138.230
    90:     8228.780     8320.350     8409.170     8500.130     8587.490
    95:     8681.400     8769.850     8858.140     8950.180
V:
W:
     0:        1.000        1.000        1.000        1.000        1.000
     5:        1.000        1.000        1.000        1.000        1.000
    10:        1.000        1.000        1.000        1.000        1.000
    15:        1.000        1.000        1.000        1.000        1.000
    20:        1.000        1.000        1.000        1.000        1.000
    25:        1.000        1.000        1.000        1.000        1.000
    30:        1.000        1.000        1.000        1.000        1.000
    35:        1.000        1.000        1.000        1.000        1.000
    40:        1.000        1.000        1.000        1.000        1.000
    45:        1.000        1.000        1.000        1.000        1.000
    50:        1.000        1.000        1.000        1.000        1.000
    55:        1.000        1.000        1.000        1.000        1.000
    60:        1.000        1.000        1.000        1.000        1.000
    65:        1.000        1.000        1.000        1.000        1.000
    70:        1.000        1.000        1.000        1.000        1.000
    75:        1.000        1.000        1.000        1.000        1.000
    80:        1.000        1.000        1.000        1.000        1.000
    85:        1.000        1.000        1.000        1.000        1.000
    90:        1.000        1.000        1.000        1.000        1.000
    95:        1.000        1.000        1.000        1.000        1.000
   100:        1.000        1.000        1.000        1.000        1.000
   105:        1.000        1.000        1.000        1.000        1.000
X:
     0:       15.000       15.150      103.000      103.150      190.000
     5:      190.150      281.000      281.150      370.000      370.150
    10:      459.000      459.150      553.000      553.150      643.000
    15:      643.150      734.000      734.150      823.000      823.150
    20:      914.000      914.150     1005.000     1005.150     1092.000
    25:     1092.150     1186.000     1186.150     1278.000     1278.150
    30:     1363.000     1363.150     1452.000     1452.150     1541.000
    35:     1541.150     1634.000     1634.150     1725.000     1725.150
    40:     1815.000     1815.150     1902.000     1902.150     1990.000
    45:     1990.150     2080.000     2080.150     2167.000     2167.150
    50:     2260.000     2260.150     2351.000     2351.150     2439.000
    55:     2439.150     2528.000     2528.150     2619.000     2619.150
    60:     2709.000     2709.150     2795.000     2795.150     2885.000
    65:     2885.150     2976.000     2976.150     3066.000     3066.150
    70:     3157.000     3157.150     3247.000     3247.150     3340.000
    75:     3340.150     3427.000     3427.150     3520.000     3520.150
    80:     3612.000     3612.150     3705.000     3705.150     3797.000
    85:     3797.150     3887.000     3887.150     3978.000     3978.150
    90:     4073.000     4073.150     4161.000     4161.150     4251.000
    95:     4251.150     4341.000     4341.150     4435.000     4435.150
   100:     4523.000     4523.150     4614.000     4614.150     4706.000
   105:     4706.150     4797.000     4797.150     4883.000     4883.150
   110:     4975.000     4975.150     5066.000     5066.150     5155.000
   115:     5155.150     5243.000     5243.150     5332.000     5332.150
   120:     5424.000     5424.150     5516.000     5516.150     5606.000
   125:     5606.150     5695.000     5695.150     5785.000     5785.150
   130:     5873.000     5873.150     5961.000     5961.150     6048.000
   135:     6048.150     6133.000     6133.150     6227.000     6227.150
   140:     6321.000     6321.150     6410.000     6410.150     6501.000
   145:     6501.150     6593.000     6593.150     6682.000     6682.150
   150:     6770.000     6770.150     6861.000     6861.150     6952.000
   155:     6952.150     7041.000     7041.150     7133.000     7133.150
   160:     7223.000     7223.150     7315.000     7315.150     7404.000
   165:     7404.150     7494.000     7494.150     7582.000     7582.150
   170:     7671.000     7671.150     7760.000     7760.150     7848.000
   175:     7848.150     7937.000     7937.150     8026.000     8026.150
   180:     8113.000     8113.150     8203.000     8203.150     8293.000
   185:     8293.150     8384.000     8384.150     8475.000     8475.150
   190:     8562.000     8562.150     8655.000     8655.150     8744.000
   195:     8744.150     8833.000     8833.150     8925.000     8925.150
Y:
Z:
     0:        0.000       99.000      385.000        1.000        1.000
     5:        0.000      297.000      200.000        0.000        0.000
    10:        0.000     2108.000       71.000        0.000        0.000
    15:        0.000
