File: C:\MED-PC IV\Data\Tarun\RM-B12_RM036\postBaseplate\R09\S01_R09_FR1_20s_100trials


Start Date: 06/02/17
End Date: 06/02/17
Subject: 9
Experiment: 0
Group: 0
Box: 4
Start Time:  9:04:28
End Time: 11:35:08
MSN: MiniScope_FR1-3p_100trials_05222017
A:       0.000
E:       0.000
J:     101.000
N:       0.000
O:       0.000
Q:       0.000
S:       0.000
T:    9016.000
U:       0.000
B:
     0:        0.000       10.000       10.000       15.000       20.000
     5:       20.000       20.000       10.000       16.000      100.000
    10:        1.000        3.000       15.000        0.010        1.000
    15:        0.000        0.000        5.000       20.000        5.000
C:
     0:      100.000       96.000      181.000        0.000        1.434
     5:        0.000      288.000       96.000        3.000        1.434
    10:        0.000     2508.000       80.000        0.000       15.020
    15:        1.000        1.000        3.000        0.000        2.990
    20:        1.000        3.000        1.000        0.000        2.990
    25:        1.000       10.000        0.000        0.000       17.000
    30:        2.000        1.000        3.000        0.000        0.520
    35:        2.000        3.000        1.000        0.000        0.520
    40:        2.000       21.000        0.000        0.000       16.000
    45:        3.000        1.000        5.000        0.000        2.950
    50:        3.000        3.000        1.000        0.000        2.950
    55:        3.000       12.000        0.000        0.000       15.000
    60:        4.000        1.000        3.000        0.000        1.130
    65:        4.000        3.000        1.000        0.000        1.130
    70:        4.000       12.000        0.000        0.000       14.000
    75:        5.000        1.000        1.000        0.000        0.170
    80:        5.000        3.000        1.000        0.000        0.170
    85:        5.000       33.000        0.000        0.000       14.000
    90:        6.000        1.000        1.000        0.000        0.180
    95:        6.000        3.000        1.000        0.000        0.180
   100:        6.000       18.000        0.000        0.000       14.000
   105:        7.000        1.000        2.000        0.000        0.440
   110:        7.000        3.000        1.000        0.000        0.440
   115:        7.000       10.000        0.000        0.000       16.000
   120:        8.000        1.000        2.000        0.000        0.430
   125:        8.000        3.000        1.000        0.000        0.430
   130:        8.000       24.000        0.000        0.000       14.000
   135:        9.000        1.000        4.000        0.000        0.710
   140:        9.000        3.000        1.000        0.000        0.710
   145:        9.000       66.000        0.000        0.000       16.000
   150:       10.000        1.000        2.000        0.000        0.370
   155:       10.000        3.000        1.000        0.000        0.370
   160:       10.000       44.000        4.000        0.000       17.000
   165:       11.000        1.000        2.000        0.000        0.140
   170:       11.000        3.000        1.000        0.000        0.140
   175:       11.000       50.000        0.000        0.000       16.000
   180:       12.000        1.000        1.000        0.000        0.370
   185:       12.000        3.000        1.000        0.000        0.370
   190:       12.000       84.000        0.000        0.000       15.000
   195:       13.000        1.000        1.000        0.000        0.140
   200:       13.000        3.000        1.000        0.000        0.140
   205:       13.000       72.000        0.000        0.000       14.000
   210:       14.000        1.000        2.000        0.000        0.280
   215:       14.000        3.000        1.000        0.000        0.280
   220:       14.000       18.000        0.000        0.000       18.000
   225:       15.000        1.000        2.000        0.000        0.330
   230:       15.000        3.000        1.000        0.000        0.330
   235:       15.000       41.000        0.000        0.000       17.000
   240:       16.000        1.000        1.000        0.000        0.780
   245:       16.000        3.000        1.000        0.000        0.780
   250:       16.000       46.000        0.000        0.000       12.000
   255:       17.000        1.000        2.000        0.000        0.410
   260:       17.000        3.000        1.000        0.000        0.410
   265:       17.000       32.000        0.000        0.000       15.000
   270:       18.000        1.000        2.000        0.000        0.170
   275:       18.000        3.000        1.000        0.000        0.170
   280:       18.000       85.000        0.000        0.000       18.000
   285:       19.000        1.000        3.000        0.000        0.960
   290:       19.000        3.000        1.000        0.000        0.960
   295:       19.000       44.000        0.000        0.000       10.000
   300:       20.000        1.000        1.000        0.000        0.780
   305:       20.000        3.000        1.000        0.000        0.780
   310:       20.000       52.000        0.000        0.000       10.000
   315:       21.000        1.000        3.000        0.000        0.780
   320:       21.000        3.000        1.000        0.000        0.780
   325:       21.000       10.000        0.000        0.000       13.000
   330:       22.000        1.000        1.000        0.000        1.610
   335:       22.000        3.000        1.000        0.000        1.610
   340:       22.000       13.000        0.000        0.000       12.000
   345:       23.000        1.000        2.000        0.000        0.150
   350:       23.000        3.000        1.000        0.000        0.150
   355:       23.000       58.000        3.000        0.000       12.000
   360:       24.000        1.000        1.000        0.000        0.580
   365:       24.000        3.000        1.000        0.000        0.580
   370:       24.000       35.000        0.000        0.000       13.000
   375:       25.000        1.000        1.000        0.000        0.120
   380:       25.000        3.000        1.000        0.000        0.120
   385:       25.000       46.000        0.000        0.000       15.000
   390:       26.000        1.000        2.000        0.000        1.960
   395:       26.000        3.000        1.000        0.000        1.960
   400:       26.000        9.000        0.000        0.000       15.000
   405:       27.000        1.000        1.000        0.000        0.980
   410:       27.000        3.000        1.000        0.000        0.980
   415:       27.000       51.000        0.000        0.000       12.000
   420:       28.000        1.000        1.000        0.000        0.730
   425:       28.000        3.000        1.000        1.000        0.730
   430:       28.000       37.000        3.000        0.000       14.000
   435:       29.000        1.000        1.000        0.000        0.490
   440:       29.000        3.000        1.000        0.000        0.490
   445:       29.000       21.000        0.000        0.000       15.000
   450:       30.000        1.000        2.000        0.000        0.540
   455:       30.000        3.000        1.000        0.000        0.540
   460:       30.000       29.000        0.000        0.000       11.000
   465:       31.000        1.000        1.000        0.000        0.950
   470:       31.000        3.000        1.000        0.000        0.950
   475:       31.000        8.000        0.000        0.000       15.000
   480:       32.000        1.000        1.000        0.000        0.200
   485:       32.000        3.000        1.000        0.000        0.200
   490:       32.000       55.000        1.000        0.000       15.000
   495:       33.000        1.000        2.000        0.000        0.200
   500:       33.000        3.000        1.000        0.000        0.200
   505:       33.000       16.000        0.000        0.000       15.000
   510:       34.000        1.000        3.000        0.000        0.830
   515:       34.000        3.000        1.000        0.000        0.830
   520:       34.000       57.000        0.000        0.000       16.000
   525:       35.000        1.000        1.000        0.000        0.260
   530:       35.000        3.000        1.000        1.000        0.260
   535:       35.000       30.000        0.000        0.000       14.000
   540:       36.000        1.000        2.000        0.000        0.100
   545:       36.000        3.000        1.000        0.000        0.100
   550:       36.000       25.000        0.000        0.000       15.000
   555:       37.000        1.000        1.000        0.000        0.210
   560:       37.000        3.000        1.000        0.000        0.210
   565:       37.000       36.000        0.000        0.000       17.000
   570:       38.000        1.000        1.000        0.000        0.670
   575:       38.000        3.000        1.000        0.000        0.670
   580:       38.000       11.000        0.000        0.000       12.000
   585:       39.000        1.000        2.000        0.000        3.430
   590:       39.000        3.000        1.000        0.000        3.430
   595:       39.000       22.000        0.000        0.000       13.000
   600:       40.000        1.000        1.000        0.000        0.770
   605:       40.000        3.000        1.000        0.000        0.770
   610:       40.000       29.000        0.000        0.000       15.000
   615:       41.000        1.000        1.000        0.000        1.520
   620:       41.000        3.000        1.000        0.000        1.520
   625:       41.000       35.000        0.000        0.000       13.000
   630:       42.000        1.000        1.000        0.000        3.620
   635:       42.000        3.000        1.000        0.000        3.620
   640:       42.000       20.000        0.000        0.000       16.000
   645:       43.000        1.000        1.000        0.000        0.870
   650:       43.000        3.000        1.000        0.000        0.870
   655:       43.000       33.000        0.000        0.000       13.000
   660:       44.000        1.000        1.000        0.000        1.470
   665:       44.000        3.000        1.000        0.000        1.470
   670:       44.000       14.000        0.000        0.000       14.000
   675:       45.000        1.000        2.000        0.000        0.140
   680:       45.000        3.000        1.000        0.000        0.140
   685:       45.000       26.000        0.000        0.000       18.000
   690:       46.000        1.000        2.000        0.000        0.480
   695:       46.000        3.000        1.000        0.000        0.480
   700:       46.000       24.000        0.000        0.000       17.000
   705:       47.000        1.000        3.000        0.000        0.210
   710:       47.000        3.000        1.000        0.000        0.210
   715:       47.000       49.000        0.000        0.000       16.000
   720:       48.000        1.000        2.000        0.000        0.640
   725:       48.000        3.000        1.000        0.000        0.640
   730:       48.000       16.000        0.000        0.000       14.000
   735:       49.000        1.000        1.000        0.000        4.350
   740:       49.000        3.000        1.000        0.000        4.350
   745:       49.000       39.000        0.000        0.000       16.000
   750:       50.000        1.000        3.000        0.000        6.790
   755:       50.000        3.000        1.000        0.000        6.790
   760:       50.000       45.000        0.000        0.000       16.000
   765:       51.000        1.000        1.000        0.000        1.240
   770:       51.000        3.000        1.000        0.000        1.240
   775:       51.000       25.000        0.000        0.000       16.000
   780:       52.000        1.000        1.000        0.000        0.310
   785:       52.000        3.000        1.000        0.000        0.310
   790:       52.000       38.000        0.000        0.000       14.000
   795:       53.000        1.000        3.000        0.000        1.050
   800:       53.000        3.000        1.000        0.000        1.050
   805:       53.000       18.000        0.000        0.000       14.000
   810:       54.000        1.000        3.000        0.000        0.220
   815:       54.000        3.000        1.000        0.000        0.220
   820:       54.000       17.000        3.000        0.000       14.000
   825:       55.000        0.000        0.000        0.000       20.000
   830:       55.000        0.000        0.000        0.000       20.000
   835:       55.000        2.000       16.000        0.000       11.000
   840:       56.000        1.000        3.000        0.000        0.460
   845:       56.000        3.000        1.000        0.000        0.460
   850:       56.000        8.000       50.000        0.000       16.000
   855:       57.000        1.000        3.000        0.000        4.850
   860:       57.000        3.000        1.000        0.000        4.850
   865:       57.000       36.000        0.000        0.000       17.000
   870:       58.000        1.000        1.000        0.000        0.870
   875:       58.000        3.000        1.000        0.000        0.870
   880:       58.000       24.000        0.000        0.000       16.000
   885:       59.000        1.000        2.000        0.000        0.850
   890:       59.000        3.000        1.000        0.000        0.850
   895:       59.000       11.000        0.000        0.000       12.000
   900:       60.000        1.000        2.000        0.000        0.220
   905:       60.000        3.000        1.000        0.000        0.220
   910:       60.000       33.000        0.000        0.000       16.000
   915:       61.000        1.000        1.000        0.000        1.300
   920:       61.000        3.000        1.000        0.000        1.300
   925:       61.000       25.000        0.000        0.000       18.000
   930:       62.000        1.000        2.000        0.000        0.400
   935:       62.000        3.000        1.000        0.000        0.400
   940:       62.000       20.000        0.000        0.000       12.000
   945:       63.000        1.000        1.000        0.000        5.100
   950:       63.000        3.000        1.000        0.000        5.100
   955:       63.000       31.000        0.000        0.000       17.000
   960:       64.000        1.000        2.000        0.000        0.180
   965:       64.000        3.000        1.000        0.000        0.180
   970:       64.000       39.000        0.000        0.000       16.000
   975:       65.000        1.000        2.000        0.000        4.670
   980:       65.000        3.000        1.000        0.000        4.670
   985:       65.000       26.000        0.000        0.000       14.000
   990:       66.000        1.000        1.000        0.000        0.840
   995:       66.000        3.000        1.000        0.000        0.840
  1000:       66.000       50.000        0.000        0.000       19.000
  1005:       67.000        1.000        2.000        0.000        0.190
  1010:       67.000        3.000        1.000        0.000        0.190
  1015:       67.000       21.000        0.000        0.000       19.000
  1020:       68.000        1.000        1.000        0.000        1.010
  1025:       68.000        3.000        1.000        0.000        1.010
  1030:       68.000       12.000        0.000        0.000       17.000
  1035:       69.000        1.000        4.000        0.000       13.710
  1040:       69.000        3.000        1.000        0.000       13.710
  1045:       69.000       13.000        0.000        0.000       16.000
  1050:       70.000        1.000        1.000        0.000        0.170
  1055:       70.000        3.000        1.000        0.000        0.170
  1060:       70.000        4.000        0.000        0.000       14.000
  1065:       71.000        1.000        2.000        0.000        1.420
  1070:       71.000        3.000        1.000        0.000        1.420
  1075:       71.000       22.000        0.000        0.000       16.000
  1080:       72.000        1.000        2.000        0.000        0.400
  1085:       72.000        3.000        1.000        0.000        0.400
  1090:       72.000       21.000        0.000        0.000       19.000
  1095:       73.000        1.000        1.000        0.000        2.430
  1100:       73.000        3.000        1.000        0.000        2.430
  1105:       73.000       14.000        0.000        0.000       13.000
  1110:       74.000        1.000        2.000        0.000        1.190
  1115:       74.000        3.000        1.000        0.000        1.190
  1120:       74.000       24.000        0.000        0.000       14.000
  1125:       75.000        1.000        1.000        0.000        1.010
  1130:       75.000        3.000        1.000        0.000        1.010
  1135:       75.000       19.000        0.000        0.000       13.000
  1140:       76.000        1.000        3.000        0.000        4.780
  1145:       76.000        3.000        1.000        0.000        4.780
  1150:       76.000       11.000        0.000        0.000       17.000
  1155:       77.000        1.000        3.000        0.000        0.100
  1160:       77.000        3.000        1.000        0.000        0.100
  1165:       77.000       15.000        0.000        0.000       19.000
  1170:       78.000        1.000        3.000        0.000        0.240
  1175:       78.000        3.000        1.000        0.000        0.240
  1180:       78.000        6.000        0.000        0.000       13.000
  1185:       79.000        1.000        2.000        0.000        1.520
  1190:       79.000        3.000        1.000        0.000        1.520
  1195:       79.000       11.000        0.000        0.000       20.000
  1200:       80.000        1.000        1.000        0.000        0.870
  1205:       80.000        3.000        1.000        0.000        0.870
  1210:       80.000       13.000        0.000        0.000       18.000
  1215:       81.000        1.000        3.000        0.000        4.290
  1220:       81.000        3.000        1.000        0.000        4.290
  1225:       81.000       13.000        0.000        0.000       12.000
  1230:       82.000        1.000        1.000        0.000        0.950
  1235:       82.000        3.000        1.000        0.000        0.950
  1240:       82.000        6.000        0.000        0.000       15.000
  1245:       83.000        1.000        2.000        0.000        0.500
  1250:       83.000        3.000        1.000        0.000        0.500
  1255:       83.000       29.000        0.000        0.000       18.000
  1260:       84.000        1.000        2.000        0.000        0.190
  1265:       84.000        3.000        1.000        1.000        0.190
  1270:       84.000       26.000        0.000        0.000       17.000
  1275:       85.000        1.000        2.000        0.000        0.750
  1280:       85.000        3.000        1.000        0.000        0.750
  1285:       85.000       24.000        0.000        0.000       15.000
  1290:       86.000        1.000        3.000        0.000        7.760
  1295:       86.000        3.000        1.000        0.000        7.760
  1300:       86.000       24.000        0.000        0.000       13.000
  1305:       87.000        1.000        3.000        0.000        2.050
  1310:       87.000        3.000        1.000        0.000        2.050
  1315:       87.000       10.000        0.000        0.000       14.000
  1320:       88.000        1.000        2.000        0.000        0.190
  1325:       88.000        3.000        1.000        0.000        0.190
  1330:       88.000        8.000        0.000        0.000       15.000
  1335:       89.000        1.000        2.000        0.000        0.650
  1340:       89.000        3.000        1.000        0.000        0.650
  1345:       89.000       17.000        0.000        0.000       13.000
  1350:       90.000        1.000        1.000        0.000        1.020
  1355:       90.000        3.000        1.000        0.000        1.020
  1360:       90.000        5.000        0.000        0.000       15.000
  1365:       91.000        1.000        2.000        0.000        0.620
  1370:       91.000        3.000        1.000        0.000        0.620
  1375:       91.000        6.000        0.000        0.000       14.000
  1380:       92.000        1.000        3.000        0.000        0.160
  1385:       92.000        3.000        1.000        0.000        0.160
  1390:       92.000       19.000        0.000        0.000       17.000
  1395:       93.000        1.000        4.000        0.000        5.600
  1400:       93.000        3.000        1.000        0.000        5.600
  1405:       93.000        3.000        0.000        0.000       14.000
  1410:       94.000        0.000        0.000        0.000       20.000
  1415:       94.000        0.000        0.000        0.000       20.000
  1420:       94.000        0.000        0.000        0.000       15.000
  1425:       95.000        1.000        1.000        0.000        2.150
  1430:       95.000        3.000        1.000        0.000        2.150
  1435:       95.000        6.000        0.000        0.000       16.000
  1440:       96.000        1.000        1.000        0.000        1.110
  1445:       96.000        3.000        1.000        0.000        1.110
  1450:       96.000       17.000        0.000        0.000       14.000
  1455:       97.000        1.000        2.000        0.000        7.800
  1460:       97.000        3.000        1.000        0.000        7.800
  1465:       97.000        3.000        0.000        0.000       19.000
  1470:       98.000        0.000        0.000        0.000       20.000
  1475:       98.000        0.000        0.000        0.000       20.000
  1480:       98.000        0.000        0.000        0.000       16.000
  1485:       99.000        1.000        1.000        0.000        0.410
  1490:       99.000        3.000        1.000        0.000        0.410
  1495:       99.000       10.000        0.000        0.000       13.000
  1500:      100.000        0.000        0.000        0.000       20.000
  1505:      100.000        0.000        0.000        0.000       20.000
  1510:      100.000        0.000        0.000        0.000       16.000
D:
     0:        0.000        0.000        0.000        0.000        0.000
     5:        0.000        0.000        0.000        0.000        0.000
    10:        0.000        0.000        0.000        0.000        0.000
    15:        1.000       15.000       90.000       40.000       47.990
    20:        1.000       62.990       63.990       42.990       62.990
    25:        1.000       25.000       80.000       15.000       15.150
    30:        2.000      107.000      182.000      132.000      137.520
    35:        2.000      152.520      153.520      132.520      152.520
    40:        2.000      117.000      172.000      107.000      107.150
    45:        3.000      198.000      273.000      223.000      230.950
    50:        3.000      245.950      246.950      225.950      245.950
    55:        3.000      208.000      263.000      198.000      198.150
    60:        4.000      288.000      363.000      313.000      319.130
    65:        4.000      334.130      335.130      314.130      334.130
    70:        4.000      298.000      353.000      288.000      288.150
    75:        5.000      377.000      452.000      402.000      407.170
    80:        5.000      422.170      423.170      402.170      422.170
    85:        5.000      387.000      442.000      377.000      377.150
    90:        6.000      466.000      541.000      491.000      496.180
    95:        6.000      511.180      512.180      491.180      511.180
   100:        6.000      476.000      531.000      466.000      466.150
   105:        7.000      555.000      630.000      580.000      585.440
   110:        7.000      600.440      601.440      580.440      600.440
   115:        7.000      565.000      620.000      555.000      555.150
   120:        8.000      646.000      721.000      671.000      676.430
   125:        8.000      691.430      692.430      671.430      691.430
   130:        8.000      656.000      711.000      646.000      646.150
   135:        9.000      735.000      810.000      760.000      765.710
   140:        9.000      780.710      781.710      760.710      780.710
   145:        9.000      745.000      800.000      735.000      735.150
   150:       10.000      826.000      901.000      851.000      856.370
   155:       10.000      871.370      872.370      851.370      871.370
   160:       10.000      836.000      891.000      826.000      826.150
   165:       11.000      918.000      993.000      943.000      948.140
   170:       11.000      963.140      964.140      943.140      963.140
   175:       11.000      928.000      983.000      918.000      918.150
   180:       12.000     1009.000     1084.000     1034.000     1039.370
   185:       12.000     1054.370     1055.370     1034.370     1054.370
   190:       12.000     1019.000     1074.000     1009.000     1009.150
   195:       13.000     1099.000     1174.000     1124.000     1129.140
   200:       13.000     1144.140     1145.140     1124.140     1144.140
   205:       13.000     1109.000     1164.000     1099.000     1099.150
   210:       14.000     1188.000     1263.000     1213.000     1218.280
   215:       14.000     1233.280     1234.280     1213.280     1233.280
   220:       14.000     1198.000     1253.000     1188.000     1188.150
   225:       15.000     1281.000     1356.000     1306.000     1311.330
   230:       15.000     1326.330     1327.330     1306.330     1326.330
   235:       15.000     1291.000     1346.000     1281.000     1281.150
   240:       16.000     1373.000     1448.000     1398.000     1403.780
   245:       16.000     1418.780     1419.780     1398.780     1418.780
   250:       16.000     1383.000     1438.000     1373.000     1373.150
   255:       17.000     1460.000     1535.000     1485.000     1490.410
   260:       17.000     1505.410     1506.410     1485.410     1505.410
   265:       17.000     1470.000     1525.000     1460.000     1460.150
   270:       18.000     1550.000     1625.000     1575.000     1580.170
   275:       18.000     1595.170     1596.170     1575.170     1595.170
   280:       18.000     1560.000     1615.000     1550.000     1550.150
   285:       19.000     1643.000     1718.000     1668.000     1673.960
   290:       19.000     1688.960     1689.960     1668.960     1688.960
   295:       19.000     1653.000     1708.000     1643.000     1643.150
   300:       20.000     1728.000     1803.000     1753.000     1758.780
   305:       20.000     1773.780     1774.780     1753.780     1773.780
   310:       20.000     1738.000     1793.000     1728.000     1728.150
   315:       21.000     1813.000     1888.000     1838.000     1843.780
   320:       21.000     1858.780     1859.780     1838.780     1858.780
   325:       21.000     1823.000     1878.000     1813.000     1813.150
   330:       22.000     1901.000     1976.000     1926.000     1932.610
   335:       22.000     1947.610     1948.610     1927.610     1947.610
   340:       22.000     1911.000     1966.000     1901.000     1901.150
   345:       23.000     1988.000     2063.000     2013.000     2018.150
   350:       23.000     2033.150     2034.150     2013.150     2033.150
   355:       23.000     1998.000     2053.000     1988.000     1988.150
   360:       24.000     2075.000     2150.000     2100.000     2105.580
   365:       24.000     2120.580     2121.580     2100.580     2120.580
   370:       24.000     2085.000     2140.000     2075.000     2075.150
   375:       25.000     2163.000     2238.000     2188.000     2193.120
   380:       25.000     2208.120     2209.120     2188.120     2208.120
   385:       25.000     2173.000     2228.000     2163.000     2163.150
   390:       26.000     2253.000     2328.000     2278.000     2284.960
   395:       26.000     2299.960     2300.960     2279.960     2299.960
   400:       26.000     2263.000     2318.000     2253.000     2253.150
   405:       27.000     2343.000     2418.000     2368.000     2373.980
   410:       27.000     2388.980     2389.980     2368.980     2388.980
   415:       27.000     2353.000     2408.000     2343.000     2343.150
   420:       28.000     2430.000     2505.000     2455.000     2460.730
   425:       28.000     2475.730     2476.730     2455.730     2475.730
   430:       28.000     2440.000     2495.000     2430.000     2430.150
   435:       29.000     2519.000     2594.000     2544.000     2549.490
   440:       29.000     2564.490     2565.490     2544.490     2564.490
   445:       29.000     2529.000     2584.000     2519.000     2519.150
   450:       30.000     2609.000     2684.000     2634.000     2639.540
   455:       30.000     2654.540     2655.540     2634.540     2654.540
   460:       30.000     2619.000     2674.000     2609.000     2609.150
   465:       31.000     2695.000     2770.000     2720.000     2725.950
   470:       31.000     2740.950     2741.950     2720.950     2740.950
   475:       31.000     2705.000     2760.000     2695.000     2695.150
   480:       32.000     2785.000     2860.000     2810.000     2815.200
   485:       32.000     2830.200     2831.200     2810.200     2830.200
   490:       32.000     2795.000     2850.000     2785.000     2785.150
   495:       33.000     2875.000     2950.000     2900.000     2905.200
   500:       33.000     2920.200     2921.200     2900.200     2920.200
   505:       33.000     2885.000     2940.000     2875.000     2875.150
   510:       34.000     2965.000     3040.000     2990.000     2995.830
   515:       34.000     3010.830     3011.830     2990.830     3010.830
   520:       34.000     2975.000     3030.000     2965.000     2965.150
   525:       35.000     3056.000     3131.000     3081.000     3086.260
   530:       35.000     3101.260     3102.260     3081.260     3101.260
   535:       35.000     3066.000     3121.000     3056.000     3056.150
   540:       36.000     3145.000     3220.000     3170.000     3175.100
   545:       36.000     3190.100     3191.100     3170.100     3190.100
   550:       36.000     3155.000     3210.000     3145.000     3145.150
   555:       37.000     3235.000     3310.000     3260.000     3265.210
   560:       37.000     3280.210     3281.210     3260.210     3280.210
   565:       37.000     3245.000     3300.000     3235.000     3235.150
   570:       38.000     3327.000     3402.000     3352.000     3357.670
   575:       38.000     3372.670     3373.670     3352.670     3372.670
   580:       38.000     3337.000     3392.000     3327.000     3327.150
   585:       39.000     3414.000     3489.000     3439.000     3447.430
   590:       39.000     3462.430     3463.430     3442.430     3462.430
   595:       39.000     3424.000     3479.000     3414.000     3414.150
   600:       40.000     3502.000     3577.000     3527.000     3532.770
   605:       40.000     3547.770     3548.770     3527.770     3547.770
   610:       40.000     3512.000     3567.000     3502.000     3502.150
   615:       41.000     3592.000     3667.000     3617.000     3623.520
   620:       41.000     3638.520     3639.520     3618.520     3638.520
   625:       41.000     3602.000     3657.000     3592.000     3592.150
   630:       42.000     3680.000     3755.000     3705.000     3713.620
   635:       42.000     3728.620     3729.620     3708.620     3728.620
   640:       42.000     3690.000     3745.000     3680.000     3680.150
   645:       43.000     3771.000     3846.000     3796.000     3801.870
   650:       43.000     3816.870     3817.870     3796.870     3816.870
   655:       43.000     3781.000     3836.000     3771.000     3771.150
   660:       44.000     3859.000     3934.000     3884.000     3890.470
   665:       44.000     3905.470     3906.470     3885.470     3905.470
   670:       44.000     3869.000     3924.000     3859.000     3859.150
   675:       45.000     3948.000     4023.000     3973.000     3978.140
   680:       45.000     3993.140     3994.140     3973.140     3993.140
   685:       45.000     3958.000     4013.000     3948.000     3948.150
   690:       46.000     4041.000     4116.000     4066.000     4071.480
   695:       46.000     4086.480     4087.480     4066.480     4086.480
   700:       46.000     4051.000     4106.000     4041.000     4041.150
   705:       47.000     4133.000     4208.000     4158.000     4163.210
   710:       47.000     4178.210     4179.210     4158.210     4178.210
   715:       47.000     4143.000     4198.000     4133.000     4133.150
   720:       48.000     4224.000     4299.000     4249.000     4254.640
   725:       48.000     4269.640     4270.640     4249.640     4269.640
   730:       48.000     4234.000     4289.000     4224.000     4224.150
   735:       49.000     4313.000     4388.000     4338.000     4347.350
   740:       49.000     4362.350     4363.350     4342.350     4362.350
   745:       49.000     4323.000     4378.000     4313.000     4313.150
   750:       50.000     4404.000     4479.000     4429.000     4440.790
   755:       50.000     4455.790     4456.790     4435.790     4455.790
   760:       50.000     4414.000     4469.000     4404.000     4404.150
   765:       51.000     4495.000     4570.000     4520.000     4526.240
   770:       51.000     4541.240     4542.240     4521.240     4541.240
   775:       51.000     4505.000     4560.000     4495.000     4495.150
   780:       52.000     4586.000     4661.000     4611.000     4616.310
   785:       52.000     4631.310     4632.310     4611.310     4631.310
   790:       52.000     4596.000     4651.000     4586.000     4586.150
   795:       53.000     4675.000     4750.000     4700.000     4706.050
   800:       53.000     4721.050     4722.050     4701.050     4721.050
   805:       53.000     4685.000     4740.000     4675.000     4675.150
   810:       54.000     4764.000     4839.000     4789.000     4794.220
   815:       54.000     4809.220     4810.220     4789.220     4809.220
   820:       54.000     4774.000     4829.000     4764.000     4764.150
   825:       55.000     4853.000     4928.000     4878.000     4898.000
   830:       55.000        0.000        0.000        0.000        0.000
   835:       55.000     4863.000     4918.000     4853.000     4853.150
   840:       56.000     4939.000     5014.000     4964.000     4969.460
   845:       56.000     4984.460     4985.460     4964.460     4984.460
   850:       56.000     4949.000     5004.000     4939.000     4939.150
   855:       57.000     5030.000     5105.000     5055.000     5064.850
   860:       57.000     5079.850     5080.850     5059.850     5079.850
   865:       57.000     5040.000     5095.000     5030.000     5030.150
   870:       58.000     5122.000     5197.000     5147.000     5152.870
   875:       58.000     5167.870     5168.870     5147.870     5167.870
   880:       58.000     5132.000     5187.000     5122.000     5122.150
   885:       59.000     5213.000     5288.000     5238.000     5243.850
   890:       59.000     5258.850     5259.850     5238.850     5258.850
   895:       59.000     5223.000     5278.000     5213.000     5213.150
   900:       60.000     5300.000     5375.000     5325.000     5330.220
   905:       60.000     5345.220     5346.220     5325.220     5345.220
   910:       60.000     5310.000     5365.000     5300.000     5300.150
   915:       61.000     5391.000     5466.000     5416.000     5422.300
   920:       61.000     5437.300     5438.300     5417.300     5437.300
   925:       61.000     5401.000     5456.000     5391.000     5391.150
   930:       62.000     5484.000     5559.000     5509.000     5514.400
   935:       62.000     5529.400     5530.400     5509.400     5529.400
   940:       62.000     5494.000     5549.000     5484.000     5484.150
   945:       63.000     5571.000     5646.000     5596.000     5606.100
   950:       63.000     5621.100     5622.100     5601.100     5621.100
   955:       63.000     5581.000     5636.000     5571.000     5571.150
   960:       64.000     5663.000     5738.000     5688.000     5693.180
   965:       64.000     5708.180     5709.180     5688.180     5708.180
   970:       64.000     5673.000     5728.000     5663.000     5663.150
   975:       65.000     5754.000     5829.000     5779.000     5788.670
   980:       65.000     5803.670     5804.670     5783.670     5803.670
   985:       65.000     5764.000     5819.000     5754.000     5754.150
   990:       66.000     5843.000     5918.000     5868.000     5873.840
   995:       66.000     5888.840     5889.840     5868.840     5888.840
  1000:       66.000     5853.000     5908.000     5843.000     5843.150
  1005:       67.000     5937.000     6012.000     5962.000     5967.190
  1010:       67.000     5982.190     5983.190     5962.190     5982.190
  1015:       67.000     5947.000     6002.000     5937.000     5937.150
  1020:       68.000     6031.000     6106.000     6056.000     6062.010
  1025:       68.000     6077.010     6078.010     6057.010     6077.010
  1030:       68.000     6041.000     6096.000     6031.000     6031.150
  1035:       69.000     6123.000     6198.000     6148.000     6166.710
  1040:       69.000     6181.710     6182.710     6161.710     6181.710
  1045:       69.000     6133.000     6188.000     6123.000     6123.150
  1050:       70.000     6214.000     6289.000     6239.000     6244.170
  1055:       70.000     6259.170     6260.170     6239.170     6259.170
  1060:       70.000     6224.000     6279.000     6214.000     6214.150
  1065:       71.000     6303.000     6378.000     6328.000     6334.420
  1070:       71.000     6349.420     6350.420     6329.420     6349.420
  1075:       71.000     6313.000     6368.000     6303.000     6303.150
  1080:       72.000     6394.000     6469.000     6419.000     6424.400
  1085:       72.000     6439.400     6440.400     6419.400     6439.400
  1090:       72.000     6404.000     6459.000     6394.000     6394.150
  1095:       73.000     6488.000     6563.000     6513.000     6520.430
  1100:       73.000     6535.430     6536.430     6515.430     6535.430
  1105:       73.000     6498.000     6553.000     6488.000     6488.150
  1110:       74.000     6576.000     6651.000     6601.000     6607.190
  1115:       74.000     6622.190     6623.190     6602.190     6622.190
  1120:       74.000     6586.000     6641.000     6576.000     6576.150
  1125:       75.000     6665.000     6740.000     6690.000     6696.010
  1130:       75.000     6711.010     6712.010     6691.010     6711.010
  1135:       75.000     6675.000     6730.000     6665.000     6665.150
  1140:       76.000     6753.000     6828.000     6778.000     6787.780
  1145:       76.000     6802.780     6803.780     6782.780     6802.780
  1150:       76.000     6763.000     6818.000     6753.000     6753.150
  1155:       77.000     6845.000     6920.000     6870.000     6875.100
  1160:       77.000     6890.100     6891.100     6870.100     6890.100
  1165:       77.000     6855.000     6910.000     6845.000     6845.150
  1170:       78.000     6939.000     7014.000     6964.000     6969.240
  1175:       78.000     6984.240     6985.240     6964.240     6984.240
  1180:       78.000     6949.000     7004.000     6939.000     6939.150
  1185:       79.000     7027.000     7102.000     7052.000     7058.520
  1190:       79.000     7073.520     7074.520     7053.520     7073.520
  1195:       79.000     7037.000     7092.000     7027.000     7027.150
  1200:       80.000     7122.000     7197.000     7147.000     7152.870
  1205:       80.000     7167.870     7168.870     7147.870     7167.870
  1210:       80.000     7132.000     7187.000     7122.000     7122.150
  1215:       81.000     7215.000     7290.000     7240.000     7249.290
  1220:       81.000     7264.290     7265.290     7244.290     7264.290
  1225:       81.000     7225.000     7280.000     7215.000     7215.150
  1230:       82.000     7302.000     7377.000     7327.000     7332.950
  1235:       82.000     7347.950     7348.950     7327.950     7347.950
  1240:       82.000     7312.000     7367.000     7302.000     7302.150
  1245:       83.000     7392.000     7467.000     7417.000     7422.500
  1250:       83.000     7437.500     7438.500     7417.500     7437.500
  1255:       83.000     7402.000     7457.000     7392.000     7392.150
  1260:       84.000     7485.000     7560.000     7510.000     7515.190
  1265:       84.000     7530.190     7531.190     7510.190     7530.190
  1270:       84.000     7495.000     7550.000     7485.000     7485.150
  1275:       85.000     7577.000     7652.000     7602.000     7607.750
  1280:       85.000     7622.750     7623.750     7602.750     7622.750
  1285:       85.000     7587.000     7642.000     7577.000     7577.150
  1290:       86.000     7667.000     7742.000     7692.000     7704.760
  1295:       86.000     7719.760     7720.760     7699.760     7719.760
  1300:       86.000     7677.000     7732.000     7667.000     7667.150
  1305:       87.000     7755.000     7830.000     7780.000     7787.050
  1310:       87.000     7802.050     7803.050     7782.050     7802.050
  1315:       87.000     7765.000     7820.000     7755.000     7755.150
  1320:       88.000     7844.000     7919.000     7869.000     7874.190
  1325:       88.000     7889.190     7890.190     7869.190     7889.190
  1330:       88.000     7854.000     7909.000     7844.000     7844.150
  1335:       89.000     7934.000     8009.000     7959.000     7964.650
  1340:       89.000     7979.650     7980.650     7959.650     7979.650
  1345:       89.000     7944.000     7999.000     7934.000     7934.150
  1350:       90.000     8022.000     8097.000     8047.000     8053.020
  1355:       90.000     8068.020     8069.020     8048.020     8068.020
  1360:       90.000     8032.000     8087.000     8022.000     8022.150
  1365:       91.000     8112.000     8187.000     8137.000     8142.620
  1370:       91.000     8157.620     8158.620     8137.620     8157.620
  1375:       91.000     8122.000     8177.000     8112.000     8112.150
  1380:       92.000     8201.000     8276.000     8226.000     8231.160
  1385:       92.000     8246.160     8247.160     8226.160     8246.160
  1390:       92.000     8211.000     8266.000     8201.000     8201.150
  1395:       93.000     8293.000     8368.000     8318.000     8328.600
  1400:       93.000     8343.600     8344.600     8323.600     8343.600
  1405:       93.000     8303.000     8358.000     8293.000     8293.150
  1410:       94.000     8382.000     8457.000     8407.000     8427.000
  1415:       94.000        0.000        0.000        0.000        0.000
  1420:       94.000     8392.000     8447.000     8382.000     8382.150
  1425:       95.000     8472.000     8547.000     8497.000     8504.150
  1430:       95.000     8519.150     8520.150     8499.150     8519.150
  1435:       95.000     8482.000     8537.000     8472.000     8472.150
  1440:       96.000     8563.000     8638.000     8588.000     8594.110
  1445:       96.000     8609.110     8610.110     8589.110     8609.110
  1450:       96.000     8573.000     8628.000     8563.000     8563.150
  1455:       97.000     8652.000     8727.000     8677.000     8689.800
  1460:       97.000     8704.800     8705.800     8684.800     8704.800
  1465:       97.000     8662.000     8717.000     8652.000     8652.150
  1470:       98.000     8746.000     8821.000     8771.000     8791.000
  1475:       98.000        0.000        0.000        0.000        0.000
  1480:       98.000     8756.000     8811.000     8746.000     8746.150
  1485:       99.000     8837.000     8912.000     8862.000     8867.410
  1490:       99.000     8882.410     8883.410     8862.410     8882.410
  1495:       99.000     8847.000     8902.000     8837.000     8837.150
  1500:      100.000     8925.000     9000.000     8950.000     8970.000
  1505:      100.000        0.000        0.000        0.000        0.000
  1510:      100.000     8935.000     8990.000     8925.000     8925.150
F:
     0:       55.720       58.340       59.140       61.080       61.400
     5:       61.630       61.650       61.850       63.460       63.560
    10:      141.170      141.660      141.780      142.150      143.610
    15:      144.070      144.240      144.480      145.340      145.390
    20:      147.640      147.870      148.010      148.050      149.270
    25:      149.390      151.430      151.570      151.700      151.740
    30:      152.990      239.680      242.580      243.100      243.670
    35:      243.740      244.080      244.430      244.510      244.870
    40:      245.130      246.330      246.480      322.360      329.290
    45:      329.310      329.900      330.250      330.500      332.310
    50:      332.340      332.470      332.590      333.850      334.370
    55:      411.490      414.420      415.100      415.180      415.230
    60:      415.760      415.840      416.500      416.530      416.540
    65:      417.300      417.330      417.520      417.540      417.650
    70:      417.690      418.210      418.290      418.770      418.990
    75:      419.400      419.730      419.890      420.980      421.310
    80:      421.420      421.720      421.820      421.900      422.050
    85:      422.170      422.360      422.450      499.020      499.030
    90:      502.510      506.430      508.030      508.370      508.410
    95:      509.180      509.210      509.230      509.740      509.800
   100:      510.350      510.390      510.880      510.960      511.500
   105:      511.700      588.740      588.950      598.430      598.590
   110:      598.760      598.820      598.890      600.120      600.150
   115:      601.250      682.890      686.880      687.370      687.580
   120:      688.010      688.070      688.760      688.830      688.860
   125:      689.070      689.290      689.880      689.910      690.540
   130:      690.570      690.670      690.760      690.880      691.010
   135:      691.090      691.200      691.220      691.950      694.600
   140:      768.160      768.380      769.020      769.290      769.470
   145:      771.350      771.360      771.960      772.070      772.230
   150:      773.160      773.180      773.280      773.410      773.490
   155:      773.530      773.620      773.630      773.690      774.020
   160:      774.140      774.450      774.510      774.650      774.820
   165:      774.890      775.020      775.120      775.480      775.510
   170:      775.530      776.130      776.160      776.240      776.260
   175:      776.370      776.490      776.610      776.710      776.850
   180:      776.960      777.470      777.610      777.830      777.950
   185:      778.100      778.120      778.750      778.790      778.880
   190:      778.950      778.970      779.210      779.610      779.760
   195:      779.830      779.870      780.090      780.170      780.290
   200:      780.370      780.480      780.500      780.670      780.820
   205:      781.050      847.090      847.290      859.260      863.630
   210:      863.800      864.010      865.080      865.160      865.490
   215:      865.550      866.080      866.220      866.380      866.410
   220:      866.520      866.560      867.120      867.280      867.400
   225:      867.420      867.550      867.900      867.990      868.390
   230:      868.470      868.750      868.770      869.070      869.150
   235:      869.250      869.320      869.370      869.430      869.630
   240:      870.350      870.380      870.630      870.770      871.070
   245:      871.120      871.230      871.470      871.550      874.140
   250:      949.070      949.080      953.230      953.480      953.520
   255:      953.680      953.840      954.030      954.070      954.240
   260:      954.300      954.650      954.970      955.210      955.320
   265:      955.380      955.980      956.030      956.510      956.530
   270:      956.680      956.810      957.760      957.860      958.140
   275:      958.320      958.410      958.940      958.990      959.140
   280:      959.240      959.310      960.100      960.180      960.210
   285:      960.780      960.920      961.140      961.160      961.260
   290:      961.300      961.370      961.470      962.270      962.370
   295:      962.500      962.670      962.820      963.550      963.590
   300:     1041.650     1041.920     1042.290     1042.310     1042.780
   305:     1042.830     1042.840     1042.940     1043.380     1043.440
   310:     1043.660     1043.850     1043.920     1043.960     1044.200
   315:     1045.050     1045.560     1045.580     1045.690     1045.760
   320:     1045.780     1045.820     1046.000     1046.310     1046.340
   325:     1046.360     1046.610     1046.800     1047.140     1047.210
   330:     1047.280     1047.290     1047.400     1047.610     1047.840
   335:     1047.990     1048.260     1048.390     1048.690     1048.720
   340:     1048.730     1048.810     1048.830     1048.890     1049.000
   345:     1049.120     1049.180     1049.260     1049.750     1050.420
   350:     1050.440     1050.720     1050.770     1050.940     1051.010
   355:     1051.110     1051.610     1051.690     1051.790     1051.830
   360:     1051.930     1051.990     1052.010     1052.040     1052.240
   365:     1052.330     1052.350     1052.420     1052.430     1052.470
   370:     1052.630     1052.930     1053.010     1053.030     1053.240
   375:     1053.340     1053.380     1053.610     1054.190     1054.220
   380:     1054.410     1054.450     1054.650     1054.930     1132.180
   385:     1132.750     1133.000     1134.130     1134.150     1134.440
   390:     1134.530     1135.000     1135.070     1135.260     1135.330
   395:     1135.390     1135.550     1135.590     1135.880     1136.030
   400:     1136.080     1136.090     1136.740     1136.760     1136.900
   405:     1137.080     1137.590     1137.650     1137.750     1137.770
   410:     1137.910     1137.980     1138.090     1138.470     1138.600
   415:     1138.820     1139.040     1139.100     1139.110     1139.190
   420:     1139.310     1139.330     1139.340     1139.430     1139.540
   425:     1139.620     1139.740     1139.810     1139.980     1140.030
   430:     1140.460     1140.790     1140.840     1141.000     1141.030
   435:     1141.040     1141.540     1141.580     1141.710     1141.860
   440:     1141.990     1142.090     1142.210     1142.340     1142.810
   445:     1142.910     1143.070     1143.150     1143.290     1143.480
   450:     1143.590     1143.770     1144.070     1144.210     1144.290
   455:     1146.520     1224.240     1224.380     1224.390     1225.050
   460:     1229.740     1230.280     1230.510     1231.150     1231.360
   465:     1231.570     1232.500     1232.850     1233.020     1233.040
   470:     1233.110     1233.320     1233.600     1233.640     1303.870
   475:     1319.170     1319.180     1319.420     1319.620     1319.660
   480:     1320.030     1320.210     1320.360     1320.440     1320.540
   485:     1321.260     1321.390     1321.490     1321.610     1321.770
   490:     1322.310     1322.510     1322.580     1322.680     1322.940
   495:     1323.140     1323.590     1323.650     1324.180     1324.480
   500:     1324.520     1324.530     1324.620     1324.910     1325.000
   505:     1325.020     1325.330     1325.550     1325.580     1325.670
   510:     1325.810     1325.860     1325.880     1326.060     1326.790
   515:     1392.550     1404.910     1409.240     1409.880     1410.210
   520:     1411.320     1411.420     1411.440     1411.650     1411.850
   525:     1412.240     1412.400     1412.610     1412.650     1412.850
   530:     1412.910     1413.090     1414.060     1414.450     1414.640
   535:     1414.730     1414.840     1414.930     1414.940     1415.300
   540:     1415.310     1415.510     1415.670     1415.730     1416.080
   545:     1416.130     1416.350     1416.460     1416.540     1416.680
   550:     1416.780     1416.800     1417.100     1417.310     1417.430
   555:     1417.480     1417.630     1417.720     1418.400     1418.520
   560:     1418.850     1498.890     1499.540     1500.320     1500.670
   565:     1500.830     1501.650     1501.660     1501.820     1502.420
   570:     1502.470     1502.540     1502.590     1502.720     1502.820
   575:     1502.870     1502.960     1503.040     1503.220     1503.730
   580:     1503.750     1504.080     1504.130     1504.440     1504.620
   585:     1504.720     1504.740     1504.880     1504.900     1505.190
   590:     1505.280     1505.430     1505.590     1573.130     1573.330
   595:     1581.140     1581.160     1583.530     1583.800     1583.970
   600:     1584.000     1584.900     1585.500     1585.540     1585.560
   605:     1585.690     1585.820     1586.050     1586.160     1586.280
   610:     1586.440     1586.470     1586.680     1586.760     1586.800
   615:     1586.910     1586.940     1586.990     1587.130     1587.480
   620:     1587.510     1587.540     1587.630     1587.970     1588.310
   625:     1588.580     1588.710     1588.800     1588.900     1588.980
   630:     1589.170     1589.250     1589.340     1589.360     1589.490
   635:     1589.610     1589.650     1590.200     1590.430     1590.550
   640:     1590.590     1590.710     1590.790     1590.920     1591.010
   645:     1591.060     1591.350     1591.440     1591.520     1591.580
   650:     1591.670     1592.000     1592.100     1592.180     1592.200
   655:     1592.330     1592.600     1592.780     1592.940     1593.220
   660:     1593.320     1593.370     1593.500     1593.600     1593.770
   665:     1593.830     1593.950     1594.020     1594.040     1594.360
   670:     1594.390     1594.520     1594.620     1594.720     1594.800
   675:     1594.900     1595.400     1595.450     1675.140     1676.360
   680:     1676.590     1676.750     1679.080     1679.520     1679.610
   685:     1679.650     1679.920     1682.200     1682.330     1682.410
   690:     1682.590     1682.690     1683.300     1683.360     1683.440
   695:     1683.700     1683.740     1683.960     1684.180     1684.200
   700:     1686.330     1686.460     1686.640     1686.780     1686.850
   705:     1686.940     1687.140     1687.280     1687.390     1687.730
   710:     1687.940     1688.030     1688.100     1688.390     1688.540
   715:     1688.640     1688.780     1688.810     1688.890     1689.010
   720:     1689.280     1693.110     1748.450     1748.460     1759.940
   725:     1764.290     1764.530     1765.420     1765.870     1766.290
   730:     1766.540     1767.090     1767.110     1767.220     1767.230
   735:     1767.300     1767.410     1767.500     1767.620     1768.210
   740:     1768.330     1768.450     1768.730     1768.740     1769.220
   745:     1769.330     1769.430     1769.580     1769.680     1769.800
   750:     1769.900     1769.990     1770.090     1770.160     1770.250
   755:     1770.510     1770.520     1770.630     1770.720     1770.740
   760:     1770.800     1770.890     1772.300     1772.490     1772.770
   765:     1772.850     1772.960     1773.000     1773.070     1773.570
   770:     1773.740     1773.830     1773.960     1774.070     1848.810
   775:     1849.340     1853.890     1854.120     1855.930     1858.510
   780:     1858.770     1859.090     1859.260     1861.230     1943.040
   785:     1943.060     1943.220     1946.400     1946.440     1946.630
   790:     1946.640     1946.880     1947.140     1947.230     1947.280
   795:     1947.400     1948.300     2009.330     2009.630     2021.520
   800:     2021.920     2022.470     2023.030     2023.090     2023.490
   805:     2023.550     2023.580     2023.650     2023.930     2023.950
   810:     2024.220     2024.450     2024.490     2024.500     2025.170
   815:     2025.200     2025.320     2025.410     2025.520     2025.600
   820:     2026.410     2026.500     2027.090     2027.190     2027.350
   825:     2027.430     2027.550     2027.750     2027.880     2028.010
   830:     2028.030     2028.140     2028.230     2028.690     2028.930
   835:     2029.060     2029.160     2030.010     2030.250     2030.420
   840:     2030.500     2031.320     2031.390     2031.530     2031.620
   845:     2031.670     2031.830     2031.940     2032.050     2032.950
   850:     2032.980     2033.070     2033.420     2033.750     2035.620
   855:     2109.410     2110.160     2110.200     2112.470     2112.880
   860:     2112.960     2113.640     2115.040     2115.190     2115.270
   865:     2115.650     2115.770     2115.840     2115.890     2115.900
   870:     2115.980     2116.010     2116.890     2117.380     2117.540
   875:     2117.590     2117.770     2117.900     2118.110     2118.200
   880:     2118.300     2118.410     2118.890     2120.030     2120.210
   885:     2120.300     2120.420     2120.560     2120.740     2123.450
   890:     2180.000     2197.950     2197.960     2199.420     2201.140
   895:     2201.170     2201.490     2201.530     2202.630     2202.790
   900:     2202.920     2202.950     2203.020     2203.060     2203.150
   905:     2203.280     2203.720     2203.900     2203.970     2204.700
   910:     2204.810     2204.960     2205.030     2205.190     2205.290
   915:     2205.400     2205.520     2205.640     2205.730     2205.820
   920:     2205.910     2206.010     2206.240     2206.350     2206.750
   925:     2206.770     2207.120     2207.290     2207.470     2207.550
   930:     2207.680     2207.760     2207.840     2207.970     2208.040
   935:     2208.640     2294.590     2295.500     2297.080     2297.290
   940:     2299.060     2299.370     2299.430     2300.430     2304.110
   945:     2376.790     2378.780     2381.420     2381.570     2381.640
   950:     2382.250     2382.310     2382.750     2382.890     2383.010
   955:     2383.160     2383.230     2383.270     2383.440     2383.640
   960:     2383.980     2384.070     2384.410     2384.480     2384.750
   965:     2384.980     2385.060     2385.180     2385.210     2385.300
   970:     2385.470     2385.580     2385.860     2385.900     2385.980
   975:     2386.060     2386.230     2386.750     2386.810     2386.940
   980:     2387.020     2387.070     2387.180     2387.250     2387.370
   985:     2387.470     2387.570     2387.650     2387.860     2387.950
   990:     2388.060     2388.150     2388.400     2388.640     2389.390
   995:     2394.230     2464.050     2465.870     2466.000     2467.940
  1000:     2467.950     2468.160     2468.620     2468.730     2469.900
  1005:     2470.250     2471.170     2471.510     2471.750     2471.960
  1010:     2472.100     2472.190     2472.310     2472.420     2472.490
  1015:     2472.640     2472.750     2473.220     2473.890     2473.960
  1020:     2474.010     2474.100     2474.290     2474.330     2474.530
  1025:     2474.640     2474.710     2474.910     2475.260     2475.340
  1030:     2475.380     2476.040     2478.000     2538.950     2550.550
  1035:     2554.350     2554.360     2558.570     2558.750     2560.540
  1040:     2560.580     2560.700     2560.810     2561.180     2561.370
  1045:     2561.730     2561.970     2562.180     2562.230     2562.340
  1050:     2564.420     2564.540     2564.800     2565.110     2630.680
  1055:     2645.630     2647.550     2647.570     2647.650     2649.770
  1060:     2649.780     2649.900     2650.380     2650.440     2650.600
  1065:     2650.870     2650.880     2651.380     2651.410     2651.720
  1070:     2651.750     2651.970     2652.100     2652.300     2652.360
  1075:     2652.430     2652.740     2653.560     2654.370     2655.000
  1080:     2655.040     2655.080     2655.270     2735.600     2735.830
  1085:     2739.150     2739.210     2740.790     2741.020     2741.310
  1090:     2745.290     2823.100     2823.370     2823.580     2823.640
  1095:     2823.780     2823.840     2823.980     2824.010     2825.180
  1100:     2825.220     2825.430     2825.670     2825.690     2825.900
  1105:     2826.010     2826.020     2826.270     2826.420     2826.530
  1110:     2826.700     2826.830     2826.920     2827.040     2827.310
  1115:     2827.360     2827.380     2827.500     2827.640     2827.700
  1120:     2827.790     2827.800     2827.860     2827.900     2828.100
  1125:     2828.150     2828.240     2828.280     2828.410     2828.490
  1130:     2828.640     2828.700     2828.720     2828.950     2828.980
  1135:     2829.310     2829.480     2829.630     2829.700     2829.730
  1140:     2829.810     2829.910     2829.940     2830.090     2830.520
  1145:     2830.660     2914.540     2916.290     2916.690     2916.840
  1150:     2917.890     2918.090     2918.300     2918.490     2918.680
  1155:     2919.340     2919.700     2919.920     2919.930     2920.200
  1160:     2920.590     2920.770     2989.470     2997.360     2997.380
  1165:     2997.430     2998.380     2998.540     2999.600     3001.660
  1170:     3001.760     3001.890     3001.940     3002.020     3002.110
  1175:     3003.320     3003.630     3003.780     3003.850     3004.040
  1180:     3004.070     3004.510     3004.610     3004.640     3004.700
  1185:     3004.810     3004.830     3004.900     3004.930     3005.590
  1190:     3006.310     3006.530     3006.630     3006.710     3006.890
  1195:     3006.920     3007.020     3007.130     3007.230     3007.340
  1200:     3007.710     3007.740     3007.900     3008.150     3008.380
  1205:     3008.790     3008.900     3009.130     3009.300     3009.420
  1210:     3009.940     3010.100     3010.120     3010.240     3010.820
  1215:     3011.060     3011.130     3011.440     3013.630     3091.440
  1220:     3093.130     3095.090     3095.120     3095.610     3095.870
  1225:     3095.910     3097.020     3097.250     3097.370     3097.390
  1230:     3097.530     3097.670     3098.370     3098.480     3098.660
  1235:     3098.830     3099.020     3099.180     3099.360     3099.500
  1240:     3099.560     3099.640     3099.720     3099.860     3100.760
  1245:     3101.330     3101.540     3101.940     3106.820     3179.710
  1250:     3182.700     3182.850     3186.200     3186.380     3186.850
  1255:     3186.910     3187.030     3187.080     3188.180     3188.450
  1260:     3188.530     3188.780     3188.860     3189.130     3189.170
  1265:     3189.380     3189.460     3189.560     3189.690     3189.740
  1270:     3189.970     3190.650     3191.140     3194.740     3270.360
  1275:     3271.220     3271.500     3274.250     3274.420     3274.750
  1280:     3275.810     3275.950     3276.040     3276.100     3276.480
  1285:     3276.840     3276.890     3277.490     3277.660     3277.820
  1290:     3277.850     3278.120     3278.230     3278.380     3278.420
  1295:     3278.540     3278.620     3278.700     3278.790     3278.880
  1300:     3279.080     3279.100     3279.380     3279.460     3279.640
  1305:     3279.980     3280.250     3280.260     3280.760     3280.950
  1310:     3361.030     3364.850     3368.470     3369.210     3369.710
  1315:     3370.570     3371.760     3371.900     3372.030     3372.260
  1320:     3373.190     3448.360     3453.510     3457.400     3459.410
  1325:     3459.510     3459.630     3459.680     3459.860     3460.470
  1330:     3460.520     3460.640     3460.940     3461.030     3461.230
  1335:     3461.360     3461.530     3461.610     3461.740     3462.470
  1340:     3462.560     3463.090     3463.320     3538.220     3538.400
  1345:     3538.440     3540.170     3541.130     3541.200     3541.540
  1350:     3541.780     3541.930     3542.260     3542.610     3542.990
  1355:     3543.370     3543.670     3543.780     3543.860     3544.120
  1360:     3544.150     3546.330     3546.350     3546.830     3547.020
  1365:     3547.110     3547.240     3547.440     3547.530     3547.600
  1370:     3547.990     3548.060     3609.240     3624.470     3627.540
  1375:     3627.750     3632.520     3633.200     3633.390     3633.430
  1380:     3633.650     3633.660     3634.060     3634.110     3634.710
  1385:     3634.850     3634.930     3635.170     3635.240     3636.710
  1390:     3636.810     3636.880     3637.010     3637.050     3637.130
  1395:     3637.270     3637.350     3637.410     3637.550     3638.130
  1400:     3638.170     3638.400     3638.420     3638.610     3639.090
  1405:     3641.870     3642.820     3716.620     3720.770     3721.900
  1410:     3722.710     3723.410     3723.440     3725.080     3725.730
  1415:     3725.960     3726.130     3726.240     3726.350     3726.370
  1420:     3726.470     3726.810     3728.030     3728.350     3728.520
  1425:     3728.640     3728.920     3806.170     3809.520     3809.910
  1430:     3810.310     3811.460     3811.690     3811.830     3812.040
  1435:     3812.560     3812.800     3812.860     3812.900     3813.750
  1440:     3814.010     3814.120     3814.260     3814.460     3814.570
  1445:     3814.690     3814.770     3814.850     3815.290     3815.350
  1450:     3815.520     3815.580     3815.760     3816.230     3816.480
  1455:     3816.580     3816.690     3816.860     3816.990     3817.300
  1460:     3901.140     3901.150     3901.260     3903.600     3904.730
  1465:     3904.890     3905.110     3905.120     3905.180     3905.360
  1470:     3906.070     3906.150     3906.560     3919.890     3979.510
  1475:     3985.440     3986.770     3987.280     3988.050     3988.110
  1480:     3988.580     3988.700     3989.420     3990.450     3990.600
  1485:     3990.650     3990.840     3990.940     3991.010     3991.220
  1490:     3991.700     3991.940     3992.010     3992.020     3992.240
  1495:     3992.410     3992.570     3992.710     3993.410     3995.350
  1500:     4078.850     4081.760     4081.920     4081.950     4082.020
  1505:     4083.710     4083.830     4083.920     4083.930     4084.080
  1510:     4084.110     4084.250     4084.290     4085.080     4085.320
  1515:     4085.540     4085.680     4085.800     4085.960     4086.050
  1520:     4087.050     4087.090     4088.880     4089.360     4164.170
  1525:     4164.230     4164.310     4164.320     4165.000     4165.200
  1530:     4165.440     4166.950     4167.700     4169.460     4169.640
  1535:     4169.690     4169.790     4169.980     4170.520     4172.240
  1540:     4172.320     4172.450     4172.550     4172.690     4172.770
  1545:     4172.830     4172.980     4173.000     4173.170     4173.490
  1550:     4173.570     4173.840     4173.860     4173.990     4174.170
  1555:     4174.280     4175.350     4175.580     4175.600     4175.830
  1560:     4175.860     4175.970     4176.060     4176.400     4176.710
  1565:     4176.840     4176.910     4177.180     4177.310     4177.460
  1570:     4177.640     4178.500     4180.860     4259.350     4264.310
  1575:     4264.490     4264.630     4264.740     4267.000     4267.030
  1580:     4267.520     4267.610     4267.810     4268.020     4268.270
  1585:     4268.310     4268.440     4268.930     4270.440     4351.320
  1590:     4351.700     4354.360     4355.940     4356.170     4356.250
  1595:     4356.320     4356.510     4356.550     4356.650     4357.480
  1600:     4357.560     4357.890     4358.140     4358.250     4358.360
  1605:     4358.440     4358.560     4358.680     4358.770     4358.860
  1610:     4359.540     4359.600     4359.920     4360.070     4360.120
  1615:     4360.260     4360.320     4360.660     4360.800     4361.220
  1620:     4361.340     4361.550     4361.580     4361.760     4361.850
  1625:     4362.270     4362.290     4362.880     4441.930     4442.870
  1630:     4443.530     4443.690     4444.460     4445.140     4446.100
  1635:     4447.360     4449.470     4449.580     4449.650     4449.800
  1640:     4449.830     4449.940     4450.100     4451.640     4451.670
  1645:     4451.740     4451.860     4452.000     4452.130     4452.160
  1650:     4452.250     4452.400     4452.480     4452.990     4453.430
  1655:     4453.650     4453.730     4453.790     4453.830     4454.110
  1660:     4454.200     4454.550     4454.600     4454.710     4454.840
  1665:     4455.060     4455.280     4455.340     4455.740     4455.770
  1670:     4456.030     4456.040     4458.460     4532.250     4533.270
  1675:     4534.930     4535.300     4535.560     4535.680     4535.850
  1680:     4537.250     4537.670     4537.880     4538.020     4538.210
  1685:     4538.230     4539.070     4540.010     4540.090     4540.110
  1690:     4540.150     4540.180     4540.300     4540.370     4540.480
  1695:     4540.540     4540.640     4541.780     4619.390     4619.410
  1700:     4620.650     4623.190     4623.220     4624.260     4624.330
  1705:     4624.750     4625.100     4625.220     4625.350     4625.480
  1710:     4625.870     4625.960     4625.980     4626.270     4626.560
  1715:     4627.890     4627.930     4628.000     4628.040     4628.080
  1720:     4628.160     4628.250     4628.570     4628.590     4628.650
  1725:     4628.810     4629.420     4629.460     4629.830     4629.860
  1730:     4630.670     4631.120     4631.210     4631.250     4631.880
  1735:     4631.980     4706.940     4706.970     4707.060     4707.160
  1740:     4707.280     4707.320     4716.500     4716.780     4720.410
  1745:     4720.670     4720.990     4721.000     4721.120     4721.270
  1750:     4721.610     4721.830     4723.900     4723.990     4801.750
  1755:     4802.110     4803.910     4806.700     4806.790     4807.040
  1760:     4807.180     4807.280     4807.770     4807.990     4808.410
  1765:     4808.480     4808.780     4808.840     4809.050     4809.310
  1770:     4809.640     4916.180     4916.440     4980.180     4980.490
  1775:     4982.280     4982.340     4983.280     4983.450     4985.250
  1780:     4988.130     5066.250     5066.290     5066.350     5069.040
  1785:     5069.190     5072.650     5072.830     5073.700     5073.890
  1790:     5073.930     5074.010     5074.610     5075.770     5076.450
  1795:     5076.530     5076.610     5076.660     5076.700     5076.730
  1800:     5076.920     5077.070     5077.180     5077.280     5077.400
  1805:     5077.490     5078.430     5079.300     5079.370     5079.410
  1810:     5079.720     5080.020     5080.030     5080.600     5080.770
  1815:     5082.120     5082.200     5159.460     5159.720     5161.490
  1820:     5161.640     5161.910     5162.200     5162.350     5162.880
  1825:     5162.970     5163.000     5163.070     5164.160     5164.670
  1830:     5164.770     5165.090     5165.360     5165.510     5167.250
  1835:     5167.490     5167.890     5167.940     5167.950     5168.220
  1840:     5168.640     5250.210     5250.670     5251.960     5254.940
  1845:     5255.140     5255.160     5255.200     5255.630     5257.820
  1850:     5257.970     5259.820     5334.680     5337.150     5339.760
  1855:     5342.080     5342.100     5342.150     5342.370     5342.440
  1860:     5342.480     5342.580     5342.600     5343.240     5343.310
  1865:     5343.370     5343.390     5343.800     5344.160     5344.190
  1870:     5344.210     5344.280     5344.340     5344.610     5344.650
  1875:     5344.770     5344.810     5344.880     5345.020     5345.050
  1880:     5345.290     5345.320     5345.440     5347.650     5347.730
  1885:     5425.560     5425.750     5429.480     5430.030     5431.200
  1890:     5431.330     5431.830     5432.980     5433.430     5433.650
  1895:     5433.730     5434.020     5434.070     5434.530     5434.660
  1900:     5434.820     5436.070     5436.150     5436.200     5436.250
  1905:     5436.410     5436.460     5436.600     5436.690     5437.860
  1910:     5517.800     5518.550     5520.610     5521.640     5521.670
  1915:     5523.810     5523.860     5523.870     5525.850     5526.720
  1920:     5526.960     5527.120     5529.200     5529.260     5529.290
  1925:     5529.470     5529.630     5529.790     5532.510     5532.750
  1930:     5612.150     5615.030     5615.220     5616.960     5617.030
  1935:     5617.130     5617.320     5617.340     5617.780     5618.930
  1940:     5619.100     5619.230     5619.340     5619.360     5619.760
  1945:     5619.800     5619.910     5619.950     5620.170     5620.600
  1950:     5620.680     5620.690     5620.710     5620.780     5621.020
  1955:     5621.040     5621.150     5621.160     5621.580     5623.830
  1960:     5623.940     5694.630     5695.470     5695.700     5695.900
  1965:     5699.280     5699.740     5700.010     5700.230     5700.520
  1970:     5700.690     5700.750     5700.800     5700.870     5700.920
  1975:     5700.970     5701.300     5701.860     5702.220     5702.300
  1980:     5702.490     5702.560     5702.700     5702.730     5702.770
  1985:     5702.890     5702.960     5703.060     5703.100     5703.470
  1990:     5703.950     5704.000     5704.130     5704.300     5704.810
  1995:     5704.940     5705.860     5708.120     5708.390     5710.750
  2000:     5793.090     5794.880     5798.140     5798.590     5798.970
  2005:     5799.440     5799.450     5800.900     5801.100     5801.220
  2010:     5801.330     5801.370     5801.490     5801.580     5801.680
  2015:     5801.960     5802.060     5802.100     5802.180     5803.130
  2020:     5803.170     5803.250     5803.560     5804.040     5804.140
  2025:     5804.360     5877.360     5877.440     5879.530     5880.300
  2030:     5880.630     5881.330     5881.390     5881.640     5881.790
  2035:     5882.030     5882.120     5882.200     5882.370     5882.950
  2040:     5883.310     5883.520     5883.530     5883.720     5883.850
  2045:     5883.970     5883.990     5884.030     5884.420     5884.520
  2050:     5884.540     5884.910     5884.960     5885.070     5885.100
  2055:     5885.500     5885.530     5885.780     5885.820     5886.030
  2060:     5886.180     5886.840     5886.980     5887.080     5887.090
  2065:     5887.150     5887.260     5887.410     5887.580     5887.640
  2070:     5888.240     5888.970     5889.090     5889.330     5889.610
  2075:     5889.630     5954.800     5972.630     5974.810     5975.990
  2080:     5977.010     5977.070     5977.580     5977.650     5977.970
  2085:     5979.870     5979.950     5980.130     5980.230     5980.610
  2090:     5981.020     5981.140     5981.520     5982.380     5982.490
  2095:     5982.720     5985.090     6070.000     6072.780     6074.880
  2100:     6075.520     6075.770     6075.990     6076.020     6076.440
  2105:     6076.540     6076.620     6077.530     6077.720     6168.190
  2110:     6168.200     6168.340     6179.910     6180.020     6180.080
  2115:     6180.300     6180.600     6180.720     6181.180     6181.250
  2120:     6182.200     6182.450     6256.910     6257.130     6259.690
  2125:     6260.050     6341.390     6341.600     6343.510     6344.170
  2130:     6344.200     6344.470     6344.840     6345.560     6346.260
  2135:     6346.380     6346.550     6346.630     6346.790     6347.020
  2140:     6348.560     6348.830     6349.280     6349.390     6349.650
  2145:     6349.700     6351.880     6352.230     6428.060     6432.080
  2150:     6432.200     6434.080     6434.140     6434.610     6435.010
  2155:     6435.170     6435.560     6436.370     6436.440     6436.540
  2160:     6436.640     6437.700     6438.220     6438.250     6438.330
  2165:     6438.440     6438.720     6440.100     6442.560     6525.580
  2170:     6525.590     6529.800     6533.300     6533.440     6533.820
  2175:     6534.120     6534.230     6534.250     6534.300     6534.400
  2180:     6534.690     6534.740     6536.150     6608.140     6612.370
  2185:     6616.750     6616.820     6617.540     6617.760     6617.870
  2190:     6617.880     6617.920     6618.730     6618.950     6619.090
  2195:     6619.290     6619.350     6619.390     6620.990     6621.400
  2200:     6621.510     6621.650     6621.820     6621.890     6622.020
  2205:     6622.060     6624.680     6702.000     6704.610     6704.930
  2210:     6706.650     6706.690     6706.750     6706.860     6707.050
  2215:     6709.510     6709.590     6709.720     6709.920     6710.010
  2220:     6710.080     6710.730     6710.760     6711.320     6711.530
  2225:     6714.440     6791.440     6797.530     6797.840     6798.090
  2230:     6798.410     6799.960     6800.560     6800.780     6801.190
  2235:     6801.270     6803.360     6880.690     6883.710     6884.430
  2240:     6884.440     6886.780     6887.700     6887.770     6889.020
  2245:     6889.170     6889.470     6889.580     6889.750     6891.590
  2250:     6894.590     6894.830     6980.540     6983.620     6983.670
  2255:     6985.390     6987.160     6987.400     7067.050     7069.720
  2260:     7070.110     7070.130     7070.150     7072.180     7072.280
  2265:     7072.300     7072.440     7073.690     7074.590     7158.800
  2270:     7159.250     7160.970     7162.470     7167.290     7167.760
  2275:     7167.920     7168.520     7168.600     7168.690     7168.700
  2280:     7168.990     7171.660     7257.440     7257.790     7259.360
  2285:     7262.390     7262.900     7263.010     7263.310     7263.440
  2290:     7263.640     7263.690     7263.890     7264.420     7265.510
  2295:     7341.460     7342.150     7342.400     7344.270     7347.970
  2300:     7348.120     7427.850     7432.680     7432.790     7433.620
  2305:     7433.630     7434.030     7434.420     7434.500     7434.660
  2310:     7434.740     7434.850     7434.990     7435.100     7435.370
  2315:     7435.640     7435.940     7435.950     7436.160     7436.280
  2320:     7436.400     7436.480     7436.810     7436.980     7437.790
  2325:     7437.950     7441.210     7441.440     7441.540     7441.620
  2330:     7523.350     7523.410     7523.490     7525.570     7525.590
  2335:     7525.840     7526.170     7526.570     7526.600     7526.710
  2340:     7527.680     7527.710     7527.760     7527.970     7528.080
  2345:     7528.100     7528.740     7528.890     7528.900     7528.990
  2350:     7529.470     7530.060     7530.080     7530.240     7530.370
  2355:     7532.730     7608.560     7612.790     7616.350     7616.360
  2360:     7618.410     7619.090     7619.180     7619.410     7619.510
  2365:     7620.200     7620.240     7620.400     7620.720     7620.810
  2370:     7621.470     7621.740     7621.840     7622.000     7622.040
  2375:     7622.230     7622.310     7622.410     7623.210     7627.970
  2380:     7708.400     7710.710     7712.730     7713.780     7715.060
  2385:     7715.220     7715.250     7715.630     7715.910     7716.520
  2390:     7716.990     7717.000     7717.150     7717.410     7717.420
  2395:     7717.890     7717.960     7719.300     7719.390     7719.570
  2400:     7719.640     7719.740     7719.970     7720.270     7788.080
  2405:     7788.130     7793.220     7798.210     7798.470     7800.600
  2410:     7800.670     7800.960     7802.550     7804.970     7878.760
  2415:     7882.760     7885.390     7885.970     7887.600     7887.720
  2420:     7889.970     7891.790     7971.550     7975.560     7975.730
  2425:     7975.970     7976.340     7977.100     7977.230     7977.280
  2430:     7977.610     7978.170     7978.200     7978.380     7978.900
  2435:     7979.240     7979.370     7979.500     7980.440     8057.970
  2440:     8064.630     8064.800     8067.280     8068.930     8153.310
  2445:     8153.780     8154.140     8158.130     8161.010     8164.590
  2450:     8222.740     8235.740     8237.980     8238.230     8240.060
  2455:     8241.080     8242.680     8242.760     8242.810     8243.300
  2460:     8243.530     8243.700     8243.880     8243.890     8244.320
  2465:     8244.540     8246.450     8246.470     8246.940     8344.110
  2470:     8344.210     8345.850     8517.650     8518.360     8518.710
  2475:     8519.540     8519.640     8522.330     8599.390     8601.430
  2480:     8601.500     8601.780     8603.610     8604.070     8604.630
  2485:     8605.180     8605.300     8607.940     8608.320     8608.440
  2490:     8608.640     8608.720     8608.900     8609.740     8611.630
  2495:     8699.100     8704.950     8705.330     8875.590     8877.370
  2500:     8877.470     8880.980     8881.630     8881.820     8882.060
  2505:     8882.160     8882.770     8885.150
G:
     0:      819.600      826.800      826.900      827.160     1992.040
     5:     1992.360     1992.470     2420.300     2436.700     2496.900
    10:     2772.920     4756.450     4756.800     4757.080     4922.030
    15:     4923.140     4923.150     4923.490     4923.670     4923.750
    20:     4923.840     4924.160     4926.420     4927.100     4927.220
    25:     4927.240     4927.380     4927.390     4927.510     4927.550
    30:     4928.530     4929.470     4929.740     4929.770     4930.310
    35:     4930.430     4930.660     4930.920     4931.050     4931.120
    40:     4931.220     4931.340     4931.540     4931.690     4931.880
    45:     4932.000     4932.770     4933.130     4933.250     4933.270
    50:     4933.610     4933.680     4933.690     4933.850     4933.970
    55:     4934.020     4934.100     4934.150     4934.610     4934.690
    60:     4934.710     4936.400     4936.700     4936.720     4936.840
    65:     4937.000     4937.020     4937.290     4937.320     4937.370
    70:     4937.550     4937.840     4939.030     4939.150     4940.020
    75:     4940.160     4942.530     4942.960     4943.100     4944.630
H:
     0:     2438.400     3041.950     7485.680
I:
K:
L:
     0:       42.990       43.730       47.050      132.520      136.110
     5:      136.490      225.950      226.390      228.250      229.990
    10:      230.620      314.130      317.290      317.960      402.170
    15:      491.180      580.440      585.000      671.430      671.790
    20:      760.710      763.040      763.570      765.080      851.370
    25:      851.620      943.140      943.750     1034.370     1124.140
    30:     1213.280     1213.610     1306.330     1309.350     1398.780
    35:     1485.410     1485.820     1575.170     1579.150     1668.960
    40:     1673.270     1673.720     1753.780     1838.780     1841.660
    45:     1843.600     1927.610     2013.150     2013.640     2100.580
    50:     2188.120     2279.960     2282.930     2368.980     2455.730
    55:     2544.490     2634.540     2634.910     2720.950     2810.200
    60:     2900.200     2900.550     2990.830     2991.230     2995.800
    65:     3081.260     3170.100     3170.220     3260.210     3352.670
    70:     3442.430     3446.480     3527.770     3618.520     3708.620
    75:     3796.870     3885.470     3973.140     3973.400     4066.480
    80:     4066.730     4158.210     4158.450     4162.010     4249.640
    85:     4251.770     4342.350     4435.790     4438.430     4439.640
    90:     4521.240     4611.310     4701.050     4701.560     4705.080
    95:     4789.220     4789.640     4792.960     4964.460     4968.550
   100:     4969.050     5059.850     5062.760     5063.600     5147.870
   105:     5238.850     5239.780     5325.220     5325.690     5417.300
   110:     5509.400     5513.350     5601.100     5688.180     5688.770
   115:     5783.670     5786.530     5868.840     5962.190     5962.480
   120:     6057.010     6161.710     6162.880     6164.240     6165.650
   125:     6239.170     6329.420     6333.510     6419.400     6419.650
   130:     6515.430     6602.190     6607.150     6691.010     6782.780
   135:     6783.370     6783.820     6870.100     6870.790     6871.110
   140:     6964.240     6967.760     6968.200     7053.520     7057.500
   145:     7147.870     7244.290     7245.520     7248.210     7327.950
   150:     7417.500     7420.350     7510.190     7510.470     7602.750
   155:     7606.600     7699.760     7701.170     7702.210     7782.050
   160:     7785.260     7786.550     7869.190     7869.640     7959.650
   165:     7963.390     8048.020     8137.620     8137.810     8226.160
   170:     8226.640     8229.570     8323.600     8325.320     8326.280
   175:     8327.840     8499.150     8589.110     8684.800     8688.910
   180:     8862.410
M:
     0:       10.000       12.000       12.000       13.000       14.000
     5:       17.000       12.000       15.000       16.000       14.000
    10:       12.000       15.000       14.000       14.000       12.000
    15:       14.000       15.000       14.000       16.000       10.000
    20:       15.000       14.000       16.000       17.000       15.000
    25:       14.000       18.000       12.000       14.000       16.000
    30:       11.000       13.000       13.000       14.000       15.000
    35:       18.000       13.000       16.000       17.000       15.000
    40:       13.000       16.000       15.000       15.000       13.000
    45:       15.000       16.000       15.000       17.000       11.000
    50:       16.000       15.000       17.000       18.000       16.000
    55:       15.000       19.000       13.000       15.000       17.000
    60:       12.000       14.000       14.000       15.000       16.000
    65:       19.000       14.000       17.000       18.000       16.000
    70:       14.000       17.000       16.000       16.000       14.000
    75:       16.000       17.000       16.000       18.000       12.000
    80:       17.000       16.000       18.000       19.000       17.000
    85:       16.000       20.000       14.000       16.000       19.000
    90:       13.000       14.000       13.000       19.000       13.000
    95:       15.000       14.000       13.000       14.000
P:
     0:       62.990       63.490       63.990      152.520      153.020
     5:      153.520      245.950      246.450      246.950      334.130
    10:      334.630      335.130      422.170      422.670      423.170
    15:      511.180      511.680      512.180      600.440      600.940
    20:      601.440      691.430      691.930      692.430      780.710
    25:      781.210      781.710      871.370      871.870      872.370
    30:      963.140      963.640      964.140     1054.370     1054.870
    35:     1055.370     1144.140     1144.640     1145.140     1233.280
    40:     1233.780     1234.280     1326.330     1326.830     1327.330
    45:     1418.780     1419.280     1419.780     1505.410     1505.910
    50:     1506.410     1595.170     1595.670     1596.170     1688.960
    55:     1689.460     1689.960     1773.780     1774.280     1774.780
    60:     1858.780     1859.280     1859.780     1947.610     1948.110
    65:     1948.610     2033.150     2033.650     2034.150     2120.580
    70:     2121.080     2121.580     2208.120     2208.620     2209.120
    75:     2299.960     2300.460     2300.960     2388.980     2389.480
    80:     2389.980     2475.730     2476.230     2476.730     2564.490
    85:     2564.990     2565.490     2654.540     2655.040     2655.540
    90:     2740.950     2741.450     2741.950     2830.200     2830.700
    95:     2831.200     2920.200     2920.700     2921.200     3010.830
   100:     3011.330     3011.830     3101.260     3101.760     3102.260
   105:     3190.100     3190.600     3191.100     3280.210     3280.710
   110:     3281.210     3372.670     3373.170     3373.670     3462.430
   115:     3462.930     3463.430     3547.770     3548.270     3548.770
   120:     3638.520     3639.020     3639.520     3728.620     3729.120
   125:     3729.620     3816.870     3817.370     3817.870     3905.470
   130:     3905.970     3906.470     3993.140     3993.640     3994.140
   135:     4086.480     4086.980     4087.480     4178.210     4178.710
   140:     4179.210     4269.640     4270.140     4270.640     4362.350
   145:     4362.850     4363.350     4455.790     4456.290     4456.790
   150:     4541.240     4541.740     4542.240     4631.310     4631.810
   155:     4632.310     4721.050     4721.550     4722.050     4809.220
   160:     4809.720     4810.220     4984.460     4984.960     4985.460
   165:     5079.850     5080.350     5080.850     5167.870     5168.370
   170:     5168.870     5258.850     5259.350     5259.850     5345.220
   175:     5345.720     5346.220     5437.300     5437.800     5438.300
   180:     5529.400     5529.900     5530.400     5621.100     5621.600
   185:     5622.100     5708.180     5708.680     5709.180     5803.670
   190:     5804.170     5804.670     5888.840     5889.340     5889.840
   195:     5982.190     5982.690     5983.190     6077.010     6077.510
   200:     6078.010     6181.710     6182.210     6182.710     6259.170
   205:     6259.670     6260.170     6349.420     6349.920     6350.420
   210:     6439.400     6439.900     6440.400     6535.430     6535.930
   215:     6536.430     6622.190     6622.690     6623.190     6711.010
   220:     6711.510     6712.010     6802.780     6803.280     6803.780
   225:     6890.100     6890.600     6891.100     6984.240     6984.740
   230:     6985.240     7073.520     7074.020     7074.520     7167.870
   235:     7168.370     7168.870     7264.290     7264.790     7265.290
   240:     7347.950     7348.450     7348.950     7437.500     7438.000
   245:     7438.500     7530.190     7530.690     7531.190     7622.750
   250:     7623.250     7623.750     7719.760     7720.260     7720.760
   255:     7802.050     7802.550     7803.050     7889.190     7889.690
   260:     7890.190     7979.650     7980.150     7980.650     8068.020
   265:     8068.520     8069.020     8157.620     8158.120     8158.620
   270:     8246.160     8246.660     8247.160     8343.600     8344.100
   275:     8344.600     8519.150     8519.650     8520.150     8609.110
   280:     8609.610     8610.110     8704.800     8705.300     8705.800
   285:     8882.410     8882.910     8883.410
R:
     0:       42.990      132.520      225.950      314.130      402.170
     5:      491.180      580.440      671.430      760.710      851.370
    10:      943.140     1034.370     1124.140     1213.280     1306.330
    15:     1398.780     1485.410     1575.170     1668.960     1753.780
    20:     1838.780     1927.610     2013.150     2100.580     2188.120
    25:     2279.960     2368.980     2455.730     2544.490     2634.540
    30:     2720.950     2810.200     2900.200     2990.830     3081.260
    35:     3170.100     3260.210     3352.670     3442.430     3527.770
    40:     3618.520     3708.620     3796.870     3885.470     3973.140
    45:     4066.480     4158.210     4249.640     4342.350     4435.790
    50:     4521.240     4611.310     4701.050     4789.220     4964.460
    55:     5059.850     5147.870     5238.850     5325.220     5417.300
    60:     5509.400     5601.100     5688.180     5783.670     5868.840
    65:     5962.190     6057.010     6161.710     6239.170     6329.420
    70:     6419.400     6515.430     6602.190     6691.010     6782.780
    75:     6870.100     6964.240     7053.520     7147.870     7244.290
    80:     7327.950     7417.500     7510.190     7602.750     7699.760
    85:     7782.050     7869.190     7959.650     8048.020     8137.620
    90:     8226.160     8323.600     8499.150     8589.110     8684.800
    95:     8862.410
V:
W:
     0:        1.000        1.000        1.000        1.000        1.000
     5:        1.000        1.000        1.000        1.000        1.000
    10:        1.000        1.000        1.000        1.000        1.000
    15:        1.000        1.000        1.000        1.000        1.000
    20:        1.000        1.000        1.000        1.000        1.000
    25:        1.000        1.000        1.000        1.000        1.000
    30:        1.000        1.000        1.000        1.000        1.000
    35:        1.000
X:
     0:       15.000       15.150      107.000      107.150      198.000
     5:      198.150      288.000      288.150      377.000      377.150
    10:      466.000      466.150      555.000      555.150      646.000
    15:      646.150      735.000      735.150      826.000      826.150
    20:      918.000      918.150     1009.000     1009.150     1099.000
    25:     1099.150     1188.000     1188.150     1281.000     1281.150
    30:     1373.000     1373.150     1460.000     1460.150     1550.000
    35:     1550.150     1643.000     1643.150     1728.000     1728.150
    40:     1813.000     1813.150     1901.000     1901.150     1988.000
    45:     1988.150     2075.000     2075.150     2163.000     2163.150
    50:     2253.000     2253.150     2343.000     2343.150     2430.000
    55:     2430.150     2519.000     2519.150     2609.000     2609.150
    60:     2695.000     2695.150     2785.000     2785.150     2875.000
    65:     2875.150     2965.000     2965.150     3056.000     3056.150
    70:     3145.000     3145.150     3235.000     3235.150     3327.000
    75:     3327.150     3414.000     3414.150     3502.000     3502.150
    80:     3592.000     3592.150     3680.000     3680.150     3771.000
    85:     3771.150     3859.000     3859.150     3948.000     3948.150
    90:     4041.000     4041.150     4133.000     4133.150     4224.000
    95:     4224.150     4313.000     4313.150     4404.000     4404.150
   100:     4495.000     4495.150     4586.000     4586.150     4675.000
   105:     4675.150     4764.000     4764.150     4853.000     4853.150
   110:     4939.000     4939.150     5030.000     5030.150     5122.000
   115:     5122.150     5213.000     5213.150     5300.000     5300.150
   120:     5391.000     5391.150     5484.000     5484.150     5571.000
   125:     5571.150     5663.000     5663.150     5754.000     5754.150
   130:     5843.000     5843.150     5937.000     5937.150     6031.000
   135:     6031.150     6123.000     6123.150     6214.000     6214.150
   140:     6303.000     6303.150     6394.000     6394.150     6488.000
   145:     6488.150     6576.000     6576.150     6665.000     6665.150
   150:     6753.000     6753.150     6845.000     6845.150     6939.000
   155:     6939.150     7027.000     7027.150     7122.000     7122.150
   160:     7215.000     7215.150     7302.000     7302.150     7392.000
   165:     7392.150     7485.000     7485.150     7577.000     7577.150
   170:     7667.000     7667.150     7755.000     7755.150     7844.000
   175:     7844.150     7934.000     7934.150     8022.000     8022.150
   180:     8112.000     8112.150     8201.000     8201.150     8293.000
   185:     8293.150     8382.000     8382.150     8472.000     8472.150
   190:     8563.000     8563.150     8652.000     8652.150     8746.000
   195:     8746.150     8837.000     8837.150     8925.000     8925.150
Y:
Z:
     0:        0.000       96.000      181.000        0.000        3.000
     5:        0.000      288.000      200.000        0.000        0.000
    10:        0.000     2508.000       80.000        0.000        0.000
    15:        0.000
