File: C:\MED-PC IV\Data\Tarun\RM-B12_RM036\postBaseplate\R11\S01_R11_FR1_20s_100trials


Start Date: 05/18/17
End Date: 05/18/17
Subject: 11
Experiment: 0
Group: 0
Box: 1
Start Time: 13:05:33
End Time: 16:59:54
MSN: MiniScope_FR1-3p_100trials_01182017
A:       0.000
E:       0.000
J:     101.000
N:       0.000
O:       0.000
Q:       0.000
S:       0.000
T:    9015.000
U:       0.000
B:
     0:        0.000       10.000       10.000       15.000       20.000
     5:       20.000       20.000       10.000       15.000      100.000
    10:        1.000        3.000       15.000        0.010        1.000
    15:        0.000        0.000        5.000       20.000        5.000
C:
     0:      100.000       38.000       72.000        1.000        2.055
     5:        0.000      114.000       38.000        2.000        2.055
    10:        0.000      536.000       77.000        0.000       15.020
    15:        1.000        0.000        0.000        0.000       20.000
    20:        1.000        0.000        0.000        0.000       20.000
    25:        1.000        0.000        0.000        0.000       15.000
    30:        2.000        0.000        0.000        0.000       20.000
    35:        2.000        0.000        0.000        0.000       20.000
    40:        2.000        6.000        0.000        0.000       15.000
    45:        3.000        0.000        0.000        0.000       20.000
    50:        3.000        0.000        0.000        0.000       20.000
    55:        3.000        0.000        0.000        0.000       16.000
    60:        4.000        0.000        0.000        0.000       20.000
    65:        4.000        0.000        0.000        0.000       20.000
    70:        4.000        0.000        0.000        0.000       17.000
    75:        5.000        0.000        0.000        0.000       20.000
    80:        5.000        0.000        0.000        0.000       20.000
    85:        5.000        0.000        0.000        0.000       14.000
    90:        6.000        0.000        0.000        0.000       20.000
    95:        6.000        0.000        0.000        0.000       20.000
   100:        6.000        0.000        0.000        0.000       16.000
   105:        7.000        0.000        0.000        0.000       20.000
   110:        7.000        0.000        0.000        0.000       20.000
   115:        7.000        0.000        0.000        0.000       18.000
   120:        8.000        0.000        0.000        0.000       20.000
   125:        8.000        0.000        0.000        0.000       20.000
   130:        8.000        0.000        0.000        0.000       13.000
   135:        9.000        1.000        1.000        0.000        7.570
   140:        9.000        3.000        1.000        0.000        7.570
   145:        9.000        3.000        4.000        0.000       12.000
   150:       10.000        1.000        1.000        0.000        7.490
   155:       10.000        3.000        1.000        0.000        7.490
   160:       10.000       16.000        0.000        0.000       12.000
   165:       11.000        1.000        1.000        0.000        1.550
   170:       11.000        3.000        1.000        0.000        1.550
   175:       11.000       20.000        0.000        0.000       16.000
   180:       12.000        1.000        1.000        0.000        0.760
   185:       12.000        3.000        1.000        0.000        0.760
   190:       12.000        6.000        0.000        0.000       10.000
   195:       13.000        1.000        3.000        0.000        0.150
   200:       13.000        3.000        1.000        0.000        0.150
   205:       13.000        3.000        0.000        0.000       15.000
   210:       14.000        0.000        0.000        0.000       20.000
   215:       14.000        0.000        0.000        0.000       20.000
   220:       14.000        0.000        0.000        0.000       15.000
   225:       15.000        1.000        2.000        0.000        0.450
   230:       15.000        3.000        1.000        0.000        0.450
   235:       15.000       15.000        0.000        0.000       12.000
   240:       16.000        0.000        0.000        0.000       20.000
   245:       16.000        0.000        0.000        0.000       20.000
   250:       16.000        3.000       10.000        0.000       11.000
   255:       17.000        1.000        2.000        0.000        9.510
   260:       17.000        3.000        1.000        0.000        9.510
   265:       17.000       14.000        5.000        0.000       17.000
   270:       18.000        1.000        1.000        0.000        0.500
   275:       18.000        3.000        1.000        2.000        0.500
   280:       18.000        9.000       10.000        0.000       15.000
   285:       19.000        1.000        2.000        0.000        1.160
   290:       19.000        3.000        1.000        0.000        1.160
   295:       19.000       43.000       34.000        0.000       14.000
   300:       20.000        1.000        2.000        0.000        0.690
   305:       20.000        3.000        1.000        0.000        0.690
   310:       20.000        9.000        0.000        0.000       14.000
   315:       21.000        1.000        2.000        1.000        0.520
   320:       21.000        3.000        1.000        0.000        0.520
   325:       21.000        3.000        0.000        0.000       16.000
   330:       22.000        1.000        1.000        0.000        2.060
   335:       22.000        3.000        1.000        0.000        2.060
   340:       22.000       15.000        1.000        0.000       14.000
   345:       23.000        1.000        4.000        0.000        2.780
   350:       23.000        3.000        1.000        0.000        2.780
   355:       23.000       17.000        0.000        0.000       14.000
   360:       24.000        1.000        2.000        0.000        0.310
   365:       24.000        3.000        1.000        0.000        0.310
   370:       24.000       23.000        1.000        0.000       16.000
   375:       25.000        1.000        3.000        0.000        0.450
   380:       25.000        3.000        1.000        0.000        0.450
   385:       25.000       17.000        0.000        0.000       15.000
   390:       26.000        1.000        4.000        0.000        1.920
   395:       26.000        3.000        1.000        0.000        1.920
   400:       26.000        3.000        0.000        0.000       16.000
   405:       27.000        1.000        3.000        0.000        0.110
   410:       27.000        3.000        1.000        0.000        0.110
   415:       27.000       12.000        0.000        0.000       17.000
   420:       28.000        1.000        1.000        0.000        1.010
   425:       28.000        3.000        1.000        0.000        1.010
   430:       28.000        6.000        0.000        0.000       19.000
   435:       29.000        1.000        1.000        0.000        2.810
   440:       29.000        3.000        1.000        0.000        2.810
   445:       29.000       15.000        0.000        0.000       17.000
   450:       30.000        0.000        0.000        0.000       20.000
   455:       30.000        0.000        0.000        0.000       20.000
   460:       30.000        0.000        0.000        0.000       12.000
   465:       31.000        0.000        0.000        0.000       20.000
   470:       31.000        0.000        0.000        0.000       20.000
   475:       31.000        0.000        0.000        0.000       14.000
   480:       32.000        1.000        1.000        0.000        0.290
   485:       32.000        3.000        1.000        0.000        0.290
   490:       32.000        8.000        0.000        0.000       17.000
   495:       33.000        1.000        2.000        0.000        0.420
   500:       33.000        3.000        1.000        0.000        0.420
   505:       33.000       21.000        0.000        0.000       13.000
   510:       34.000        1.000        1.000        0.000        1.740
   515:       34.000        3.000        1.000        0.000        1.740
   520:       34.000       12.000        0.000        0.000       19.000
   525:       35.000        1.000        3.000        0.000        0.460
   530:       35.000        3.000        1.000        0.000        0.460
   535:       35.000       21.000        0.000        0.000       16.000
   540:       36.000        1.000        1.000        0.000        0.710
   545:       36.000        3.000        1.000        0.000        0.710
   550:       36.000       25.000        0.000        0.000       16.000
   555:       37.000        1.000        1.000        0.000        2.060
   560:       37.000        3.000        1.000        0.000        2.060
   565:       37.000       11.000        0.000        0.000       16.000
   570:       38.000        1.000        1.000        0.000        2.420
   575:       38.000        3.000        1.000        0.000        2.420
   580:       38.000       16.000        0.000        0.000       15.000
   585:       39.000        0.000        0.000        0.000       20.000
   590:       39.000        0.000        0.000        0.000       20.000
   595:       39.000        0.000        0.000        0.000       15.000
   600:       40.000        1.000        1.000        0.000        1.930
   605:       40.000        3.000        1.000        0.000        1.930
   610:       40.000       17.000        0.000        0.000       15.000
   615:       41.000        1.000        3.000        0.000        0.480
   620:       41.000        3.000        1.000        0.000        0.480
   625:       41.000        4.000        1.000        0.000       13.000
   630:       42.000        1.000        2.000        0.000        0.390
   635:       42.000        3.000        1.000        0.000        0.390
   640:       42.000       23.000        0.000        0.000       18.000
   645:       43.000        1.000        3.000        0.000        1.270
   650:       43.000        3.000        1.000        0.000        1.270
   655:       43.000       15.000        4.000        0.000       16.000
   660:       44.000        1.000        1.000        0.000        2.740
   665:       44.000        3.000        1.000        0.000        2.740
   670:       44.000        6.000        0.000        0.000       15.000
   675:       45.000        1.000        2.000        0.000        5.890
   680:       45.000        3.000        1.000        0.000        5.890
   685:       45.000       12.000        1.000        0.000       16.000
   690:       46.000        1.000        1.000        0.000        2.560
   695:       46.000        3.000        1.000        0.000        2.560
   700:       46.000        5.000        3.000        0.000       14.000
   705:       47.000        1.000        1.000        0.000        2.840
   710:       47.000        3.000        1.000        0.000        2.840
   715:       47.000       21.000        0.000        0.000       14.000
   720:       48.000        0.000        0.000        0.000       20.000
   725:       48.000        0.000        0.000        0.000       20.000
   730:       48.000        0.000        0.000        0.000       14.000
   735:       49.000        1.000        4.000        0.000        3.310
   740:       49.000        3.000        1.000        0.000        3.310
   745:       49.000        7.000        0.000        0.000       17.000
   750:       50.000        1.000        4.000        0.000        2.080
   755:       50.000        3.000        1.000        0.000        2.080
   760:       50.000       14.000        0.000        0.000       12.000
   765:       51.000        0.000        0.000        0.000       20.000
   770:       51.000        0.000        0.000        0.000       20.000
   775:       51.000        0.000        0.000        0.000       16.000
   780:       52.000        0.000        0.000        0.000       20.000
   785:       52.000        0.000        0.000        0.000       20.000
   790:       52.000        0.000        0.000        0.000       19.000
   795:       53.000        0.000        0.000        0.000       20.000
   800:       53.000        0.000        0.000        0.000       20.000
   805:       53.000        0.000        0.000        0.000       15.000
   810:       54.000        1.000        1.000        0.000        0.850
   815:       54.000        3.000        1.000        0.000        0.850
   820:       54.000       20.000        0.000        0.000       17.000
   825:       55.000        1.000        2.000        0.000        3.860
   830:       55.000        3.000        1.000        0.000        3.860
   835:       55.000       20.000        0.000        0.000       14.000
   840:       56.000        0.000        0.000        0.000       20.000
   845:       56.000        0.000        0.000        0.000       20.000
   850:       56.000        0.000        0.000        0.000       16.000
   855:       57.000        0.000        0.000        0.000       20.000
   860:       57.000        0.000        0.000        0.000       20.000
   865:       57.000        0.000        0.000        0.000       12.000
   870:       58.000        0.000        0.000        0.000       20.000
   875:       58.000        0.000        0.000        0.000       20.000
   880:       58.000        0.000        0.000        0.000       16.000
   885:       59.000        0.000        0.000        0.000       20.000
   890:       59.000        0.000        0.000        0.000       20.000
   895:       59.000        0.000        0.000        0.000       14.000
   900:       60.000        0.000        0.000        0.000       20.000
   905:       60.000        0.000        0.000        0.000       20.000
   910:       60.000        0.000        0.000        0.000       13.000
   915:       61.000        0.000        0.000        0.000       20.000
   920:       61.000        0.000        0.000        0.000       20.000
   925:       61.000        0.000        0.000        0.000       13.000
   930:       62.000        0.000        0.000        0.000       20.000
   935:       62.000        0.000        0.000        0.000       20.000
   940:       62.000        0.000        0.000        0.000       17.000
   945:       63.000        0.000        0.000        0.000       20.000
   950:       63.000        0.000        0.000        0.000       20.000
   955:       63.000        0.000        0.000        0.000       16.000
   960:       64.000        0.000        0.000        0.000       20.000
   965:       64.000        0.000        0.000        0.000       20.000
   970:       64.000        0.000        0.000        0.000       18.000
   975:       65.000        0.000        0.000        0.000       20.000
   980:       65.000        0.000        0.000        0.000       20.000
   985:       65.000        0.000        0.000        0.000       13.000
   990:       66.000        0.000        0.000        0.000       20.000
   995:       66.000        0.000        0.000        0.000       20.000
  1000:       66.000        0.000        0.000        0.000       12.000
  1005:       67.000        0.000        0.000        0.000       20.000
  1010:       67.000        0.000        0.000        0.000       20.000
  1015:       67.000        0.000        0.000        0.000       14.000
  1020:       68.000        0.000        0.000        0.000       20.000
  1025:       68.000        0.000        0.000        0.000       20.000
  1030:       68.000        0.000        0.000        0.000       18.000
  1035:       69.000        0.000        0.000        0.000       20.000
  1040:       69.000        0.000        0.000        0.000       20.000
  1045:       69.000        0.000        0.000        0.000       13.000
  1050:       70.000        0.000        0.000        0.000       20.000
  1055:       70.000        0.000        0.000        0.000       20.000
  1060:       70.000        0.000        0.000        0.000       15.000
  1065:       71.000        0.000        0.000        0.000       20.000
  1070:       71.000        0.000        0.000        0.000       20.000
  1075:       71.000        0.000        0.000        0.000       19.000
  1080:       72.000        0.000        0.000        0.000       20.000
  1085:       72.000        0.000        0.000        0.000       20.000
  1090:       72.000        0.000        0.000        0.000       16.000
  1095:       73.000        0.000        0.000        0.000       20.000
  1100:       73.000        0.000        0.000        0.000       20.000
  1105:       73.000        0.000        0.000        0.000       10.000
  1110:       74.000        0.000        0.000        0.000       20.000
  1115:       74.000        0.000        0.000        0.000       20.000
  1120:       74.000        0.000        0.000        0.000       13.000
  1125:       75.000        0.000        0.000        0.000       20.000
  1130:       75.000        0.000        0.000        0.000       20.000
  1135:       75.000        0.000        0.000        0.000       17.000
  1140:       76.000        0.000        0.000        0.000       20.000
  1145:       76.000        0.000        0.000        0.000       20.000
  1150:       76.000        0.000        0.000        0.000       18.000
  1155:       77.000        0.000        0.000        0.000       20.000
  1160:       77.000        0.000        0.000        0.000       20.000
  1165:       77.000        0.000        0.000        0.000       15.000
  1170:       78.000        0.000        0.000        0.000       20.000
  1175:       78.000        0.000        0.000        0.000       20.000
  1180:       78.000        0.000        0.000        0.000       14.000
  1185:       79.000        0.000        0.000        0.000       20.000
  1190:       79.000        0.000        0.000        0.000       20.000
  1195:       79.000        0.000        0.000        0.000       14.000
  1200:       80.000        0.000        0.000        0.000       20.000
  1205:       80.000        0.000        0.000        0.000       20.000
  1210:       80.000        0.000        0.000        0.000       14.000
  1215:       81.000        0.000        0.000        0.000       20.000
  1220:       81.000        0.000        0.000        0.000       20.000
  1225:       81.000        0.000        0.000        0.000       17.000
  1230:       82.000        0.000        0.000        0.000       20.000
  1235:       82.000        0.000        0.000        0.000       20.000
  1240:       82.000        0.000        0.000        0.000       15.000
  1245:       83.000        0.000        0.000        0.000       20.000
  1250:       83.000        0.000        0.000        0.000       20.000
  1255:       83.000        0.000        0.000        0.000       14.000
  1260:       84.000        0.000        0.000        0.000       20.000
  1265:       84.000        0.000        0.000        0.000       20.000
  1270:       84.000        0.000        0.000        0.000       18.000
  1275:       85.000        0.000        0.000        0.000       20.000
  1280:       85.000        0.000        0.000        0.000       20.000
  1285:       85.000        0.000        0.000        0.000       19.000
  1290:       86.000        0.000        0.000        0.000       20.000
  1295:       86.000        0.000        0.000        0.000       20.000
  1300:       86.000        0.000        0.000        0.000       20.000
  1305:       87.000        0.000        0.000        0.000       20.000
  1310:       87.000        0.000        0.000        0.000       20.000
  1315:       87.000        0.000        0.000        0.000       13.000
  1320:       88.000        0.000        0.000        0.000       20.000
  1325:       88.000        0.000        0.000        0.000       20.000
  1330:       88.000        0.000        0.000        0.000       15.000
  1335:       89.000        0.000        0.000        0.000       20.000
  1340:       89.000        0.000        0.000        0.000       20.000
  1345:       89.000        0.000        0.000        0.000       12.000
  1350:       90.000        0.000        0.000        0.000       20.000
  1355:       90.000        0.000        0.000        0.000       20.000
  1360:       90.000        0.000        0.000        0.000       16.000
  1365:       91.000        0.000        0.000        0.000       20.000
  1370:       91.000        0.000        0.000        0.000       20.000
  1375:       91.000        0.000        0.000        0.000       14.000
  1380:       92.000        0.000        0.000        0.000       20.000
  1385:       92.000        0.000        0.000        0.000       20.000
  1390:       92.000        0.000        3.000        0.000       13.000
  1395:       93.000        0.000        0.000        0.000       20.000
  1400:       93.000        0.000        0.000        0.000       20.000
  1405:       93.000        0.000        0.000        0.000       14.000
  1410:       94.000        0.000        0.000        0.000       20.000
  1415:       94.000        0.000        0.000        0.000       20.000
  1420:       94.000        0.000        0.000        0.000       11.000
  1425:       95.000        0.000        0.000        0.000       20.000
  1430:       95.000        0.000        0.000        0.000       20.000
  1435:       95.000        0.000        0.000        0.000       16.000
  1440:       96.000        0.000        0.000        0.000       20.000
  1445:       96.000        0.000        0.000        0.000       20.000
  1450:       96.000        0.000        0.000        0.000       13.000
  1455:       97.000        0.000        0.000        0.000       20.000
  1460:       97.000        0.000        0.000        0.000       20.000
  1465:       97.000        0.000        0.000        0.000       14.000
  1470:       98.000        0.000        0.000        0.000       20.000
  1475:       98.000        0.000        0.000        0.000       20.000
  1480:       98.000        0.000        0.000        0.000       17.000
  1485:       99.000        0.000        0.000        0.000       20.000
  1490:       99.000        0.000        0.000        0.000       20.000
  1495:       99.000        0.000        0.000        0.000       15.000
  1500:      100.000        0.000        0.000        0.000       20.000
  1505:      100.000        0.000        0.000        0.000       20.000
  1510:      100.000        0.000        0.000        0.000       15.000
D:
     0:        0.000        0.000        0.000        0.000        0.000
     5:        0.000        0.000        0.000        0.000        0.000
    10:        0.000        0.000        0.000        0.000        0.000
    15:        1.000       15.000       90.000       40.000       60.000
    20:        1.000        0.000        0.000        0.000        0.000
    25:        1.000       25.000       80.000       15.000       15.150
    30:        2.000      105.000      180.000      130.000      150.000
    35:        2.000        0.000        0.000        0.000        0.000
    40:        2.000      115.000      170.000      105.000      105.150
    45:        3.000      195.000      270.000      220.000      240.000
    50:        3.000        0.000        0.000        0.000        0.000
    55:        3.000      205.000      260.000      195.000      195.150
    60:        4.000      286.000      361.000      311.000      331.000
    65:        4.000        0.000        0.000        0.000        0.000
    70:        4.000      296.000      351.000      286.000      286.150
    75:        5.000      378.000      453.000      403.000      423.000
    80:        5.000        0.000        0.000        0.000        0.000
    85:        5.000      388.000      443.000      378.000      378.150
    90:        6.000      467.000      542.000      492.000      512.000
    95:        6.000        0.000        0.000        0.000        0.000
   100:        6.000      477.000      532.000      467.000      467.150
   105:        7.000      558.000      633.000      583.000      603.000
   110:        7.000        0.000        0.000        0.000        0.000
   115:        7.000      568.000      623.000      558.000      558.150
   120:        8.000      651.000      726.000      676.000      696.000
   125:        8.000        0.000        0.000        0.000        0.000
   130:        8.000      661.000      716.000      651.000      651.150
   135:        9.000      739.000      814.000      764.000      776.570
   140:        9.000      791.570      792.570      771.570      791.570
   145:        9.000      749.000      804.000      739.000      739.150
   150:       10.000      826.000      901.000      851.000      863.490
   155:       10.000      878.490      879.490      858.490      878.490
   160:       10.000      836.000      891.000      826.000      826.150
   165:       11.000      913.000      988.000      938.000      944.550
   170:       11.000      959.550      960.550      939.550      959.550
   175:       11.000      923.000      978.000      913.000      913.150
   180:       12.000     1004.000     1079.000     1029.000     1034.760
   185:       12.000     1049.760     1050.760     1029.760     1049.760
   190:       12.000     1014.000     1069.000     1004.000     1004.150
   195:       13.000     1089.000     1164.000     1114.000     1119.150
   200:       13.000     1134.150     1135.150     1114.150     1134.150
   205:       13.000     1099.000     1154.000     1089.000     1089.150
   210:       14.000     1179.000     1254.000     1204.000     1224.000
   215:       14.000        0.000        0.000        0.000        0.000
   220:       14.000     1189.000     1244.000     1179.000     1179.150
   225:       15.000     1269.000     1344.000     1294.000     1299.450
   230:       15.000     1314.450     1315.450     1294.450     1314.450
   235:       15.000     1279.000     1334.000     1269.000     1269.150
   240:       16.000     1356.000     1431.000     1381.000     1401.000
   245:       16.000        0.000        0.000        0.000        0.000
   250:       16.000     1366.000     1421.000     1356.000     1356.150
   255:       17.000     1442.000     1517.000     1467.000     1481.510
   260:       17.000     1496.510     1497.510     1476.510     1496.510
   265:       17.000     1452.000     1507.000     1442.000     1442.150
   270:       18.000     1534.000     1609.000     1559.000     1564.500
   275:       18.000     1579.500     1580.500     1559.500     1579.500
   280:       18.000     1544.000     1599.000     1534.000     1534.150
   285:       19.000     1624.000     1699.000     1649.000     1655.160
   290:       19.000     1670.160     1671.160     1650.160     1670.160
   295:       19.000     1634.000     1689.000     1624.000     1624.150
   300:       20.000     1713.000     1788.000     1738.000     1743.690
   305:       20.000     1758.690     1759.690     1738.690     1758.690
   310:       20.000     1723.000     1778.000     1713.000     1713.150
   315:       21.000     1802.000     1877.000     1827.000     1832.520
   320:       21.000     1847.520     1848.520     1827.520     1847.520
   325:       21.000     1812.000     1867.000     1802.000     1802.150
   330:       22.000     1893.000     1968.000     1918.000     1925.060
   335:       22.000     1940.060     1941.060     1920.060     1940.060
   340:       22.000     1903.000     1958.000     1893.000     1893.150
   345:       23.000     1982.000     2057.000     2007.000     2014.780
   350:       23.000     2029.780     2030.780     2009.780     2029.780
   355:       23.000     1992.000     2047.000     1982.000     1982.150
   360:       24.000     2071.000     2146.000     2096.000     2101.310
   365:       24.000     2116.310     2117.310     2096.310     2116.310
   370:       24.000     2081.000     2136.000     2071.000     2071.150
   375:       25.000     2162.000     2237.000     2187.000     2192.450
   380:       25.000     2207.450     2208.450     2187.450     2207.450
   385:       25.000     2172.000     2227.000     2162.000     2162.150
   390:       26.000     2252.000     2327.000     2277.000     2283.920
   395:       26.000     2298.920     2299.920     2278.920     2298.920
   400:       26.000     2262.000     2317.000     2252.000     2252.150
   405:       27.000     2343.000     2418.000     2368.000     2373.110
   410:       27.000     2388.110     2389.110     2368.110     2388.110
   415:       27.000     2353.000     2408.000     2343.000     2343.150
   420:       28.000     2435.000     2510.000     2460.000     2466.010
   425:       28.000     2481.010     2482.010     2461.010     2481.010
   430:       28.000     2445.000     2500.000     2435.000     2435.150
   435:       29.000     2529.000     2604.000     2554.000     2561.810
   440:       29.000     2576.810     2577.810     2556.810     2576.810
   445:       29.000     2539.000     2594.000     2529.000     2529.150
   450:       30.000     2621.000     2696.000     2646.000     2666.000
   455:       30.000        0.000        0.000        0.000        0.000
   460:       30.000     2631.000     2686.000     2621.000     2621.150
   465:       31.000     2708.000     2783.000     2733.000     2753.000
   470:       31.000        0.000        0.000        0.000        0.000
   475:       31.000     2718.000     2773.000     2708.000     2708.150
   480:       32.000     2797.000     2872.000     2822.000     2827.290
   485:       32.000     2842.290     2843.290     2822.290     2842.290
   490:       32.000     2807.000     2862.000     2797.000     2797.150
   495:       33.000     2889.000     2964.000     2914.000     2919.420
   500:       33.000     2934.420     2935.420     2914.420     2934.420
   505:       33.000     2899.000     2954.000     2889.000     2889.150
   510:       34.000     2977.000     3052.000     3002.000     3008.740
   515:       34.000     3023.740     3024.740     3003.740     3023.740
   520:       34.000     2987.000     3042.000     2977.000     2977.150
   525:       35.000     3071.000     3146.000     3096.000     3101.460
   530:       35.000     3116.460     3117.460     3096.460     3116.460
   535:       35.000     3081.000     3136.000     3071.000     3071.150
   540:       36.000     3162.000     3237.000     3187.000     3192.710
   545:       36.000     3207.710     3208.710     3187.710     3207.710
   550:       36.000     3172.000     3227.000     3162.000     3162.150
   555:       37.000     3253.000     3328.000     3278.000     3285.060
   560:       37.000     3300.060     3301.060     3280.060     3300.060
   565:       37.000     3263.000     3318.000     3253.000     3253.150
   570:       38.000     3344.000     3419.000     3369.000     3376.420
   575:       38.000     3391.420     3392.420     3371.420     3391.420
   580:       38.000     3354.000     3409.000     3344.000     3344.150
   585:       39.000     3434.000     3509.000     3459.000     3479.000
   590:       39.000        0.000        0.000        0.000        0.000
   595:       39.000     3444.000     3499.000     3434.000     3434.150
   600:       40.000     3524.000     3599.000     3549.000     3555.930
   605:       40.000     3570.930     3571.930     3550.930     3570.930
   610:       40.000     3534.000     3589.000     3524.000     3524.150
   615:       41.000     3614.000     3689.000     3639.000     3644.480
   620:       41.000     3659.480     3660.480     3639.480     3659.480
   625:       41.000     3624.000     3679.000     3614.000     3614.150
   630:       42.000     3702.000     3777.000     3727.000     3732.390
   635:       42.000     3747.390     3748.390     3727.390     3747.390
   640:       42.000     3712.000     3767.000     3702.000     3702.150
   645:       43.000     3795.000     3870.000     3820.000     3826.270
   650:       43.000     3841.270     3842.270     3821.270     3841.270
   655:       43.000     3805.000     3860.000     3795.000     3795.150
   660:       44.000     3886.000     3961.000     3911.000     3918.740
   665:       44.000     3933.740     3934.740     3913.740     3933.740
   670:       44.000     3896.000     3951.000     3886.000     3886.150
   675:       45.000     3976.000     4051.000     4001.000     4011.890
   680:       45.000     4026.890     4027.890     4006.890     4026.890
   685:       45.000     3986.000     4041.000     3976.000     3976.150
   690:       46.000     4067.000     4142.000     4092.000     4099.560
   695:       46.000     4114.560     4115.560     4094.560     4114.560
   700:       46.000     4077.000     4132.000     4067.000     4067.150
   705:       47.000     4156.000     4231.000     4181.000     4188.840
   710:       47.000     4203.840     4204.840     4183.840     4203.840
   715:       47.000     4166.000     4221.000     4156.000     4156.150
   720:       48.000     4245.000     4320.000     4270.000     4290.000
   725:       48.000        0.000        0.000        0.000        0.000
   730:       48.000     4255.000     4310.000     4245.000     4245.150
   735:       49.000     4334.000     4409.000     4359.000     4367.310
   740:       49.000     4382.310     4383.310     4362.310     4382.310
   745:       49.000     4344.000     4399.000     4334.000     4334.150
   750:       50.000     4426.000     4501.000     4451.000     4458.080
   755:       50.000     4473.080     4474.080     4453.080     4473.080
   760:       50.000     4436.000     4491.000     4426.000     4426.150
   765:       51.000     4513.000     4588.000     4538.000     4558.000
   770:       51.000        0.000        0.000        0.000        0.000
   775:       51.000     4523.000     4578.000     4513.000     4513.150
   780:       52.000     4604.000     4679.000     4629.000     4649.000
   785:       52.000        0.000        0.000        0.000        0.000
   790:       52.000     4614.000     4669.000     4604.000     4604.150
   795:       53.000     4698.000     4773.000     4723.000     4743.000
   800:       53.000        0.000        0.000        0.000        0.000
   805:       53.000     4708.000     4763.000     4698.000     4698.150
   810:       54.000     4788.000     4863.000     4813.000     4818.850
   815:       54.000     4833.850     4834.850     4813.850     4833.850
   820:       54.000     4798.000     4853.000     4788.000     4788.150
   825:       55.000     4880.000     4955.000     4905.000     4913.860
   830:       55.000     4928.860     4929.860     4908.860     4928.860
   835:       55.000     4890.000     4945.000     4880.000     4880.150
   840:       56.000     4969.000     5044.000     4994.000     5014.000
   845:       56.000        0.000        0.000        0.000        0.000
   850:       56.000     4979.000     5034.000     4969.000     4969.150
   855:       57.000     5060.000     5135.000     5085.000     5105.000
   860:       57.000        0.000        0.000        0.000        0.000
   865:       57.000     5070.000     5125.000     5060.000     5060.150
   870:       58.000     5147.000     5222.000     5172.000     5192.000
   875:       58.000        0.000        0.000        0.000        0.000
   880:       58.000     5157.000     5212.000     5147.000     5147.150
   885:       59.000     5238.000     5313.000     5263.000     5283.000
   890:       59.000        0.000        0.000        0.000        0.000
   895:       59.000     5248.000     5303.000     5238.000     5238.150
   900:       60.000     5327.000     5402.000     5352.000     5372.000
   905:       60.000        0.000        0.000        0.000        0.000
   910:       60.000     5337.000     5392.000     5327.000     5327.150
   915:       61.000     5415.000     5490.000     5440.000     5460.000
   920:       61.000        0.000        0.000        0.000        0.000
   925:       61.000     5425.000     5480.000     5415.000     5415.150
   930:       62.000     5503.000     5578.000     5528.000     5548.000
   935:       62.000        0.000        0.000        0.000        0.000
   940:       62.000     5513.000     5568.000     5503.000     5503.150
   945:       63.000     5595.000     5670.000     5620.000     5640.000
   950:       63.000        0.000        0.000        0.000        0.000
   955:       63.000     5605.000     5660.000     5595.000     5595.150
   960:       64.000     5686.000     5761.000     5711.000     5731.000
   965:       64.000        0.000        0.000        0.000        0.000
   970:       64.000     5696.000     5751.000     5686.000     5686.150
   975:       65.000     5779.000     5854.000     5804.000     5824.000
   980:       65.000        0.000        0.000        0.000        0.000
   985:       65.000     5789.000     5844.000     5779.000     5779.150
   990:       66.000     5867.000     5942.000     5892.000     5912.000
   995:       66.000        0.000        0.000        0.000        0.000
  1000:       66.000     5877.000     5932.000     5867.000     5867.150
  1005:       67.000     5954.000     6029.000     5979.000     5999.000
  1010:       67.000        0.000        0.000        0.000        0.000
  1015:       67.000     5964.000     6019.000     5954.000     5954.150
  1020:       68.000     6043.000     6118.000     6068.000     6088.000
  1025:       68.000        0.000        0.000        0.000        0.000
  1030:       68.000     6053.000     6108.000     6043.000     6043.150
  1035:       69.000     6136.000     6211.000     6161.000     6181.000
  1040:       69.000        0.000        0.000        0.000        0.000
  1045:       69.000     6146.000     6201.000     6136.000     6136.150
  1050:       70.000     6224.000     6299.000     6249.000     6269.000
  1055:       70.000        0.000        0.000        0.000        0.000
  1060:       70.000     6234.000     6289.000     6224.000     6224.150
  1065:       71.000     6314.000     6389.000     6339.000     6359.000
  1070:       71.000        0.000        0.000        0.000        0.000
  1075:       71.000     6324.000     6379.000     6314.000     6314.150
  1080:       72.000     6408.000     6483.000     6433.000     6453.000
  1085:       72.000        0.000        0.000        0.000        0.000
  1090:       72.000     6418.000     6473.000     6408.000     6408.150
  1095:       73.000     6499.000     6574.000     6524.000     6544.000
  1100:       73.000        0.000        0.000        0.000        0.000
  1105:       73.000     6509.000     6564.000     6499.000     6499.150
  1110:       74.000     6584.000     6659.000     6609.000     6629.000
  1115:       74.000        0.000        0.000        0.000        0.000
  1120:       74.000     6594.000     6649.000     6584.000     6584.150
  1125:       75.000     6672.000     6747.000     6697.000     6717.000
  1130:       75.000        0.000        0.000        0.000        0.000
  1135:       75.000     6682.000     6737.000     6672.000     6672.150
  1140:       76.000     6764.000     6839.000     6789.000     6809.000
  1145:       76.000        0.000        0.000        0.000        0.000
  1150:       76.000     6774.000     6829.000     6764.000     6764.150
  1155:       77.000     6857.000     6932.000     6882.000     6902.000
  1160:       77.000        0.000        0.000        0.000        0.000
  1165:       77.000     6867.000     6922.000     6857.000     6857.150
  1170:       78.000     6947.000     7022.000     6972.000     6992.000
  1175:       78.000        0.000        0.000        0.000        0.000
  1180:       78.000     6957.000     7012.000     6947.000     6947.150
  1185:       79.000     7036.000     7111.000     7061.000     7081.000
  1190:       79.000        0.000        0.000        0.000        0.000
  1195:       79.000     7046.000     7101.000     7036.000     7036.150
  1200:       80.000     7125.000     7200.000     7150.000     7170.000
  1205:       80.000        0.000        0.000        0.000        0.000
  1210:       80.000     7135.000     7190.000     7125.000     7125.150
  1215:       81.000     7214.000     7289.000     7239.000     7259.000
  1220:       81.000        0.000        0.000        0.000        0.000
  1225:       81.000     7224.000     7279.000     7214.000     7214.150
  1230:       82.000     7306.000     7381.000     7331.000     7351.000
  1235:       82.000        0.000        0.000        0.000        0.000
  1240:       82.000     7316.000     7371.000     7306.000     7306.150
  1245:       83.000     7396.000     7471.000     7421.000     7441.000
  1250:       83.000        0.000        0.000        0.000        0.000
  1255:       83.000     7406.000     7461.000     7396.000     7396.150
  1260:       84.000     7485.000     7560.000     7510.000     7530.000
  1265:       84.000        0.000        0.000        0.000        0.000
  1270:       84.000     7495.000     7550.000     7485.000     7485.150
  1275:       85.000     7578.000     7653.000     7603.000     7623.000
  1280:       85.000        0.000        0.000        0.000        0.000
  1285:       85.000     7588.000     7643.000     7578.000     7578.150
  1290:       86.000     7672.000     7747.000     7697.000     7717.000
  1295:       86.000        0.000        0.000        0.000        0.000
  1300:       86.000     7682.000     7737.000     7672.000     7672.150
  1305:       87.000     7767.000     7842.000     7792.000     7812.000
  1310:       87.000        0.000        0.000        0.000        0.000
  1315:       87.000     7777.000     7832.000     7767.000     7767.150
  1320:       88.000     7855.000     7930.000     7880.000     7900.000
  1325:       88.000        0.000        0.000        0.000        0.000
  1330:       88.000     7865.000     7920.000     7855.000     7855.150
  1335:       89.000     7945.000     8020.000     7970.000     7990.000
  1340:       89.000        0.000        0.000        0.000        0.000
  1345:       89.000     7955.000     8010.000     7945.000     7945.150
  1350:       90.000     8032.000     8107.000     8057.000     8077.000
  1355:       90.000        0.000        0.000        0.000        0.000
  1360:       90.000     8042.000     8097.000     8032.000     8032.150
  1365:       91.000     8123.000     8198.000     8148.000     8168.000
  1370:       91.000        0.000        0.000        0.000        0.000
  1375:       91.000     8133.000     8188.000     8123.000     8123.150
  1380:       92.000     8212.000     8287.000     8237.000     8257.000
  1385:       92.000        0.000        0.000        0.000        0.000
  1390:       92.000     8222.000     8277.000     8212.000     8212.150
  1395:       93.000     8300.000     8375.000     8325.000     8345.000
  1400:       93.000        0.000        0.000        0.000        0.000
  1405:       93.000     8310.000     8365.000     8300.000     8300.150
  1410:       94.000     8389.000     8464.000     8414.000     8434.000
  1415:       94.000        0.000        0.000        0.000        0.000
  1420:       94.000     8399.000     8454.000     8389.000     8389.150
  1425:       95.000     8475.000     8550.000     8500.000     8520.000
  1430:       95.000        0.000        0.000        0.000        0.000
  1435:       95.000     8485.000     8540.000     8475.000     8475.150
  1440:       96.000     8566.000     8641.000     8591.000     8611.000
  1445:       96.000        0.000        0.000        0.000        0.000
  1450:       96.000     8576.000     8631.000     8566.000     8566.150
  1455:       97.000     8654.000     8729.000     8679.000     8699.000
  1460:       97.000        0.000        0.000        0.000        0.000
  1465:       97.000     8664.000     8719.000     8654.000     8654.150
  1470:       98.000     8743.000     8818.000     8768.000     8788.000
  1475:       98.000        0.000        0.000        0.000        0.000
  1480:       98.000     8753.000     8808.000     8743.000     8743.150
  1485:       99.000     8835.000     8910.000     8860.000     8880.000
  1490:       99.000        0.000        0.000        0.000        0.000
  1495:       99.000     8845.000     8900.000     8835.000     8835.150
  1500:      100.000     8925.000     9000.000     8950.000     8970.000
  1505:      100.000        0.000        0.000        0.000        0.000
  1510:      100.000     8935.000     8990.000     8925.000     8925.150
F:
     0:      139.550      139.650      139.740      140.000      140.660
     5:      144.250      789.690      791.920      794.260      839.200
    10:      845.040      870.230      873.050      873.190      873.550
    15:      874.530      874.920      874.940      875.030      875.080
    20:      876.220      877.570      877.880      878.910      879.000
    25:      948.970      950.550      951.010      951.810      955.410
    30:      955.910      957.700      957.900      958.010      958.090
    35:      958.170      958.320      958.570      958.720      958.770
    40:      958.850      959.030      959.290      959.780      959.950
    45:     1024.870     1024.910     1042.980     1044.720     1047.060
    50:     1050.320     1127.530     1135.640     1144.480     1301.140
    55:     1306.580     1306.780     1307.450     1307.970     1308.730
    60:     1310.160     1310.180     1311.170     1311.300     1311.420
    65:     1313.960     1314.180     1314.250     1315.020     1412.330
    70:     1412.390     1412.500     1484.700     1486.350     1486.590
    75:     1489.630     1490.860     1491.710     1493.610     1495.380
    80:     1496.340     1496.390     1496.890     1499.940     1500.410
    85:     1503.420     1552.250     1552.370     1557.650     1558.530
    90:     1571.950     1579.620     1579.730     1591.110     1597.890
    95:     1634.350     1634.370     1634.660     1635.020     1635.120
   100:     1635.340     1635.450     1636.280     1636.570     1637.030
   105:     1637.170     1637.370     1637.420     1637.600     1637.700
   110:     1638.170     1638.320     1638.470     1639.510     1639.610
   115:     1639.680     1639.720     1639.960     1640.670     1640.850
   120:     1641.020     1641.450     1641.750     1641.840     1642.250
   125:     1643.740     1643.980     1644.470     1645.020     1657.910
   130:     1664.330     1664.510     1664.540     1666.910     1667.240
   135:     1669.640     1669.710     1670.340     1745.360     1751.030
   140:     1755.050     1758.060     1758.660     1758.700     1759.050
   145:     1761.530     1761.960     1842.860     1847.120     1847.700
   150:     1903.610     1903.790     1906.100     1906.250     1907.860
   155:     1908.110     1909.070     1930.740     1934.010     1937.610
   160:     1939.800     1940.230     1943.900     1948.000     1948.060
   165:     2017.290     2019.210     2019.300     2020.500     2020.560
   170:     2021.650     2023.460     2023.490     2025.600     2026.260
   175:     2026.590     2026.950     2028.540     2029.230     2029.840
   180:     2030.080     2030.130     2089.800     2094.220     2094.680
   185:     2094.850     2102.800     2103.860     2104.580     2105.520
   190:     2106.210     2109.930     2110.980     2113.000     2113.120
   195:     2113.650     2113.930     2113.980     2114.180     2114.220
   200:     2114.300     2114.420     2116.710     2120.310     2122.590
   205:     2196.120     2196.640     2197.810     2198.430     2198.670
   210:     2200.150     2201.260     2201.550     2201.600     2203.420
   215:     2204.500     2206.650     2206.800     2206.950     2207.920
   220:     2212.090     2212.230     2296.630     2298.230     2299.320
   225:     2364.920     2366.570     2376.130     2377.410     2377.440
   230:     2379.100     2382.750     2383.170     2383.340     2384.490
   235:     2387.520     2388.570     2471.690     2476.060     2479.350
   240:     2481.430     2485.910     2485.950     2564.250     2566.460
   245:     2566.670     2569.710     2571.070     2571.680     2571.840
   250:     2572.680     2572.740     2573.290     2574.240     2575.620
   255:     2575.840     2575.880     2577.240     2818.350     2829.420
   260:     2832.530     2832.800     2834.650     2834.790     2842.710
   265:     2845.720     2906.800     2906.870     2912.620     2913.970
   270:     2921.950     2922.790     2923.190     2924.960     2924.970
   275:     2927.010     2929.960     2933.170     2933.750     2933.850
   280:     2933.900     2934.220     2934.250     2934.590     2934.790
   285:     2936.770     2938.400     3010.190     3010.200     3011.720
   290:     3013.060     3016.230     3016.560     3022.990     3023.170
   295:     3024.170     3028.600     3038.600     3038.680     3088.660
   300:     3089.210     3093.340     3094.870     3104.470     3107.170
   305:     3109.560     3109.570     3110.420     3112.210     3114.180
   310:     3114.420     3114.700     3114.800     3114.890     3115.460
   315:     3116.860     3116.880     3116.990     3118.940     3120.650
   320:     3186.120     3194.350     3197.220     3197.340     3197.580
   325:     3199.730     3199.940     3201.310     3203.060     3203.380
   330:     3203.510     3203.640     3203.680     3203.880     3204.020
   335:     3204.620     3204.740     3204.810     3204.890     3205.050
   340:     3205.120     3206.950     3207.060     3208.130     3210.890
   345:     3287.300     3291.400     3293.670     3293.920     3294.380
   350:     3296.710     3297.130     3297.200     3297.250     3300.430
   355:     3306.730     3377.760     3379.150     3381.080     3381.560
   360:     3387.140     3387.580     3388.000     3388.170     3388.200
   365:     3390.070     3390.170     3390.620     3390.800     3391.070
   370:     3391.980     3395.330     3559.300     3560.680     3560.880
   375:     3562.640     3563.080     3563.270     3563.640     3566.020
   380:     3567.590     3567.830     3567.950     3568.960     3571.030
   385:     3571.090     3571.130     3571.180     3575.360     3646.170
   390:     3649.440     3651.670     3660.300     3720.650     3733.630
   395:     3736.090     3736.380     3741.490     3741.640     3741.780
   400:     3741.870     3743.140     3743.260     3743.300     3743.470
   405:     3743.770     3743.880     3744.060     3744.220     3746.570
   410:     3746.770     3746.840     3746.970     3747.110     3747.200
   415:     3747.770     3829.070     3830.670     3831.710     3834.890
   420:     3835.120     3835.580     3838.750     3839.000     3839.950
   425:     3841.530     3841.700     3847.880     3850.370     3850.560
   430:     3852.790     3921.200     3922.900     3929.300     3929.460
   435:     3930.490     3934.090     4012.990     4013.380     4020.640
   440:     4020.770     4022.850     4025.940     4026.410     4026.530
   445:     4026.560     4026.820     4026.850     4027.280     4106.550
   450:     4109.700     4112.640     4112.890     4114.920     4190.370
   455:     4191.740     4194.900     4195.230     4197.340     4197.840
   460:     4198.070     4198.100     4199.860     4199.970     4200.130
   465:     4201.950     4202.050     4202.340     4202.390     4202.450
   470:     4203.340     4203.630     4203.740     4203.860     4207.550
   475:     4371.310     4372.870     4376.600     4377.180     4379.850
   480:     4380.310     4382.520     4461.810     4463.010     4463.750
   485:     4464.150     4464.570     4467.360     4467.490     4467.690
   490:     4469.150     4470.340     4470.490     4472.820     4473.210
   495:     4475.580     4812.210     4812.270     4820.060     4820.310
   500:     4822.520     4823.050     4824.220     4824.500     4824.780
   505:     4825.060     4828.140     4828.460     4828.490     4830.520
   510:     4830.650     4831.080     4833.240     4833.290     4833.370
   515:     4833.570     4919.040     4919.100     4919.570     4919.580
   520:     4923.860     4924.170     4924.320     4924.450     4924.970
   525:     4927.580     4927.690     4928.020     4928.900     4928.910
   530:     4929.300     4932.450     4932.740     4933.860     4937.420
   535:     4937.970
G:
     0:      810.420      810.740      811.720      811.880     1424.160
     5:     1425.560     1426.200     1426.540     1426.550     1426.840
    10:     1427.220     1429.550     1430.020     1430.940     1431.470
    15:     1431.990     1432.320     1436.920     1442.590     1602.020
    20:     1602.090     1602.410     1605.110     1605.440     1605.630
    25:     1605.640     1607.560     1607.620     1607.790     1609.520
    30:     1609.560     1609.850     1617.240     1617.450     1617.510
    35:     1617.890     1617.970     1620.330     1620.380     1621.160
    40:     1622.110     1624.080     1624.260     1624.430     1624.910
    45:     1626.480     1626.550     1626.840     1628.300     1628.360
    50:     1628.510     1628.630     1629.480     1629.500     1629.570
    55:     1629.780     1630.200     1630.550     1630.630     1630.840
    60:     1632.230     1632.280     1632.410     1898.760     2064.050
    65:     3686.110     3792.540     3793.350     3793.460     3793.590
    70:     4050.980     4051.030     4051.190     4051.420     8277.310
    75:     8277.340     8277.890
H:
     0:     1518.030     1518.530
I:
     0:     1862.910
K:
L:
     0:      771.570      858.490      939.550     1029.760     1114.150
     5:     1114.810     1116.010     1294.450     1295.800     1476.510
    10:     1478.080     1559.500     1650.160     1651.450     1738.690
    15:     1739.830     1827.520     1828.490     1920.060     2009.780
    20:     2010.770     2012.100     2012.520     2096.310     2097.620
    25:     2187.450     2188.290     2188.520     2278.920     2279.910
    30:     2280.750     2282.840     2368.110     2368.480     2369.350
    35:     2461.010     2556.810     2822.290     2914.420     2916.530
    40:     3003.740     3096.460     3097.020     3098.000     3187.710
    45:     3280.060     3371.420     3550.930     3639.480     3640.510
    50:     3643.000     3727.390     3728.290     3821.270     3822.630
    55:     3822.820     3913.740     4006.890     4008.010     4094.560
    60:     4183.840     4362.310     4364.490     4366.640     4367.140
    65:     4453.080     4454.090     4454.460     4456.490     4813.850
    70:     4908.860     4913.090
M:
     0:       10.000       12.000       12.000       13.000       14.000
     5:       17.000       12.000       15.000       16.000       14.000
    10:       12.000       15.000       14.000       14.000       12.000
    15:       14.000       15.000       14.000       16.000       10.000
    20:       15.000       14.000       16.000       17.000       15.000
    25:       14.000       18.000       12.000       14.000       16.000
    30:       11.000       13.000       13.000       14.000       15.000
    35:       18.000       13.000       16.000       17.000       15.000
    40:       13.000       16.000       15.000       15.000       13.000
    45:       15.000       16.000       15.000       17.000       11.000
    50:       16.000       15.000       17.000       18.000       16.000
    55:       15.000       19.000       13.000       15.000       17.000
    60:       12.000       14.000       14.000       15.000       16.000
    65:       19.000       14.000       17.000       18.000       16.000
    70:       14.000       17.000       16.000       16.000       14.000
    75:       16.000       17.000       16.000       18.000       12.000
    80:       17.000       16.000       18.000       19.000       17.000
    85:       16.000       20.000       14.000       16.000       19.000
    90:       13.000       14.000       13.000       19.000       13.000
    95:       15.000       14.000       13.000       14.000
P:
     0:      791.570      792.070      792.570      878.490      878.990
     5:      879.490      959.550      960.050      960.550     1049.760
    10:     1050.260     1050.760     1134.150     1134.650     1135.150
    15:     1314.450     1314.950     1315.450     1496.510     1497.010
    20:     1497.510     1579.500     1580.000     1580.500     1670.160
    25:     1670.660     1671.160     1758.690     1759.190     1759.690
    30:     1847.520     1848.020     1848.520     1940.060     1940.560
    35:     1941.060     2029.780     2030.280     2030.780     2116.310
    40:     2116.810     2117.310     2207.450     2207.950     2208.450
    45:     2298.920     2299.420     2299.920     2388.110     2388.610
    50:     2389.110     2481.010     2481.510     2482.010     2576.810
    55:     2577.310     2577.810     2842.290     2842.790     2843.290
    60:     2934.420     2934.920     2935.420     3023.740     3024.240
    65:     3024.740     3116.460     3116.960     3117.460     3207.710
    70:     3208.210     3208.710     3300.060     3300.560     3301.060
    75:     3391.420     3391.920     3392.420     3570.930     3571.430
    80:     3571.930     3659.480     3659.980     3660.480     3747.390
    85:     3747.890     3748.390     3841.270     3841.770     3842.270
    90:     3933.740     3934.240     3934.740     4026.890     4027.390
    95:     4027.890     4114.560     4115.060     4115.560     4203.840
   100:     4204.340     4204.840     4382.310     4382.810     4383.310
   105:     4473.080     4473.580     4474.080     4833.850     4834.350
   110:     4834.850     4928.860     4929.360     4929.860
R:
     0:      771.570      858.490      939.550     1029.760     1114.150
     5:     1294.450     1476.510     1559.500     1650.160     1738.690
    10:     1827.520     1920.060     2009.780     2096.310     2187.450
    15:     2278.920     2368.110     2461.010     2556.810     2822.290
    20:     2914.420     3003.740     3096.460     3187.710     3280.060
    25:     3371.420     3550.930     3639.480     3727.390     3821.270
    30:     3913.740     4006.890     4094.560     4183.840     4362.310
    35:     4453.080     4813.850     4908.860
V:
W:
     0:        1.000        1.000        1.000        1.000        1.000
     5:        1.000        1.000        1.000        1.000        1.000
    10:        1.000        1.000        1.000        1.000        1.000
    15:        1.000        1.000        1.000        1.000        1.000
    20:        1.000        1.000        1.000        1.000        1.000
    25:        1.000        1.000        1.000        1.000        1.000
    30:        1.000        1.000        1.000        1.000        1.000
    35:        1.000
X:
     0:       15.000       15.150      105.000      105.150      195.000
     5:      195.150      286.000      286.150      378.000      378.150
    10:      467.000      467.150      558.000      558.150      651.000
    15:      651.150      739.000      739.150      826.000      826.150
    20:      913.000      913.150     1004.000     1004.150     1089.000
    25:     1089.150     1179.000     1179.150     1269.000     1269.150
    30:     1356.000     1356.150     1442.000     1442.150     1534.000
    35:     1534.150     1624.000     1624.150     1713.000     1713.150
    40:     1802.000     1802.150     1893.000     1893.150     1982.000
    45:     1982.150     2071.000     2071.150     2162.000     2162.150
    50:     2252.000     2252.150     2343.000     2343.150     2435.000
    55:     2435.150     2529.000     2529.150     2621.000     2621.150
    60:     2708.000     2708.150     2797.000     2797.150     2889.000
    65:     2889.150     2977.000     2977.150     3071.000     3071.150
    70:     3162.000     3162.150     3253.000     3253.150     3344.000
    75:     3344.150     3434.000     3434.150     3524.000     3524.150
    80:     3614.000     3614.150     3702.000     3702.150     3795.000
    85:     3795.150     3886.000     3886.150     3976.000     3976.150
    90:     4067.000     4067.150     4156.000     4156.150     4245.000
    95:     4245.150     4334.000     4334.150     4426.000     4426.150
   100:     4513.000     4513.150     4604.000     4604.150     4698.000
   105:     4698.150     4788.000     4788.150     4880.000     4880.150
   110:     4969.000     4969.150     5060.000     5060.150     5147.000
   115:     5147.150     5238.000     5238.150     5327.000     5327.150
   120:     5415.000     5415.150     5503.000     5503.150     5595.000
   125:     5595.150     5686.000     5686.150     5779.000     5779.150
   130:     5867.000     5867.150     5954.000     5954.150     6043.000
   135:     6043.150     6136.000     6136.150     6224.000     6224.150
   140:     6314.000     6314.150     6408.000     6408.150     6499.000
   145:     6499.150     6584.000     6584.150     6672.000     6672.150
   150:     6764.000     6764.150     6857.000     6857.150     6947.000
   155:     6947.150     7036.000     7036.150     7125.000     7125.150
   160:     7214.000     7214.150     7306.000     7306.150     7396.000
   165:     7396.150     7485.000     7485.150     7578.000     7578.150
   170:     7672.000     7672.150     7767.000     7767.150     7855.000
   175:     7855.150     7945.000     7945.150     8032.000     8032.150
   180:     8123.000     8123.150     8212.000     8212.150     8300.000
   185:     8300.150     8389.000     8389.150     8475.000     8475.150
   190:     8566.000     8566.150     8654.000     8654.150     8743.000
   195:     8743.150     8835.000     8835.150     8925.000     8925.150
Y:
Z:
     0:        0.000       38.000       72.000        1.000        2.000
     5:        0.000      114.000      200.000        0.000        0.000
    10:        0.000      536.000       77.000        0.000        0.000
    15:        0.000
