File: C:\MED-PC IV\Data\Tarun\RM-B12_RM036\postBaseplate\R11\S02_R11_FR1_20s_100trials


Start Date: 05/20/17
End Date: 05/20/17
Subject: 11
Experiment: 0
Group: 0
Box: 1
Start Time: 10:37:08
End Time: 13:07:54
MSN: MiniScope_FR1-3p_100trials_01182017
A:       0.000
E:       0.000
J:     101.000
N:       0.000
O:       0.000
Q:       0.000
S:       0.000
T:    9011.000
U:       0.000
B:
     0:        0.000       10.000       10.000       15.000       20.000
     5:       20.000       20.000       10.000       11.000      100.000
    10:        1.000        3.000       15.000        0.010        1.000
    15:        0.000        0.000        5.000       20.000        5.000
C:
     0:      100.000       74.000      193.000        0.000        2.534
     5:        0.000      222.000       74.000        0.000        2.534
    10:        0.000     1056.000      112.000        0.000       15.020
    15:        1.000        0.000        0.000        0.000       20.000
    20:        1.000        0.000        0.000        0.000       20.000
    25:        1.000        0.000        0.000        0.000       12.000
    30:        2.000        0.000        0.000        0.000       20.000
    35:        2.000        0.000        0.000        0.000       20.000
    40:        2.000        4.000        2.000        0.000       16.000
    45:        3.000        1.000        4.000        0.000        1.640
    50:        3.000        3.000        1.000        0.000        1.640
    55:        3.000        6.000        0.000        0.000       16.000
    60:        4.000        1.000        5.000        0.000        2.750
    65:        4.000        3.000        1.000        0.000        2.750
    70:        4.000       13.000        0.000        0.000       16.000
    75:        5.000        1.000        2.000        0.000        0.540
    80:        5.000        3.000        1.000        0.000        0.540
    85:        5.000       10.000        8.000        0.000       16.000
    90:        6.000        1.000        5.000        0.000        0.300
    95:        6.000        3.000        1.000        0.000        0.300
   100:        6.000        3.000        1.000        0.000       18.000
   105:        7.000        1.000        2.000        0.000        0.750
   110:        7.000        3.000        1.000        0.000        0.750
   115:        7.000        2.000        1.000        0.000       12.000
   120:        8.000        1.000        3.000        0.000        0.500
   125:        8.000        3.000        1.000        0.000        0.500
   130:        8.000       14.000        0.000        0.000       18.000
   135:        9.000        1.000        3.000        0.000        0.510
   140:        9.000        3.000        1.000        0.000        0.510
   145:        9.000        4.000        3.000        0.000       15.000
   150:       10.000        1.000        3.000        0.000        0.130
   155:       10.000        3.000        1.000        0.000        0.130
   160:       10.000        5.000        1.000        0.000       18.000
   165:       11.000        1.000        3.000        0.000        0.410
   170:       11.000        3.000        1.000        0.000        0.410
   175:       11.000        9.000        2.000        0.000       17.000
   180:       12.000        1.000        2.000        0.000        0.420
   185:       12.000        3.000        1.000        0.000        0.420
   190:       12.000       12.000        0.000        0.000       14.000
   195:       13.000        1.000        1.000        0.000        0.510
   200:       13.000        3.000        1.000        0.000        0.510
   205:       13.000        8.000        1.000        0.000       16.000
   210:       14.000        1.000        3.000        0.000        2.530
   215:       14.000        3.000        1.000        0.000        2.530
   220:       14.000        2.000        0.000        0.000       14.000
   225:       15.000        1.000        2.000        0.000        0.890
   230:       15.000        3.000        1.000        0.000        0.890
   235:       15.000       10.000        0.000        0.000       16.000
   240:       16.000        1.000        2.000        0.000        0.460
   245:       16.000        3.000        1.000        0.000        0.460
   250:       16.000       22.000        3.000        0.000       12.000
   255:       17.000        1.000        2.000        0.000        0.450
   260:       17.000        3.000        1.000        0.000        0.450
   265:       17.000        4.000        0.000        0.000       16.000
   270:       18.000        1.000        1.000        0.000        0.300
   275:       18.000        3.000        1.000        0.000        0.300
   280:       18.000       23.000        0.000        0.000       12.000
   285:       19.000        1.000        3.000        0.000        0.480
   290:       19.000        3.000        1.000        0.000        0.480
   295:       19.000       18.000        0.000        0.000       16.000
   300:       20.000        1.000        3.000        0.000        0.410
   305:       20.000        3.000        1.000        0.000        0.410
   310:       20.000       21.000        2.000        0.000       13.000
   315:       21.000        1.000        1.000        0.000        0.390
   320:       21.000        3.000        1.000        0.000        0.390
   325:       21.000       30.000        0.000        0.000       18.000
   330:       22.000        1.000        2.000        0.000        0.310
   335:       22.000        3.000        1.000        0.000        0.310
   340:       22.000        7.000        0.000        0.000       18.000
   345:       23.000        1.000        2.000        0.000        1.090
   350:       23.000        3.000        1.000        0.000        1.090
   355:       23.000       10.000        0.000        0.000       13.000
   360:       24.000        1.000        2.000        0.000        0.410
   365:       24.000        3.000        1.000        0.000        0.410
   370:       24.000       37.000        0.000        0.000       17.000
   375:       25.000        1.000        1.000        0.000        0.680
   380:       25.000        3.000        1.000        0.000        0.680
   385:       25.000        5.000        0.000        0.000       15.000
   390:       26.000        1.000        1.000        0.000        2.640
   395:       26.000        3.000        1.000        0.000        2.640
   400:       26.000       17.000        0.000        0.000       15.000
   405:       27.000        1.000        1.000        0.000        2.590
   410:       27.000        3.000        1.000        0.000        2.590
   415:       27.000       17.000        0.000        0.000       15.000
   420:       28.000        1.000        2.000        0.000        0.280
   425:       28.000        3.000        1.000        0.000        0.280
   430:       28.000        2.000        0.000        0.000       20.000
   435:       29.000        1.000        2.000        0.000        3.110
   440:       29.000        3.000        1.000        0.000        3.110
   445:       29.000       27.000        0.000        0.000       15.000
   450:       30.000        1.000        4.000        0.000        2.740
   455:       30.000        3.000        1.000        0.000        2.740
   460:       30.000       22.000        0.000        0.000       15.000
   465:       31.000        1.000        2.000        0.000        0.110
   470:       31.000        3.000        1.000        0.000        0.110
   475:       31.000       11.000        0.000        0.000       14.000
   480:       32.000        1.000        4.000        0.000        1.860
   485:       32.000        3.000        1.000        0.000        1.860
   490:       32.000       19.000        0.000        0.000       17.000
   495:       33.000        1.000        3.000        0.000        0.670
   500:       33.000        3.000        1.000        0.000        0.670
   505:       33.000       15.000        0.000        0.000       16.000
   510:       34.000        1.000        3.000        0.000        1.130
   515:       34.000        3.000        1.000        0.000        1.130
   520:       34.000       13.000        0.000        0.000       11.000
   525:       35.000        1.000        1.000        0.000        1.540
   530:       35.000        3.000        1.000        0.000        1.540
   535:       35.000       26.000        0.000        0.000       19.000
   540:       36.000        1.000        3.000        0.000        0.210
   545:       36.000        3.000        1.000        0.000        0.210
   550:       36.000       22.000        0.000        0.000       19.000
   555:       37.000        1.000        1.000        0.000        0.400
   560:       37.000        3.000        1.000        0.000        0.400
   565:       37.000       23.000        0.000        0.000       14.000
   570:       38.000        1.000        3.000        0.000        0.830
   575:       38.000        3.000        1.000        0.000        0.830
   580:       38.000       36.000        0.000        0.000       19.000
   585:       39.000        1.000        3.000        0.000        0.480
   590:       39.000        3.000        1.000        0.000        0.480
   595:       39.000       20.000        1.000        0.000       19.000
   600:       40.000        1.000        3.000        0.000        0.520
   605:       40.000        3.000        1.000        0.000        0.520
   610:       40.000       17.000        0.000        0.000       13.000
   615:       41.000        1.000        1.000        0.000       10.850
   620:       41.000        3.000        1.000        0.000       10.850
   625:       41.000        8.000        0.000        0.000       14.000
   630:       42.000        1.000        1.000        0.000        3.950
   635:       42.000        3.000        1.000        0.000        3.950
   640:       42.000        8.000        0.000        0.000       16.000
   645:       43.000        0.000        0.000        0.000       20.000
   650:       43.000        0.000        0.000        0.000       20.000
   655:       43.000        4.000       12.000        0.000       15.000
   660:       44.000        1.000        4.000        0.000        0.510
   665:       44.000        3.000        1.000        0.000        0.510
   670:       44.000       15.000       12.000        0.000       16.000
   675:       45.000        1.000        2.000        0.000        2.210
   680:       45.000        3.000        1.000        0.000        2.210
   685:       45.000       19.000        0.000        0.000       17.000
   690:       46.000        1.000        4.000        0.000        0.180
   695:       46.000        3.000        1.000        0.000        0.180
   700:       46.000        6.000        0.000        0.000       16.000
   705:       47.000        1.000        1.000        0.000        2.660
   710:       47.000        3.000        1.000        0.000        2.660
   715:       47.000       10.000        0.000        0.000       15.000
   720:       48.000        1.000        2.000        0.000        6.210
   725:       48.000        3.000        1.000        0.000        6.210
   730:       48.000       13.000        0.000        0.000       12.000
   735:       49.000        0.000        0.000        0.000       20.000
   740:       49.000        0.000        0.000        0.000       20.000
   745:       49.000        0.000        1.000        0.000       15.000
   750:       50.000        1.000        1.000        0.000        0.850
   755:       50.000        3.000        1.000        0.000        0.850
   760:       50.000        9.000        0.000        0.000       17.000
   765:       51.000        1.000        3.000        0.000        3.620
   770:       51.000        3.000        1.000        0.000        3.620
   775:       51.000       15.000        0.000        0.000       14.000
   780:       52.000        1.000        3.000        0.000        6.050
   785:       52.000        3.000        1.000        0.000        6.050
   790:       52.000       16.000        0.000        0.000       12.000
   795:       53.000        0.000        0.000        0.000       20.000
   800:       53.000        0.000        0.000        0.000       20.000
   805:       53.000       10.000       17.000        0.000       15.000
   810:       54.000        1.000        3.000        0.000       13.530
   815:       54.000        3.000        1.000        0.000       13.530
   820:       54.000       20.000       10.000        0.000       16.000
   825:       55.000        0.000        0.000        0.000       20.000
   830:       55.000        0.000        0.000        0.000       20.000
   835:       55.000        0.000        0.000        0.000       14.000
   840:       56.000        0.000        0.000        0.000       20.000
   845:       56.000        0.000        0.000        0.000       20.000
   850:       56.000        0.000        0.000        0.000       16.000
   855:       57.000        0.000        0.000        0.000       20.000
   860:       57.000        0.000        0.000        0.000       20.000
   865:       57.000        0.000        0.000        0.000       15.000
   870:       58.000        0.000        0.000        0.000       20.000
   875:       58.000        0.000        0.000        0.000       20.000
   880:       58.000        0.000        0.000        0.000       13.000
   885:       59.000        0.000        0.000        0.000       20.000
   890:       59.000        0.000        0.000        0.000       20.000
   895:       59.000        0.000       16.000        0.000       17.000
   900:       60.000        1.000        6.000        0.000        3.320
   905:       60.000        3.000        1.000        0.000        3.320
   910:       60.000        4.000        8.000        0.000       10.000
   915:       61.000        1.000        3.000        0.000        0.590
   920:       61.000        3.000        1.000        0.000        0.590
   925:       61.000       20.000        0.000        0.000       10.000
   930:       62.000        1.000        2.000        0.000        5.090
   935:       62.000        3.000        1.000        0.000        5.090
   940:       62.000        8.000        0.000        0.000       14.000
   945:       63.000        1.000        1.000        0.000        0.490
   950:       63.000        3.000        1.000        0.000        0.490
   955:       63.000       18.000        0.000        0.000       13.000
   960:       64.000        1.000        2.000        0.000        4.040
   965:       64.000        3.000        1.000        0.000        4.040
   970:       64.000       19.000        0.000        0.000       14.000
   975:       65.000        0.000        0.000        0.000       20.000
   980:       65.000        0.000        0.000        0.000       20.000
   985:       65.000        3.000        7.000        0.000       15.000
   990:       66.000        1.000        1.000        0.000        1.690
   995:       66.000        3.000        1.000        0.000        1.690
  1000:       66.000       17.000        3.000        0.000       15.000
  1005:       67.000        1.000        2.000        0.000        0.400
  1010:       67.000        3.000        1.000        0.000        0.400
  1015:       67.000        4.000        1.000        0.000       13.000
  1020:       68.000        1.000        2.000        0.000        0.690
  1025:       68.000        3.000        1.000        0.000        0.690
  1030:       68.000       21.000        0.000        0.000       14.000
  1035:       69.000        1.000        5.000        0.000       10.210
  1040:       69.000        3.000        1.000        0.000       10.210
  1045:       69.000       13.000        0.000        0.000       15.000
  1050:       70.000        1.000        7.000        0.000        5.370
  1055:       70.000        3.000        1.000        0.000        5.370
  1060:       70.000       12.000        0.000        0.000       15.000
  1065:       71.000        0.000        0.000        0.000       20.000
  1070:       71.000        0.000        0.000        0.000       20.000
  1075:       71.000        0.000        0.000        0.000       13.000
  1080:       72.000        0.000        0.000        0.000       20.000
  1085:       72.000        0.000        0.000        0.000       20.000
  1090:       72.000        0.000        0.000        0.000       14.000
  1095:       73.000        0.000        0.000        0.000       20.000
  1100:       73.000        0.000        0.000        0.000       20.000
  1105:       73.000        0.000        0.000        0.000       17.000
  1110:       74.000        0.000        0.000        0.000       20.000
  1115:       74.000        0.000        0.000        0.000       20.000
  1120:       74.000        0.000        0.000        0.000       14.000
  1125:       75.000        0.000        0.000        0.000       20.000
  1130:       75.000        0.000        0.000        0.000       20.000
  1135:       75.000        0.000        0.000        0.000       18.000
  1140:       76.000        0.000        0.000        0.000       20.000
  1145:       76.000        0.000        0.000        0.000       20.000
  1150:       76.000        0.000        0.000        0.000       17.000
  1155:       77.000        0.000        0.000        0.000       20.000
  1160:       77.000        0.000        0.000        0.000       20.000
  1165:       77.000        0.000        0.000        0.000       16.000
  1170:       78.000        0.000        0.000        0.000       20.000
  1175:       78.000        0.000        0.000        0.000       20.000
  1180:       78.000        0.000        0.000        0.000       16.000
  1185:       79.000        0.000        0.000        0.000       20.000
  1190:       79.000        0.000        0.000        0.000       20.000
  1195:       79.000        0.000        0.000        0.000       17.000
  1200:       80.000        0.000        0.000        0.000       20.000
  1205:       80.000        0.000        0.000        0.000       20.000
  1210:       80.000        0.000        0.000        0.000       16.000
  1215:       81.000        0.000        0.000        0.000       20.000
  1220:       81.000        0.000        0.000        0.000       20.000
  1225:       81.000        0.000        0.000        0.000       14.000
  1230:       82.000        0.000        0.000        0.000       20.000
  1235:       82.000        0.000        0.000        0.000       20.000
  1240:       82.000        0.000        0.000        0.000       13.000
  1245:       83.000        0.000        0.000        0.000       20.000
  1250:       83.000        0.000        0.000        0.000       20.000
  1255:       83.000        0.000        0.000        0.000       19.000
  1260:       84.000        0.000        0.000        0.000       20.000
  1265:       84.000        0.000        0.000        0.000       20.000
  1270:       84.000        0.000        0.000        0.000       14.000
  1275:       85.000        0.000        0.000        0.000       20.000
  1280:       85.000        0.000        0.000        0.000       20.000
  1285:       85.000        0.000        0.000        0.000       13.000
  1290:       86.000        1.000        1.000        0.000        4.490
  1295:       86.000        3.000        1.000        0.000        4.490
  1300:       86.000        9.000        0.000        0.000       12.000
  1305:       87.000        1.000        5.000        0.000        2.550
  1310:       87.000        3.000        1.000        0.000        2.550
  1315:       87.000       12.000        0.000        0.000       13.000
  1320:       88.000        1.000        2.000        0.000        0.620
  1325:       88.000        3.000        1.000        0.000        0.620
  1330:       88.000       13.000        0.000        0.000       14.000
  1335:       89.000        1.000        2.000        0.000        0.450
  1340:       89.000        3.000        1.000        0.000        0.450
  1345:       89.000       16.000        0.000        0.000       13.000
  1350:       90.000        1.000        2.000        0.000       15.740
  1355:       90.000        3.000        1.000        0.000       15.740
  1360:       90.000        7.000        0.000        0.000       14.000
  1365:       91.000        1.000        4.000        0.000        9.040
  1370:       91.000        3.000        1.000        0.000        9.040
  1375:       91.000       23.000        0.000        0.000       14.000
  1380:       92.000        1.000        3.000        0.000        0.560
  1385:       92.000        3.000        1.000        0.000        0.560
  1390:       92.000        2.000        0.000        0.000       12.000
  1395:       93.000        1.000        4.000        0.000       18.590
  1400:       93.000        3.000        1.000        0.000       18.590
  1405:       93.000       19.000        0.000        0.000       17.000
  1410:       94.000        1.000        4.000        0.000        3.610
  1415:       94.000        3.000        1.000        0.000        3.610
  1420:       94.000       15.000        0.000        0.000       11.000
  1425:       95.000        1.000        4.000        0.000        0.230
  1430:       95.000        3.000        1.000        0.000        0.230
  1435:       95.000       25.000        0.000        0.000       16.000
  1440:       96.000        1.000        2.000        0.000        0.500
  1445:       96.000        3.000        1.000        0.000        0.500
  1450:       96.000       16.000        0.000        0.000       14.000
  1455:       97.000        1.000        1.000        0.000        0.430
  1460:       97.000        3.000        1.000        0.000        0.430
  1465:       97.000       13.000        0.000        0.000       15.000
  1470:       98.000        1.000        2.000        0.000        5.590
  1475:       98.000        3.000        1.000        0.000        5.590
  1480:       98.000        5.000        0.000        0.000       14.000
  1485:       99.000        1.000        3.000        0.000        0.650
  1490:       99.000        3.000        1.000        0.000        0.650
  1495:       99.000        9.000        0.000        0.000       17.000
  1500:      100.000        1.000        5.000        0.000        5.970
  1505:      100.000        3.000        1.000        0.000        5.970
  1510:      100.000       14.000        0.000        0.000       11.000
D:
     0:        0.000        0.000        0.000        0.000        0.000
     5:        0.000        0.000        0.000        0.000        0.000
    10:        0.000        0.000        0.000        0.000        0.000
    15:        1.000       15.000       90.000       40.000       60.000
    20:        1.000        0.000        0.000        0.000        0.000
    25:        1.000       25.000       80.000       15.000       15.150
    30:        2.000      102.000      177.000      127.000      147.000
    35:        2.000        0.000        0.000        0.000        0.000
    40:        2.000      112.000      167.000      102.000      102.150
    45:        3.000      193.000      268.000      218.000      224.640
    50:        3.000      239.640      240.640      219.640      239.640
    55:        3.000      203.000      258.000      193.000      193.150
    60:        4.000      284.000      359.000      309.000      316.750
    65:        4.000      331.750      332.750      311.750      331.750
    70:        4.000      294.000      349.000      284.000      284.150
    75:        5.000      375.000      450.000      400.000      405.540
    80:        5.000      420.540      421.540      400.540      420.540
    85:        5.000      385.000      440.000      375.000      375.150
    90:        6.000      466.000      541.000      491.000      496.300
    95:        6.000      511.300      512.300      491.300      511.300
   100:        6.000      476.000      531.000      466.000      466.150
   105:        7.000      559.000      634.000      584.000      589.750
   110:        7.000      604.750      605.750      584.750      604.750
   115:        7.000      569.000      624.000      559.000      559.150
   120:        8.000      646.000      721.000      671.000      676.500
   125:        8.000      691.500      692.500      671.500      691.500
   130:        8.000      656.000      711.000      646.000      646.150
   135:        9.000      739.000      814.000      764.000      769.510
   140:        9.000      784.510      785.510      764.510      784.510
   145:        9.000      749.000      804.000      739.000      739.150
   150:       10.000      829.000      904.000      854.000      859.130
   155:       10.000      874.130      875.130      854.130      874.130
   160:       10.000      839.000      894.000      829.000      829.150
   165:       11.000      922.000      997.000      947.000      952.410
   170:       11.000      967.410      968.410      947.410      967.410
   175:       11.000      932.000      987.000      922.000      922.150
   180:       12.000     1014.000     1089.000     1039.000     1044.420
   185:       12.000     1059.420     1060.420     1039.420     1059.420
   190:       12.000     1024.000     1079.000     1014.000     1014.150
   195:       13.000     1103.000     1178.000     1128.000     1133.510
   200:       13.000     1148.510     1149.510     1128.510     1148.510
   205:       13.000     1113.000     1168.000     1103.000     1103.150
   210:       14.000     1194.000     1269.000     1219.000     1226.530
   215:       14.000     1241.530     1242.530     1221.530     1241.530
   220:       14.000     1204.000     1259.000     1194.000     1194.150
   225:       15.000     1283.000     1358.000     1308.000     1313.890
   230:       15.000     1328.890     1329.890     1308.890     1328.890
   235:       15.000     1293.000     1348.000     1283.000     1283.150
   240:       16.000     1374.000     1449.000     1399.000     1404.460
   245:       16.000     1419.460     1420.460     1399.460     1419.460
   250:       16.000     1384.000     1439.000     1374.000     1374.150
   255:       17.000     1461.000     1536.000     1486.000     1491.450
   260:       17.000     1506.450     1507.450     1486.450     1506.450
   265:       17.000     1471.000     1526.000     1461.000     1461.150
   270:       18.000     1552.000     1627.000     1577.000     1582.300
   275:       18.000     1597.300     1598.300     1577.300     1597.300
   280:       18.000     1562.000     1617.000     1552.000     1552.150
   285:       19.000     1639.000     1714.000     1664.000     1669.480
   290:       19.000     1684.480     1685.480     1664.480     1684.480
   295:       19.000     1649.000     1704.000     1639.000     1639.150
   300:       20.000     1730.000     1805.000     1755.000     1760.410
   305:       20.000     1775.410     1776.410     1755.410     1775.410
   310:       20.000     1740.000     1795.000     1730.000     1730.150
   315:       21.000     1818.000     1893.000     1843.000     1848.390
   320:       21.000     1863.390     1864.390     1843.390     1863.390
   325:       21.000     1828.000     1883.000     1818.000     1818.150
   330:       22.000     1911.000     1986.000     1936.000     1941.310
   335:       22.000     1956.310     1957.310     1936.310     1956.310
   340:       22.000     1921.000     1976.000     1911.000     1911.150
   345:       23.000     2004.000     2079.000     2029.000     2035.090
   350:       23.000     2050.090     2051.090     2030.090     2050.090
   355:       23.000     2014.000     2069.000     2004.000     2004.150
   360:       24.000     2092.000     2167.000     2117.000     2122.410
   365:       24.000     2137.410     2138.410     2117.410     2137.410
   370:       24.000     2102.000     2157.000     2092.000     2092.150
   375:       25.000     2184.000     2259.000     2209.000     2214.680
   380:       25.000     2229.680     2230.680     2209.680     2229.680
   385:       25.000     2194.000     2249.000     2184.000     2184.150
   390:       26.000     2274.000     2349.000     2299.000     2306.640
   395:       26.000     2321.640     2322.640     2301.640     2321.640
   400:       26.000     2284.000     2339.000     2274.000     2274.150
   405:       27.000     2364.000     2439.000     2389.000     2396.590
   410:       27.000     2411.590     2412.590     2391.590     2411.590
   415:       27.000     2374.000     2429.000     2364.000     2364.150
   420:       28.000     2454.000     2529.000     2479.000     2484.280
   425:       28.000     2499.280     2500.280     2479.280     2499.280
   430:       28.000     2464.000     2519.000     2454.000     2454.150
   435:       29.000     2549.000     2624.000     2574.000     2582.110
   440:       29.000     2597.110     2598.110     2577.110     2597.110
   445:       29.000     2559.000     2614.000     2549.000     2549.150
   450:       30.000     2639.000     2714.000     2664.000     2671.740
   455:       30.000     2686.740     2687.740     2666.740     2686.740
   460:       30.000     2649.000     2704.000     2639.000     2639.150
   465:       31.000     2729.000     2804.000     2754.000     2759.110
   470:       31.000     2774.110     2775.110     2754.110     2774.110
   475:       31.000     2739.000     2794.000     2729.000     2729.150
   480:       32.000     2818.000     2893.000     2843.000     2849.860
   485:       32.000     2864.860     2865.860     2844.860     2864.860
   490:       32.000     2828.000     2883.000     2818.000     2818.150
   495:       33.000     2910.000     2985.000     2935.000     2940.670
   500:       33.000     2955.670     2956.670     2935.670     2955.670
   505:       33.000     2920.000     2975.000     2910.000     2910.150
   510:       34.000     3001.000     3076.000     3026.000     3032.130
   515:       34.000     3047.130     3048.130     3027.130     3047.130
   520:       34.000     3011.000     3066.000     3001.000     3001.150
   525:       35.000     3087.000     3162.000     3112.000     3118.540
   530:       35.000     3133.540     3134.540     3113.540     3133.540
   535:       35.000     3097.000     3152.000     3087.000     3087.150
   540:       36.000     3181.000     3256.000     3206.000     3211.210
   545:       36.000     3226.210     3227.210     3206.210     3226.210
   550:       36.000     3191.000     3246.000     3181.000     3181.150
   555:       37.000     3275.000     3350.000     3300.000     3305.400
   560:       37.000     3320.400     3321.400     3300.400     3320.400
   565:       37.000     3285.000     3340.000     3275.000     3275.150
   570:       38.000     3364.000     3439.000     3389.000     3394.830
   575:       38.000     3409.830     3410.830     3389.830     3409.830
   580:       38.000     3374.000     3429.000     3364.000     3364.150
   585:       39.000     3458.000     3533.000     3483.000     3488.480
   590:       39.000     3503.480     3504.480     3483.480     3503.480
   595:       39.000     3468.000     3523.000     3458.000     3458.150
   600:       40.000     3552.000     3627.000     3577.000     3582.520
   605:       40.000     3597.520     3598.520     3577.520     3597.520
   610:       40.000     3562.000     3617.000     3552.000     3552.150
   615:       41.000     3640.000     3715.000     3665.000     3680.850
   620:       41.000     3695.850     3696.850     3675.850     3695.850
   625:       41.000     3650.000     3705.000     3640.000     3640.150
   630:       42.000     3729.000     3804.000     3754.000     3762.950
   635:       42.000     3777.950     3778.950     3757.950     3777.950
   640:       42.000     3739.000     3794.000     3729.000     3729.150
   645:       43.000     3820.000     3895.000     3845.000     3865.000
   650:       43.000        0.000        0.000        0.000        0.000
   655:       43.000     3830.000     3885.000     3820.000     3820.150
   660:       44.000     3910.000     3985.000     3935.000     3940.510
   665:       44.000     3955.510     3956.510     3935.510     3955.510
   670:       44.000     3920.000     3975.000     3910.000     3910.150
   675:       45.000     4001.000     4076.000     4026.000     4033.210
   680:       45.000     4048.210     4049.210     4028.210     4048.210
   685:       45.000     4011.000     4066.000     4001.000     4001.150
   690:       46.000     4093.000     4168.000     4118.000     4123.180
   695:       46.000     4138.180     4139.180     4118.180     4138.180
   700:       46.000     4103.000     4158.000     4093.000     4093.150
   705:       47.000     4184.000     4259.000     4209.000     4216.660
   710:       47.000     4231.660     4232.660     4211.660     4231.660
   715:       47.000     4194.000     4249.000     4184.000     4184.150
   720:       48.000     4274.000     4349.000     4299.000     4310.210
   725:       48.000     4325.210     4326.210     4305.210     4325.210
   730:       48.000     4284.000     4339.000     4274.000     4274.150
   735:       49.000     4361.000     4436.000     4386.000     4406.000
   740:       49.000        0.000        0.000        0.000        0.000
   745:       49.000     4371.000     4426.000     4361.000     4361.150
   750:       50.000     4451.000     4526.000     4476.000     4481.850
   755:       50.000     4496.850     4497.850     4476.850     4496.850
   760:       50.000     4461.000     4516.000     4451.000     4451.150
   765:       51.000     4543.000     4618.000     4568.000     4576.620
   770:       51.000     4591.620     4592.620     4571.620     4591.620
   775:       51.000     4553.000     4608.000     4543.000     4543.150
   780:       52.000     4632.000     4707.000     4657.000     4668.050
   785:       52.000     4683.050     4684.050     4663.050     4683.050
   790:       52.000     4642.000     4697.000     4632.000     4632.150
   795:       53.000     4719.000     4794.000     4744.000     4764.000
   800:       53.000        0.000        0.000        0.000        0.000
   805:       53.000     4729.000     4784.000     4719.000     4719.150
   810:       54.000     4809.000     4884.000     4834.000     4852.530
   815:       54.000     4867.530     4868.530     4847.530     4867.530
   820:       54.000     4819.000     4874.000     4809.000     4809.150
   825:       55.000     4900.000     4975.000     4925.000     4945.000
   830:       55.000        0.000        0.000        0.000        0.000
   835:       55.000     4910.000     4965.000     4900.000     4900.150
   840:       56.000     4989.000     5064.000     5014.000     5034.000
   845:       56.000        0.000        0.000        0.000        0.000
   850:       56.000     4999.000     5054.000     4989.000     4989.150
   855:       57.000     5080.000     5155.000     5105.000     5125.000
   860:       57.000        0.000        0.000        0.000        0.000
   865:       57.000     5090.000     5145.000     5080.000     5080.150
   870:       58.000     5170.000     5245.000     5195.000     5215.000
   875:       58.000        0.000        0.000        0.000        0.000
   880:       58.000     5180.000     5235.000     5170.000     5170.150
   885:       59.000     5258.000     5333.000     5283.000     5303.000
   890:       59.000        0.000        0.000        0.000        0.000
   895:       59.000     5268.000     5323.000     5258.000     5258.150
   900:       60.000     5350.000     5425.000     5375.000     5383.320
   905:       60.000     5398.320     5399.320     5378.320     5398.320
   910:       60.000     5360.000     5415.000     5350.000     5350.150
   915:       61.000     5435.000     5510.000     5460.000     5465.590
   920:       61.000     5480.590     5481.590     5460.590     5480.590
   925:       61.000     5445.000     5500.000     5435.000     5435.150
   930:       62.000     5520.000     5595.000     5545.000     5555.090
   935:       62.000     5570.090     5571.090     5550.090     5570.090
   940:       62.000     5530.000     5585.000     5520.000     5520.150
   945:       63.000     5609.000     5684.000     5634.000     5639.490
   950:       63.000     5654.490     5655.490     5634.490     5654.490
   955:       63.000     5619.000     5674.000     5609.000     5609.150
   960:       64.000     5697.000     5772.000     5722.000     5731.040
   965:       64.000     5746.040     5747.040     5726.040     5746.040
   970:       64.000     5707.000     5762.000     5697.000     5697.150
   975:       65.000     5786.000     5861.000     5811.000     5831.000
   980:       65.000        0.000        0.000        0.000        0.000
   985:       65.000     5796.000     5851.000     5786.000     5786.150
   990:       66.000     5876.000     5951.000     5901.000     5907.690
   995:       66.000     5922.690     5923.690     5902.690     5922.690
  1000:       66.000     5886.000     5941.000     5876.000     5876.150
  1005:       67.000     5966.000     6041.000     5991.000     5996.400
  1010:       67.000     6011.400     6012.400     5991.400     6011.400
  1015:       67.000     5976.000     6031.000     5966.000     5966.150
  1020:       68.000     6054.000     6129.000     6079.000     6084.690
  1025:       68.000     6099.690     6100.690     6079.690     6099.690
  1030:       68.000     6064.000     6119.000     6054.000     6054.150
  1035:       69.000     6143.000     6218.000     6168.000     6183.210
  1040:       69.000     6198.210     6199.210     6178.210     6198.210
  1045:       69.000     6153.000     6208.000     6143.000     6143.150
  1050:       70.000     6233.000     6308.000     6258.000     6268.370
  1055:       70.000     6283.370     6284.370     6263.370     6283.370
  1060:       70.000     6243.000     6298.000     6233.000     6233.150
  1065:       71.000     6323.000     6398.000     6348.000     6368.000
  1070:       71.000        0.000        0.000        0.000        0.000
  1075:       71.000     6333.000     6388.000     6323.000     6323.150
  1080:       72.000     6411.000     6486.000     6436.000     6456.000
  1085:       72.000        0.000        0.000        0.000        0.000
  1090:       72.000     6421.000     6476.000     6411.000     6411.150
  1095:       73.000     6500.000     6575.000     6525.000     6545.000
  1100:       73.000        0.000        0.000        0.000        0.000
  1105:       73.000     6510.000     6565.000     6500.000     6500.150
  1110:       74.000     6592.000     6667.000     6617.000     6637.000
  1115:       74.000        0.000        0.000        0.000        0.000
  1120:       74.000     6602.000     6657.000     6592.000     6592.150
  1125:       75.000     6681.000     6756.000     6706.000     6726.000
  1130:       75.000        0.000        0.000        0.000        0.000
  1135:       75.000     6691.000     6746.000     6681.000     6681.150
  1140:       76.000     6774.000     6849.000     6799.000     6819.000
  1145:       76.000        0.000        0.000        0.000        0.000
  1150:       76.000     6784.000     6839.000     6774.000     6774.150
  1155:       77.000     6866.000     6941.000     6891.000     6911.000
  1160:       77.000        0.000        0.000        0.000        0.000
  1165:       77.000     6876.000     6931.000     6866.000     6866.150
  1170:       78.000     6957.000     7032.000     6982.000     7002.000
  1175:       78.000        0.000        0.000        0.000        0.000
  1180:       78.000     6967.000     7022.000     6957.000     6957.150
  1185:       79.000     7048.000     7123.000     7073.000     7093.000
  1190:       79.000        0.000        0.000        0.000        0.000
  1195:       79.000     7058.000     7113.000     7048.000     7048.150
  1200:       80.000     7140.000     7215.000     7165.000     7185.000
  1205:       80.000        0.000        0.000        0.000        0.000
  1210:       80.000     7150.000     7205.000     7140.000     7140.150
  1215:       81.000     7231.000     7306.000     7256.000     7276.000
  1220:       81.000        0.000        0.000        0.000        0.000
  1225:       81.000     7241.000     7296.000     7231.000     7231.150
  1230:       82.000     7320.000     7395.000     7345.000     7365.000
  1235:       82.000        0.000        0.000        0.000        0.000
  1240:       82.000     7330.000     7385.000     7320.000     7320.150
  1245:       83.000     7408.000     7483.000     7433.000     7453.000
  1250:       83.000        0.000        0.000        0.000        0.000
  1255:       83.000     7418.000     7473.000     7408.000     7408.150
  1260:       84.000     7502.000     7577.000     7527.000     7547.000
  1265:       84.000        0.000        0.000        0.000        0.000
  1270:       84.000     7512.000     7567.000     7502.000     7502.150
  1275:       85.000     7591.000     7666.000     7616.000     7636.000
  1280:       85.000        0.000        0.000        0.000        0.000
  1285:       85.000     7601.000     7656.000     7591.000     7591.150
  1290:       86.000     7679.000     7754.000     7704.000     7713.490
  1295:       86.000     7728.490     7729.490     7708.490     7728.490
  1300:       86.000     7689.000     7744.000     7679.000     7679.150
  1305:       87.000     7766.000     7841.000     7791.000     7798.550
  1310:       87.000     7813.550     7814.550     7793.550     7813.550
  1315:       87.000     7776.000     7831.000     7766.000     7766.150
  1320:       88.000     7854.000     7929.000     7879.000     7884.620
  1325:       88.000     7899.620     7900.620     7879.620     7899.620
  1330:       88.000     7864.000     7919.000     7854.000     7854.150
  1335:       89.000     7943.000     8018.000     7968.000     7973.450
  1340:       89.000     7988.450     7989.450     7968.450     7988.450
  1345:       89.000     7953.000     8008.000     7943.000     7943.150
  1350:       90.000     8031.000     8106.000     8056.000     8076.740
  1355:       90.000     8091.740     8092.740     8071.740     8091.740
  1360:       90.000     8041.000     8096.000     8031.000     8031.150
  1365:       91.000     8120.000     8195.000     8145.000     8159.040
  1370:       91.000     8174.040     8175.040     8154.040     8174.040
  1375:       91.000     8130.000     8185.000     8120.000     8120.150
  1380:       92.000     8209.000     8284.000     8234.000     8239.560
  1385:       92.000     8254.560     8255.560     8234.560     8254.560
  1390:       92.000     8219.000     8274.000     8209.000     8209.150
  1395:       93.000     8296.000     8371.000     8321.000     8344.590
  1400:       93.000     8359.590     8360.590     8339.590     8359.590
  1405:       93.000     8306.000     8361.000     8296.000     8296.150
  1410:       94.000     8388.000     8463.000     8413.000     8421.610
  1415:       94.000     8436.610     8437.610     8416.610     8436.610
  1420:       94.000     8398.000     8453.000     8388.000     8388.150
  1425:       95.000     8474.000     8549.000     8499.000     8504.230
  1430:       95.000     8519.230     8520.230     8499.230     8519.230
  1435:       95.000     8484.000     8539.000     8474.000     8474.150
  1440:       96.000     8565.000     8640.000     8590.000     8595.500
  1445:       96.000     8610.500     8611.500     8590.500     8610.500
  1450:       96.000     8575.000     8630.000     8565.000     8565.150
  1455:       97.000     8654.000     8729.000     8679.000     8684.430
  1460:       97.000     8699.430     8700.430     8679.430     8699.430
  1465:       97.000     8664.000     8719.000     8654.000     8654.150
  1470:       98.000     8744.000     8819.000     8769.000     8779.590
  1475:       98.000     8794.590     8795.590     8774.590     8794.590
  1480:       98.000     8754.000     8809.000     8744.000     8744.150
  1485:       99.000     8833.000     8908.000     8858.000     8863.650
  1490:       99.000     8878.650     8879.650     8858.650     8878.650
  1495:       99.000     8843.000     8898.000     8833.000     8833.150
  1500:      100.000     8925.000     9000.000     8950.000     8960.970
  1505:      100.000     8975.970     8976.970     8955.970     8975.970
  1510:      100.000     8935.000     8990.000     8925.000     8925.150
F:
     0:      121.490      121.630      121.690      154.580      235.470
     5:      235.630      238.270      238.480      239.900      257.040
    10:      295.310      323.460      323.510      324.110      325.450
    15:      325.520      325.860      327.580      327.750      329.610
    20:      330.050      332.030      340.080      399.690      411.330
    25:      412.890      413.280      415.910      417.530      417.760
    30:      420.710      420.740      420.890      502.980      507.590
    35:      511.620      604.410      604.840      656.830      657.160
    40:      659.960      660.130      665.270      668.520      682.370
    45:      688.860      689.040      690.270      691.820      694.060
    50:      694.160      694.360      776.690      782.590      782.710
    55:      784.810      866.270      866.860      873.840      874.340
    60:      874.530      934.590      939.730      940.140      962.620
    65:      963.040      966.770      966.950      967.860      970.430
    70:     1047.880     1049.830     1051.290     1051.940     1052.760
    75:     1053.030     1054.320     1056.990     1057.350     1057.390
    80:     1059.320     1059.580     1137.500     1139.670     1139.820
    85:     1143.730     1143.870     1147.100     1147.320     1148.940
    90:     1239.380     1241.950     1320.060     1322.150     1322.300
    95:     1324.450     1324.570     1325.810     1328.380     1328.700
   100:     1328.760     1328.840     1391.010     1408.920     1409.180
   105:     1409.280     1413.220     1413.640     1413.820     1416.100
   110:     1416.200     1416.340     1417.780     1417.900     1417.960
   115:     1418.250     1418.390     1418.570     1418.730     1419.010
   120:     1419.390     1419.640     1419.800     1421.710     1496.660
   125:     1504.160     1504.270     1506.820     1575.160     1585.680
   130:     1589.780     1591.760     1591.840     1592.250     1592.310
   135:     1593.940     1593.970     1594.230     1594.330     1594.830
   140:     1594.920     1594.960     1595.050     1596.480     1596.760
   145:     1596.880     1596.960     1597.050     1597.390     1597.660
   150:     1599.820     1663.300     1676.900     1678.950     1680.160
   155:     1682.300     1682.310     1682.340     1682.400     1682.460
   160:     1682.690     1682.730     1682.820     1683.200     1684.330
   165:     1684.610     1686.610     1686.650     1691.070     1762.370
   170:     1765.040     1765.080     1766.830     1766.840     1767.960
   175:     1768.200     1769.090     1769.930     1770.090     1770.120
   180:     1770.730     1771.120     1772.390     1772.590     1773.360
   185:     1773.560     1774.780     1774.900     1775.740     1781.840
   190:     1841.530     1850.720     1851.630     1851.660     1851.730
   195:     1854.380     1855.240     1855.900     1856.060     1856.080
   200:     1857.660     1857.720     1858.000     1858.210     1858.350
   205:     1858.460     1860.140     1860.190     1860.410     1860.780
   210:     1861.020     1861.090     1861.300     1861.390     1861.470
   215:     1861.860     1861.940     1862.070     1862.380     1863.790
   220:     1930.170     1950.470     1951.720     1954.880     1955.220
   225:     1956.170     1956.730     2039.190     2039.910     2040.660
   230:     2040.840     2047.380     2048.730     2049.780     2049.860
   235:     2050.030     2050.230     2123.690     2124.780     2124.910
   240:     2125.670     2125.830     2126.440     2127.400     2127.870
   245:     2128.120     2128.230     2128.300     2128.690     2129.920
   250:     2130.010     2130.830     2131.400     2131.640     2131.930
   255:     2131.970     2133.040     2133.370     2133.520     2133.960
   260:     2134.100     2135.590     2135.730     2135.960     2135.990
   265:     2136.350     2136.440     2137.000     2137.130     2137.300
   270:     2137.340     2137.430     2137.510     2140.060     2225.880
   275:     2228.520     2228.570     2229.570     2229.680     2308.760
   280:     2312.500     2314.970     2315.010     2316.070     2316.400
   285:     2316.590     2316.640     2316.850     2316.870     2319.570
   290:     2319.680     2320.230     2320.460     2320.620     2322.000
   295:     2326.240     2403.070     2404.260     2405.520     2407.120
   300:     2408.400     2408.630     2409.110     2409.460     2409.590
   305:     2409.990     2410.920     2410.980     2411.260     2411.540
   310:     2418.390     2418.590     2419.190     2477.580     2499.580
   315:     2584.780     2587.120     2587.790     2587.930     2588.730
   320:     2590.470     2590.770     2592.150     2593.210     2593.260
   325:     2593.450     2593.910     2593.970     2594.210     2594.350
   330:     2594.420     2594.510     2594.610     2595.270     2595.360
   335:     2595.450     2595.470     2596.290     2596.430     2597.010
   340:     2597.030     2609.350     2672.890     2677.570     2679.240
   345:     2682.050     2682.740     2682.940     2683.030     2683.170
   350:     2683.270     2683.540     2684.700     2684.740     2684.950
   355:     2684.990     2685.230     2685.260     2685.400     2685.690
   360:     2685.860     2686.010     2687.040     2690.090     2764.840
   365:     2765.070     2766.570     2766.730     2768.430     2768.870
   370:     2770.290     2772.820     2773.240     2774.230     2776.490
   375:     2851.570     2855.690     2856.390     2857.970     2858.580
   380:     2860.500     2860.660     2861.790     2862.450     2862.560
   385:     2862.930     2863.060     2863.180     2863.470     2863.690
   390:     2863.770     2863.990     2864.110     2865.190     2934.920
   395:     2935.030     2942.790     2943.010     2946.400     2948.610
   400:     2949.110     2949.390     2949.570     2949.640     2951.800
   405:     2953.750     2956.100     2958.380     2958.420     3016.350
   410:     3038.290     3039.870     3040.260     3040.400     3040.630
   415:     3042.840     3043.170     3046.320     3046.480     3047.020
   420:     3047.130     3047.250     3122.440     3123.430     3123.480
   425:     3123.610     3124.040     3124.250     3124.460     3124.570
   430:     3124.820     3126.610     3127.360     3127.390     3127.520
   435:     3127.710     3127.950     3128.760     3130.970     3131.060
   440:     3131.340     3131.820     3131.950     3132.110     3132.240
   445:     3133.910     3138.390     3138.430     3202.910     3212.220
   450:     3213.500     3213.820     3215.420     3216.140     3216.590
   455:     3220.420     3220.560     3220.680     3220.860     3221.010
   460:     3221.200     3223.970     3224.070     3224.280     3224.490
   465:     3224.660     3224.810     3225.290     3226.270     3226.410
   470:     3308.590     3310.120     3310.750     3310.960     3313.860
   475:     3313.980     3314.250     3314.290     3314.770     3314.850
   480:     3314.910     3316.180     3317.040     3317.300     3317.550
   485:     3317.740     3318.170     3318.360     3318.430     3319.870
   490:     3319.900     3320.570     3322.550     3396.680     3397.830
   495:     3399.220     3400.070     3400.240     3400.390     3401.030
   500:     3402.540     3402.620     3404.230     3404.420     3404.590
   505:     3405.360     3405.470     3405.500     3405.970     3406.970
   510:     3407.030     3407.140     3407.220     3407.780     3407.840
   515:     3408.040     3408.160     3408.540     3408.600     3408.640
   520:     3408.810     3408.930     3409.150     3410.060     3410.210
   525:     3412.270     3412.660     3419.990     3420.380     3491.130
   530:     3491.590     3492.320     3493.030     3493.410     3493.680
   535:     3495.670     3495.860     3498.360     3498.850     3498.930
   540:     3499.790     3500.980     3502.870     3502.900     3502.960
   545:     3503.220     3503.340     3503.480     3508.460     3584.330
   550:     3585.060     3588.110     3588.260     3588.400     3588.680
   555:     3591.790     3591.980     3592.360     3592.430     3593.650
   560:     3593.860     3595.440     3595.460     3595.580     3597.860
   565:     3600.410     3688.450     3689.450     3689.460     3693.590
   570:     3695.590     3695.640     3695.800     3696.180     3768.270
   575:     3772.060     3772.130     3772.310     3774.470     3776.450
   580:     3777.020     3778.300     3878.600     3878.660     3878.820
   585:     3881.510     3945.490     3949.120     3949.350     3949.500
   590:     3951.790     3953.600     3953.780     3954.380     3954.670
   595:     3954.750     3954.840     3955.820     3955.930     3958.820
   600:     3958.890     4040.670     4040.740     4041.750     4042.830
   605:     4043.660     4043.940     4044.140     4045.120     4045.980
   610:     4046.790     4046.910     4047.110     4047.200     4047.320
   615:     4048.410     4048.580     4050.590     4051.030     4051.190
   620:     4116.390     4131.200     4132.740     4135.300     4136.050
   625:     4138.510     4223.340     4224.720     4224.800     4225.080
   630:     4225.810     4228.040     4228.410     4229.280     4231.790
   635:     4234.960     4315.190     4317.350     4318.960     4319.180
   640:     4319.510     4322.130     4322.150     4322.270     4322.410
   645:     4322.440     4322.720     4323.830     4325.450     4488.830
   650:     4491.370     4491.490     4493.000     4493.350     4493.650
   655:     4495.990     4496.340     4496.860     4581.840     4584.230
   660:     4586.190     4587.610     4587.720     4587.950     4588.190
   665:     4588.440     4589.150     4589.420     4589.450     4591.840
   670:     4591.920     4594.220     4594.280     4672.270     4673.860
   675:     4674.090     4676.720     4676.990     4677.630     4677.680
   680:     4679.840     4679.990     4680.290     4680.730     4681.570
   685:     4681.930     4682.540     4683.440     4687.810     4773.060
   690:     4778.180     4778.420     4778.940     4779.060     4779.120
   695:     4781.600     4783.410     4783.640     4783.770     4857.610
   700:     4861.350     4861.860     4862.140     4864.120     4864.290
   705:     4864.750     4865.810     4865.970     4866.200     4866.300
   710:     4866.760     4866.810     4866.920     4867.030     4867.220
   715:     4867.280     4867.480     4867.660     4867.880     5389.410
   720:     5389.420     5397.040     5398.700     5459.800     5470.590
   725:     5472.400     5472.860     5474.400     5474.930     5475.210
   730:     5475.270     5475.410     5475.590     5475.820     5478.300
   735:     5478.420     5478.780     5478.860     5480.810     5480.980
   740:     5483.290     5485.120     5488.710     5568.060     5568.710
   745:     5568.830     5569.210     5569.470     5569.640     5569.660
   750:     5570.500     5627.510     5627.670     5640.380     5640.440
   755:     5644.190     5644.240     5646.440     5646.480     5647.570
   760:     5648.720     5650.380     5651.330     5651.780     5651.880
   765:     5652.480     5652.640     5654.810     5657.280     5733.950
   770:     5736.450     5736.950     5738.220     5738.380     5741.140
   775:     5741.390     5741.510     5744.190     5744.340     5744.420
   780:     5745.160     5745.240     5745.450     5746.260     5746.430
   785:     5748.730     5749.130     5750.760     5843.230     5843.450
   790:     5848.880     5911.170     5915.790     5915.810     5916.370
   795:     5916.710     5918.670     5918.810     5919.100     5919.240
   800:     5919.520     5919.670     5919.750     5921.230     5921.350
   805:     5922.570     5922.690     5926.020     6007.640     6010.980
   810:     6011.590     6011.700     6086.300     6089.590     6090.260
   815:     6090.960     6093.730     6093.750     6093.880     6093.970
   820:     6094.170     6094.230     6094.430     6094.540     6096.460
   825:     6096.540     6096.660     6097.260     6099.210     6099.260
   830:     6099.390     6099.730     6100.060     6187.420     6189.020
   835:     6192.060     6192.580     6193.100     6193.330     6193.400
   840:     6197.300     6197.340     6197.440     6197.880     6198.000
   845:     6198.450     6273.220     6276.030     6276.050     6276.190
   850:     6276.310     6281.640     6281.700     6281.740     6282.070
   855:     6282.150     6282.240     6283.740     7721.990     7723.850
   860:     7723.910     7724.030     7724.080     7724.250     7728.910
   865:     7733.000     7733.050     7804.350     7807.190     7807.240
   870:     7809.600     7809.770     7811.550     7811.630     7812.010
   875:     7812.150     7812.290     7813.970     7815.930     7889.160
   880:     7889.590     7893.690     7894.620     7894.740     7896.460
   885:     7896.530     7896.740     7896.930     7897.120     7897.410
   890:     7897.710     7900.160     7980.490     7983.420     7983.770
   895:     7983.860     7983.910     7985.070     7985.150     7985.240
   900:     7985.900     7985.990     7986.110     7986.220     7987.840
   905:     7988.280     7988.390     7988.580     8083.470     8085.630
   910:     8089.000     8091.470     8091.540     8091.890     8094.390
   915:     8162.560     8163.060     8164.030     8167.940     8167.990
   920:     8168.080     8168.290     8168.450     8168.680     8168.840
   925:     8169.030     8169.240     8169.430     8169.700     8172.320
   930:     8173.790     8173.950     8173.990     8174.060     8178.480
   935:     8179.460     8179.500     8179.740     8233.970     8255.100
   940:     8349.230     8349.390     8349.490     8355.590     8355.630
   945:     8355.880     8356.220     8356.270     8356.640     8356.800
   950:     8358.290     8358.430     8358.680     8358.760     8358.910
   955:     8359.070     8359.270     8359.390     8359.510     8424.690
   960:     8428.050     8430.940     8431.110     8431.290     8431.500
   965:     8433.110     8433.690     8433.810     8435.800     8435.840
   970:     8435.940     8436.550     8436.620     8441.630     8505.610
   975:     8508.310     8509.990     8510.530     8510.790     8512.730
   980:     8512.750     8513.150     8513.430     8513.610     8513.890
   985:     8514.340     8514.940     8515.040     8516.220     8516.310
   990:     8516.360     8518.110     8518.180     8518.260     8518.870
   995:     8519.120     8523.040     8523.110     8523.300     8599.860
  1000:     8602.710     8603.010     8603.320     8603.400     8603.620
  1005:     8603.800     8603.920     8607.940     8608.320     8608.510
  1010:     8608.810     8609.080     8609.190     8609.380     8610.850
  1015:     8685.770     8689.580     8690.010     8694.540     8696.600
  1020:     8696.820     8696.990     8697.290     8697.560     8697.580
  1025:     8699.610     8699.760     8699.800     8788.200     8788.220
  1030:     8790.210     8792.020     8795.000     8865.450     8873.200
  1035:     8873.630     8874.120     8875.940     8875.950     8876.050
  1040:     8878.780     8878.890     8970.850     8970.980     8971.070
  1045:     8972.220     8973.580     8973.640     8973.810     8974.360
  1050:     8974.400     8974.520     8974.650     8974.680     8974.910
  1055:     8976.350
G:
     0:      106.840      106.990      363.380      366.220      370.780
     5:      373.240      375.400      379.900      380.330      444.450
    10:      461.790      541.790      721.510      732.640      732.830
    15:      814.900      924.240      929.070     1099.490     1447.090
    20:     1447.350     1447.760     1802.590     1804.110     3523.780
    25:     3886.200     3886.280     3887.270     3887.320     3891.020
    30:     3891.250     3891.820     3891.900     3894.050     3894.070
    35:     3894.130     3894.210     3895.110     3895.250     3896.070
    40:     3898.000     3898.050     3899.160     3901.190     3903.150
    45:     3903.370     3904.600     3905.830     3907.640     4354.740
    50:     4785.750     4786.150     4786.220     4786.360     4786.390
    55:     4788.210     4788.290     4788.760     4789.210     4789.320
    60:     4789.520     4789.570     4790.230     4790.680     4791.190
    65:     4791.230     4793.990     4794.250     4794.430     4794.740
    70:     4795.850     4796.290     4796.880     4801.870     4803.070
    75:     4803.690     4804.010     5325.080     5325.160     5325.380
    80:     5325.440     5327.870     5328.140     5328.650     5328.880
    85:     5330.740     5330.810     5331.510     5331.620     5332.210
    90:     5332.240     5332.420     5332.550     5335.420     5335.580
    95:     5336.680     5337.550     5338.040     5341.380     5343.460
   100:     5420.090     5854.140     5856.900     5857.000     5857.270
   105:     5857.340     5858.040     5858.240     5868.950     5876.430
   110:     5876.810     5955.110
H:
I:
K:
L:
     0:      219.640      220.810      221.890      224.400      311.750
     5:      312.980      314.430      314.900      315.730      400.540
    10:      401.780      491.300      491.590      492.530      493.240
    15:      493.620      584.750      586.790      671.500      671.860
    20:      672.090      764.510      767.260      767.930      854.130
    25:      854.670      855.250      947.410      948.240      950.580
    30:     1039.420     1040.550     1128.510     1221.530     1223.170
    35:     1223.770     1308.890     1311.760     1399.460     1400.460
    40:     1486.450     1489.160     1577.300     1664.480     1666.780
    45:     1669.080     1755.410     1755.650     1757.270     1843.390
    50:     1936.310     1936.940     2030.090     2030.570     2117.410
    55:     2120.000     2209.680     2301.640     2391.590     2479.280
    60:     2480.950     2577.110     2580.830     2666.740     2667.050
    65:     2667.630     2668.580     2754.110     2755.670     2844.860
    70:     2845.130     2846.950     2847.920     2935.670     2937.550
    75:     2937.840     3027.130     3030.420     3031.970     3113.540
    80:     3206.210     3206.730     3209.190     3300.400     3389.830
    85:     3393.050     3393.510     3483.480     3485.120     3486.880
    90:     3577.520     3578.090     3578.310     3675.850     3757.950
    95:     3935.510     3937.090     3937.580     3939.840     4028.210
   100:     4030.100     4118.180     4118.460     4119.010     4121.110
   105:     4211.660     4305.210     4306.900     4476.850     4571.620
   110:     4572.790     4575.280     4663.050     4666.410     4667.200
   115:     4847.530     4850.770     4851.210     5378.320     5378.880
   120:     5380.310     5380.840     5381.100     5382.770     5460.590
   125:     5461.280     5461.620     5550.090     5552.410     5634.490
   130:     5726.040     5728.930     5902.690     5991.400     5995.190
   135:     6079.690     6081.470     6178.210     6178.750     6180.510
   140:     6182.360     6183.030     6263.370     6263.760     6264.140
   145:     6264.640     6264.810     6265.630     6267.620     7708.490
   150:     7793.550     7794.250     7795.530     7795.810     7798.490
   155:     7879.620     7880.780     7968.450     7969.410     8071.740
   160:     8075.480     8154.040     8154.950     8157.450     8158.380
   165:     8234.560     8235.120     8235.430     8339.590     8341.280
   170:     8341.740     8343.330     8416.610     8417.420     8418.030
   175:     8419.880     8499.230     8499.480     8500.400     8502.340
   180:     8590.500     8590.790     8679.430     8774.590     8775.590
   185:     8858.650     8859.780     8860.250     8955.970     8956.430
   190:     8958.760     8959.080     8959.780
M:
     0:       10.000       12.000       12.000       13.000       14.000
     5:       17.000       12.000       15.000       16.000       14.000
    10:       12.000       15.000       14.000       14.000       12.000
    15:       14.000       15.000       14.000       16.000       10.000
    20:       15.000       14.000       16.000       17.000       15.000
    25:       14.000       18.000       12.000       14.000       16.000
    30:       11.000       13.000       13.000       14.000       15.000
    35:       18.000       13.000       16.000       17.000       15.000
    40:       13.000       16.000       15.000       15.000       13.000
    45:       15.000       16.000       15.000       17.000       11.000
    50:       16.000       15.000       17.000       18.000       16.000
    55:       15.000       19.000       13.000       15.000       17.000
    60:       12.000       14.000       14.000       15.000       16.000
    65:       19.000       14.000       17.000       18.000       16.000
    70:       14.000       17.000       16.000       16.000       14.000
    75:       16.000       17.000       16.000       18.000       12.000
    80:       17.000       16.000       18.000       19.000       17.000
    85:       16.000       20.000       14.000       16.000       19.000
    90:       13.000       14.000       13.000       19.000       13.000
    95:       15.000       14.000       13.000       14.000
P:
     0:      239.640      240.140      240.640      331.750      332.250
     5:      332.750      420.540      421.040      421.540      511.300
    10:      511.800      512.300      604.750      605.250      605.750
    15:      691.500      692.000      692.500      784.510      785.010
    20:      785.510      874.130      874.630      875.130      967.410
    25:      967.910      968.410     1059.420     1059.920     1060.420
    30:     1148.510     1149.010     1149.510     1241.530     1242.030
    35:     1242.530     1328.890     1329.390     1329.890     1419.460
    40:     1419.960     1420.460     1506.450     1506.950     1507.450
    45:     1597.300     1597.800     1598.300     1684.480     1684.980
    50:     1685.480     1775.410     1775.910     1776.410     1863.390
    55:     1863.890     1864.390     1956.310     1956.810     1957.310
    60:     2050.090     2050.590     2051.090     2137.410     2137.910
    65:     2138.410     2229.680     2230.180     2230.680     2321.640
    70:     2322.140     2322.640     2411.590     2412.090     2412.590
    75:     2499.280     2499.780     2500.280     2597.110     2597.610
    80:     2598.110     2686.740     2687.240     2687.740     2774.110
    85:     2774.610     2775.110     2864.860     2865.360     2865.860
    90:     2955.670     2956.170     2956.670     3047.130     3047.630
    95:     3048.130     3133.540     3134.040     3134.540     3226.210
   100:     3226.710     3227.210     3320.400     3320.900     3321.400
   105:     3409.830     3410.330     3410.830     3503.480     3503.980
   110:     3504.480     3597.520     3598.020     3598.520     3695.850
   115:     3696.350     3696.850     3777.950     3778.450     3778.950
   120:     3955.510     3956.010     3956.510     4048.210     4048.710
   125:     4049.210     4138.180     4138.680     4139.180     4231.660
   130:     4232.160     4232.660     4325.210     4325.710     4326.210
   135:     4496.850     4497.350     4497.850     4591.620     4592.120
   140:     4592.620     4683.050     4683.550     4684.050     4867.530
   145:     4868.030     4868.530     5398.320     5398.820     5399.320
   150:     5480.590     5481.090     5481.590     5570.090     5570.590
   155:     5571.090     5654.490     5654.990     5655.490     5746.040
   160:     5746.540     5747.040     5922.690     5923.190     5923.690
   165:     6011.400     6011.900     6012.400     6099.690     6100.190
   170:     6100.690     6198.210     6198.710     6199.210     6283.370
   175:     6283.870     6284.370     7728.490     7728.990     7729.490
   180:     7813.550     7814.050     7814.550     7899.620     7900.120
   185:     7900.620     7988.450     7988.950     7989.450     8091.740
   190:     8092.240     8092.740     8174.040     8174.540     8175.040
   195:     8254.560     8255.060     8255.560     8359.590     8360.090
   200:     8360.590     8436.610     8437.110     8437.610     8519.230
   205:     8519.730     8520.230     8610.500     8611.000     8611.500
   210:     8699.430     8699.930     8700.430     8794.590     8795.090
   215:     8795.590     8878.650     8879.150     8879.650     8975.970
   220:     8976.470     8976.970
R:
     0:      219.640      311.750      400.540      491.300      584.750
     5:      671.500      764.510      854.130      947.410     1039.420
    10:     1128.510     1221.530     1308.890     1399.460     1486.450
    15:     1577.300     1664.480     1755.410     1843.390     1936.310
    20:     2030.090     2117.410     2209.680     2301.640     2391.590
    25:     2479.280     2577.110     2666.740     2754.110     2844.860
    30:     2935.670     3027.130     3113.540     3206.210     3300.400
    35:     3389.830     3483.480     3577.520     3675.850     3757.950
    40:     3935.510     4028.210     4118.180     4211.660     4305.210
    45:     4476.850     4571.620     4663.050     4847.530     5378.320
    50:     5460.590     5550.090     5634.490     5726.040     5902.690
    55:     5991.400     6079.690     6178.210     6263.370     7708.490
    60:     7793.550     7879.620     7968.450     8071.740     8154.040
    65:     8234.560     8339.590     8416.610     8499.230     8590.500
    70:     8679.430     8774.590     8858.650     8955.970
V:
W:
     0:        1.000        1.000        1.000        1.000        1.000
     5:        1.000        1.000        1.000        1.000        1.000
    10:        1.000        1.000        1.000        1.000        1.000
    15:        1.000        1.000        1.000        1.000        1.000
    20:        1.000        1.000        1.000        1.000        1.000
    25:        1.000        1.000        1.000        1.000        1.000
    30:        1.000        1.000        1.000        1.000        1.000
    35:        1.000
X:
     0:       15.000       15.150      102.000      102.150      193.000
     5:      193.150      284.000      284.150      375.000      375.150
    10:      466.000      466.150      559.000      559.150      646.000
    15:      646.150      739.000      739.150      829.000      829.150
    20:      922.000      922.150     1014.000     1014.150     1103.000
    25:     1103.150     1194.000     1194.150     1283.000     1283.150
    30:     1374.000     1374.150     1461.000     1461.150     1552.000
    35:     1552.150     1639.000     1639.150     1730.000     1730.150
    40:     1818.000     1818.150     1911.000     1911.150     2004.000
    45:     2004.150     2092.000     2092.150     2184.000     2184.150
    50:     2274.000     2274.150     2364.000     2364.150     2454.000
    55:     2454.150     2549.000     2549.150     2639.000     2639.150
    60:     2729.000     2729.150     2818.000     2818.150     2910.000
    65:     2910.150     3001.000     3001.150     3087.000     3087.150
    70:     3181.000     3181.150     3275.000     3275.150     3364.000
    75:     3364.150     3458.000     3458.150     3552.000     3552.150
    80:     3640.000     3640.150     3729.000     3729.150     3820.000
    85:     3820.150     3910.000     3910.150     4001.000     4001.150
    90:     4093.000     4093.150     4184.000     4184.150     4274.000
    95:     4274.150     4361.000     4361.150     4451.000     4451.150
   100:     4543.000     4543.150     4632.000     4632.150     4719.000
   105:     4719.150     4809.000     4809.150     4900.000     4900.150
   110:     4989.000     4989.150     5080.000     5080.150     5170.000
   115:     5170.150     5258.000     5258.150     5350.000     5350.150
   120:     5435.000     5435.150     5520.000     5520.150     5609.000
   125:     5609.150     5697.000     5697.150     5786.000     5786.150
   130:     5876.000     5876.150     5966.000     5966.150     6054.000
   135:     6054.150     6143.000     6143.150     6233.000     6233.150
   140:     6323.000     6323.150     6411.000     6411.150     6500.000
   145:     6500.150     6592.000     6592.150     6681.000     6681.150
   150:     6774.000     6774.150     6866.000     6866.150     6957.000
   155:     6957.150     7048.000     7048.150     7140.000     7140.150
   160:     7231.000     7231.150     7320.000     7320.150     7408.000
   165:     7408.150     7502.000     7502.150     7591.000     7591.150
   170:     7679.000     7679.150     7766.000     7766.150     7854.000
   175:     7854.150     7943.000     7943.150     8031.000     8031.150
   180:     8120.000     8120.150     8209.000     8209.150     8296.000
   185:     8296.150     8388.000     8388.150     8474.000     8474.150
   190:     8565.000     8565.150     8654.000     8654.150     8744.000
   195:     8744.150     8833.000     8833.150     8925.000     8925.150
Y:
Z:
     0:        0.000       74.000      193.000        0.000        0.000
     5:        0.000      222.000      200.000        0.000        0.000
    10:        0.000     1056.000      112.000        0.000        0.000
    15:        0.000
